     0     0      486.00     1107.00        0.00
     0     0      476.00     1109.00        0.00
     0     0      470.00     1109.00        0.00
     0     0      462.00     1107.00        0.00
     0     0      456.00     1105.00        0.00
     0     0      450.00     1103.00        0.00
     0     0      442.00     1101.00        0.00
     0     0      436.00     1099.00        0.00
     0     0      430.00     1097.00        0.00
     0     0      424.00     1095.00        0.00
     0     0      418.00     1093.00        0.00
     0     0      414.00     1089.00        0.00
     0     0      408.00     1089.00        0.00
     0     0      404.00     1085.00        0.00
     0     0      398.00     1083.00        0.00
     0     0      392.00     1079.00        0.00
     0     0      386.00     1077.00        0.00
     0     0      378.00     1075.00        0.00
     0     0      372.00     1073.00        0.00
     0     0      362.00     1069.00        0.00
     0     0      356.00     1067.00        0.00
     0     0      350.00     1065.00        0.00
     0     0      344.00     1063.00        0.00
     0     0      338.00     1061.00        0.00
     0     0      332.00     1059.00        0.00
     0     0      326.00     1057.00        0.00
     0     0      320.00     1055.00        0.00
     0     0      312.00     1051.00        0.00
     0     0      306.00     1049.00        0.00
     0     0      300.00     1047.00        0.00
     0     0      292.00     1045.00        0.00
     0     0      286.00     1043.00        0.00
     0     0      278.00     1041.00        0.00
     0     0      272.00     1037.00        0.00
     0     0      264.00     1035.00        0.00
     0     0      258.00     1033.00        0.00
     0     0      252.00     1031.00        0.00
     0     0      246.00     1029.00        0.00
     0     0      238.00     1025.00        0.00
     0     0      230.00     1023.00        0.00
     0     0      222.00     1019.00        0.00
     0     0      214.00     1017.00        0.00
     0     0      208.00     1015.00        0.00
     0     0      200.00     1013.00        0.00
     0     0      190.00     1011.00        0.00
     0     0      182.00     1009.00        0.00
     0     0      176.00     1007.00        0.00
     0     0      170.00     1005.00        0.00
     0     0      162.00     1003.00        0.00
     0     0      156.00     1001.00        0.00
     0     0      150.00     1001.00        0.00
     0     0      138.00      999.00        0.00
     0     0      132.00      999.00        0.00
     0     0      126.00      997.00        0.00
     0     0      120.00      997.00        0.00
     0     0      110.00      995.00        0.00
     0     0      104.00      995.00        0.00
     0     0       98.00      993.00        0.00
     0     0       92.00      993.00        0.00
     0     0       86.00      991.00        0.00
     0     0       80.00      991.00        0.00
     0     0       72.00      989.00        0.00
     0     0       66.00      987.00        0.00
     0     0       58.00      985.00        0.00
     0     0       54.00      981.00        0.00
     0     0       48.00      981.00        0.00
     0     0       42.00      979.00        0.00
     0     0       36.00      977.00        0.00
     0     0       30.00      975.00        0.00
     0     0       24.00      971.00        0.00
     0     0       18.00      969.00        0.00
     0     0       14.00      965.00        0.00
     0     0        8.00      961.00        0.00
     0     0        2.00      959.00        0.00
     0     0       -4.00      953.00        0.00
     0     0        2.00      953.00        0.00
     0     0        8.00      957.00        0.00
     0     0       14.00      959.00        0.00
     0     0       22.00      961.00        0.00
     0     0       28.00      963.00        0.00
     0     0       34.00      965.00        0.00
     0     0       40.00      967.00        0.00
     0     0       44.00      971.00        0.00
     0     0       50.00      973.00        0.00
     0     0       56.00      977.00        0.00
     0     0       62.00      979.00        0.00
     0     0       70.00      981.00        0.00
     0     0       76.00      981.00        0.00
     0     0       82.00      983.00        0.00
     0     0       88.00      985.00        0.00
     0     0       94.00      985.00        0.00
     0     0      100.00      985.00        0.00
     0     0      106.00      987.00        0.00
     0     0      112.00      989.00        0.00
     0     0      118.00      991.00        0.00
     0     0      124.00      991.00        0.00
     0     0      130.00      993.00        0.00
     0     0      136.00      993.00        0.00
     0     0      142.00      993.00        0.00
     0     0      150.00      993.00        0.00
     0     0      156.00      995.00        0.00
     0     0      162.00      997.00        0.00
     0     0      168.00      999.00        0.00
     0     0      176.00     1001.00        0.00
     0     0      182.00     1001.00        0.00
     0     0      188.00     1003.00        0.00
     0     0      194.00     1005.00        0.00
     0     0      200.00     1007.00        0.00
     0     0      208.00     1009.00        0.00
     0     0      214.00     1011.00        0.00
     0     0      220.00     1013.00        0.00
     0     0      226.00     1015.00        0.00
     0     0      232.00     1017.00        0.00
     0     0      238.00     1019.00        0.00
     0     0      244.00     1019.00        0.00
     0     0      250.00     1021.00        0.00
     0     0      256.00     1023.00        0.00
     0     0      262.00     1023.00        0.00
     0     0      268.00     1025.00        0.00
     0     0      276.00     1027.00        0.00
     0     0      284.00     1029.00        0.00
     0     0      290.00     1029.00        0.00
     0     0      296.00     1031.00        0.00
     0     0      302.00     1033.00        0.00
     0     0      308.00     1033.00        0.00
     0     0      314.00     1035.00        0.00
     0     0      322.00     1035.00        0.00
     0     0      330.00     1037.00        0.00
     0     0      338.00     1037.00        0.00
     0     0      346.00     1039.00        0.00
     0     0      352.00     1039.00        0.00
     0     0      358.00     1041.00        0.00
     0     0      366.00     1041.00        0.00
     0     0      374.00     1043.00        0.00
     0     0      380.00     1045.00        0.00
     0     0      386.00     1045.00        0.00
     0     0      394.00     1047.00        0.00
     0     0      402.00     1047.00        0.00
     0     0      410.00     1049.00        0.00
     0     0      416.00     1049.00        0.00
     0     0      424.00     1049.00        0.00
     0     0      430.00     1051.00        0.00
     0     0      436.00     1051.00        0.00
     0     0      442.00     1053.00        0.00
     0     0      452.00     1055.00        0.00
     0     0      458.00     1055.00        0.00
     0     0      466.00     1057.00        0.00
     0     0      472.00     1059.00        0.00
     0     0      478.00     1061.00        0.00
     0     0      486.00     1061.00        0.00
     0     0      494.00     1061.00        0.00
     0     0      502.00     1063.00        0.00
     0     0      510.00     1063.00        0.00
     0     0      518.00     1065.00        0.00
     0     0      528.00     1069.00        0.00
     0     0      534.00     1069.00        0.00
     0     0      540.00     1071.00        0.00
     0     0      546.00     1073.00        0.00
     0     0      554.00     1075.00        0.00
     0     0      560.00     1077.00        0.00
     0     0      566.00     1081.00        0.00
     0     0      576.00     1083.00        0.00
     0     0      582.00     1085.00        0.00
     0     0      590.00     1087.00        0.00
     0     0      600.00     1089.00        0.00
     0     0      606.00     1091.00        0.00
     0     0      612.00     1093.00        0.00
     0     0      618.00     1097.00        0.00
     0     0      622.00     1101.00        0.00
     0     0      624.00     1107.00        0.00
     0     0      626.00     1113.00        0.00
     0     0      622.00     1117.00        0.00
     0     0      618.00     1121.00        0.00
     0     0      612.00     1123.00        0.00
     0     0      604.00     1125.00        0.00
     0     0      598.00     1127.00        0.00
     0     0      592.00     1129.00        0.00
     0     0      586.00     1129.00        0.00
     0     0      580.00     1129.00        0.00
     0     0      574.00     1127.00        0.00
     0     0      570.00     1123.00        0.00
     0     0      564.00     1119.00        0.00
     0     0      558.00     1119.00        0.00
     0     0      554.00     1115.00        0.00
     0     0      548.00     1113.00        0.00
     0     0      542.00     1113.00        0.00
     0     0      534.00     1111.00        0.00
     0     0      528.00     1109.00        0.00
     0     0      522.00     1107.00        0.00
     0     0      516.00     1107.00        0.00
     0     1      684.00     1331.00        0.00
     0     1      670.00     1333.00        0.00
     0     1      662.00     1333.00        0.00
     0     1      656.00     1333.00        0.00
     0     1      650.00     1333.00        0.00
     0     1      644.00     1333.00        0.00
     0     1      638.00     1331.00        0.00
     0     1      632.00     1329.00        0.00
     0     1      628.00     1325.00        0.00
     0     1      624.00     1321.00        0.00
     0     1      620.00     1317.00        0.00
     0     1      616.00     1313.00        0.00
     0     1      612.00     1309.00        0.00
     0     1      608.00     1303.00        0.00
     0     1      604.00     1299.00        0.00
     0     1      602.00     1293.00        0.00
     0     1      598.00     1289.00        0.00
     0     1      596.00     1283.00        0.00
     0     1      594.00     1277.00        0.00
     0     1      594.00     1271.00        0.00
     0     1      594.00     1265.00        0.00
     0     1      594.00     1259.00        0.00
     0     1      598.00     1253.00        0.00
     0     1      598.00     1247.00        0.00
     0     1      600.00     1241.00        0.00
     0     1      602.00     1235.00        0.00
     0     1      604.00     1227.00        0.00
     0     1      606.00     1221.00        0.00
     0     1      608.00     1215.00        0.00
     0     1      610.00     1209.00        0.00
     0     1      616.00     1205.00        0.00
     0     1      622.00     1201.00        0.00
     0     1      628.00     1199.00        0.00
     0     1      634.00     1197.00        0.00
     0     1      640.00     1197.00        0.00
     0     1      648.00     1197.00        0.00
     0     1      654.00     1197.00        0.00
     0     1      660.00     1195.00        0.00
     0     1      666.00     1197.00        0.00
     0     1      672.00     1199.00        0.00
     0     1      676.00     1203.00        0.00
     0     1      682.00     1203.00        0.00
     0     1      688.00     1205.00        0.00
     0     1      692.00     1209.00        0.00
     0     1      696.00     1213.00        0.00
     0     1      702.00     1213.00        0.00
     0     1      708.00     1213.00        0.00
     0     1      716.00     1211.00        0.00
     0     1      722.00     1211.00        0.00
     0     1      728.00     1207.00        0.00
     0     1      736.00     1205.00        0.00
     0     1      744.00     1201.00        0.00
     0     1      750.00     1201.00        0.00
     0     1      756.00     1199.00        0.00
     0     1      762.00     1197.00        0.00
     0     1      768.00     1195.00        0.00
     0     1      774.00     1193.00        0.00
     0     1      780.00     1191.00        0.00
     0     1      786.00     1191.00        0.00
     0     1      792.00     1189.00        0.00
     0     1      798.00     1187.00        0.00
     0     1      804.00     1187.00        0.00
     0     1      810.00     1187.00        0.00
     0     1      818.00     1187.00        0.00
     0     1      824.00     1189.00        0.00
     0     1      830.00     1189.00        0.00
     0     1      836.00     1189.00        0.00
     0     1      846.00     1187.00        0.00
     0     1      854.00     1183.00        0.00
     0     1      860.00     1181.00        0.00
     0     1      866.00     1179.00        0.00
     0     1      872.00     1175.00        0.00
     0     1      878.00     1173.00        0.00
     0     1      888.00     1171.00        0.00
     0     1      894.00     1167.00        0.00
     0     1      900.00     1165.00        0.00
     0     1      906.00     1163.00        0.00
     0     1      912.00     1161.00        0.00
     0     1      920.00     1157.00        0.00
     0     1      924.00     1153.00        0.00
     0     1      930.00     1153.00        0.00
     0     1      936.00     1151.00        0.00
     0     1      942.00     1149.00        0.00
     0     1      950.00     1147.00        0.00
     0     1      944.00     1149.00        0.00
     0     1      938.00     1151.00        0.00
     0     1      932.00     1155.00        0.00
     0     1      926.00     1157.00        0.00
     0     1      918.00     1159.00        0.00
     0     1      912.00     1161.00        0.00
     0     1      906.00     1165.00        0.00
     0     1      900.00     1169.00        0.00
     0     1      894.00     1171.00        0.00
     0     1      888.00     1173.00        0.00
     0     1      882.00     1177.00        0.00
     0     1      874.00     1179.00        0.00
     0     1      868.00     1183.00        0.00
     0     1      862.00     1185.00        0.00
     0     1      858.00     1189.00        0.00
     0     1      854.00     1193.00        0.00
     0     1      850.00     1197.00        0.00
     0     1      846.00     1203.00        0.00
     0     1      842.00     1207.00        0.00
     0     1      838.00     1213.00        0.00
     0     1      834.00     1217.00        0.00
     0     1      828.00     1221.00        0.00
     0     1      824.00     1225.00        0.00
     0     1      820.00     1229.00        0.00
     0     1      816.00     1233.00        0.00
     0     1      810.00     1239.00        0.00
     0     1      804.00     1245.00        0.00
     0     1      800.00     1249.00        0.00
     0     1      796.00     1253.00        0.00
     0     1      792.00     1257.00        0.00
     0     1      788.00     1261.00        0.00
     0     1      784.00     1265.00        0.00
     0     1      778.00     1269.00        0.00
     0     1      774.00     1273.00        0.00
     0     1      770.00     1277.00        0.00
     0     1      764.00     1279.00        0.00
     0     1      756.00     1283.00        0.00
     0     1      750.00     1287.00        0.00
     0     1      744.00     1289.00        0.00
     0     1      740.00     1293.00        0.00
     0     1      736.00     1297.00        0.00
     0     2     1026.00     1189.00        0.00
     0     2     1008.00     1177.00        0.00
     0     2     1002.00     1173.00        0.00
     0     2      994.00     1169.00        0.00
     0     2      988.00     1167.00        0.00
     0     2      982.00     1163.00        0.00
     0     2      976.00     1161.00        0.00
     0     2      972.00     1157.00        0.00
     0     2      968.00     1153.00        0.00
     0     2      966.00     1147.00        0.00
     0     2      962.00     1141.00        0.00
     0     2      960.00     1135.00        0.00
     0     2      956.00     1127.00        0.00
     0     2      954.00     1121.00        0.00
     0     2      950.00     1115.00        0.00
     0     2      948.00     1107.00        0.00
     0     2      942.00     1099.00        0.00
     0     2      938.00     1091.00        0.00
     0     2      934.00     1085.00        0.00
     0     2      930.00     1075.00        0.00
     0     2      928.00     1067.00        0.00
     0     2      926.00     1061.00        0.00
     0     2      924.00     1053.00        0.00
     0     2      922.00     1045.00        0.00
     0     2      920.00     1039.00        0.00
     0     2      920.00     1031.00        0.00
     0     2      918.00     1023.00        0.00
     0     2      918.00     1015.00        0.00
     0     2      918.00     1007.00        0.00
     0     2      918.00     1001.00        0.00
     0     2      918.00      995.00        0.00
     0     2      918.00      989.00        0.00
     0     2      916.00      983.00        0.00
     0     2      916.00      977.00        0.00
     0     2      916.00      969.00        0.00
     0     2      914.00      963.00        0.00
     0     2      914.00      957.00        0.00
     0     2      914.00      949.00        0.00
     0     2      914.00      943.00        0.00
     0     2      914.00      937.00        0.00
     0     2      914.00      929.00        0.00
     0     2      914.00      923.00        0.00
     0     2      914.00      913.00        0.00
     0     2      914.00      907.00        0.00
     0     2      912.00      901.00        0.00
     0     2      912.00      893.00        0.00
     0     2      912.00      883.00        0.00
     0     2      912.00      873.00        0.00
     0     2      912.00      865.00        0.00
     0     2      912.00      855.00        0.00
     0     2      912.00      847.00        0.00
     0     2      912.00      841.00        0.00
     0     2      912.00      835.00        0.00
     0     2      912.00      829.00        0.00
     0     2      914.00      823.00        0.00
     0     2      916.00      817.00        0.00
     0     2      918.00      811.00        0.00
     0     2      920.00      805.00        0.00
     0     2      926.00      805.00        0.00
     0     2      932.00      807.00        0.00
     0     2      938.00      807.00        0.00
     0     2      946.00      809.00        0.00
     0     2      952.00      815.00        0.00
     0     2      952.00      823.00        0.00
     0     2      948.00      827.00        0.00
     0     2      944.00      831.00        0.00
     0     2      940.00      835.00        0.00
     0     2      936.00      841.00        0.00
     0     2      934.00      847.00        0.00
     0     2      934.00      853.00        0.00
     0     2      934.00      861.00        0.00
     0     2      934.00      867.00        0.00
     0     2      934.00      875.00        0.00
     0     2      934.00      881.00        0.00
     0     2      932.00      887.00        0.00
     0     2      932.00      893.00        0.00
     0     2      930.00      899.00        0.00
     0     2      930.00      907.00        0.00
     0     2      930.00      913.00        0.00
     0     2      932.00      919.00        0.00
     0     2      934.00      927.00        0.00
     0     2      934.00      935.00        0.00
     0     2      936.00      941.00        0.00
     0     2      936.00      949.00        0.00
     0     2      940.00      957.00        0.00
     0     2      942.00      963.00        0.00
     0     2      946.00      971.00        0.00
     0     2      948.00      977.00        0.00
     0     2      952.00      985.00        0.00
     0     2      954.00      997.00        0.00
     0     2      958.00     1003.00        0.00
     0     2      960.00     1013.00        0.00
     0     2      962.00     1023.00        0.00
     0     2      964.00     1031.00        0.00
     0     2      966.00     1037.00        0.00
     0     2      968.00     1045.00        0.00
     0     2      970.00     1053.00        0.00
     0     2      972.00     1059.00        0.00
     0     2      974.00     1065.00        0.00
     0     2      978.00     1071.00        0.00
     0     2      982.00     1075.00        0.00
     0     2      986.00     1079.00        0.00
     0     2      990.00     1083.00        0.00
     0     2      994.00     1087.00        0.00
     0     2      998.00     1093.00        0.00
     0     2     1002.00     1099.00        0.00
     0     2     1006.00     1105.00        0.00
     0     2     1010.00     1109.00        0.00
     0     2     1012.00     1115.00        0.00
     0     2     1016.00     1121.00        0.00
     0     2     1020.00     1127.00        0.00
     0     2     1024.00     1135.00        0.00
     0     2     1026.00     1141.00        0.00
     0     2     1030.00     1145.00        0.00
     0     2     1034.00     1151.00        0.00
     0     2     1036.00     1159.00        0.00
     0     3     1158.00     1287.00        0.00
     0     3     1144.00     1289.00        0.00
     0     3     1136.00     1289.00        0.00
     0     3     1130.00     1289.00        0.00
     0     3     1126.00     1285.00        0.00
     0     3     1122.00     1281.00        0.00
     0     3     1116.00     1271.00        0.00
     0     3     1112.00     1267.00        0.00
     0     3     1108.00     1261.00        0.00
     0     3     1104.00     1253.00        0.00
     0     3     1100.00     1245.00        0.00
     0     3     1094.00     1237.00        0.00
     0     3     1088.00     1231.00        0.00
     0     3     1084.00     1223.00        0.00
     0     3     1082.00     1217.00        0.00
     0     3     1078.00     1211.00        0.00
     0     3     1074.00     1203.00        0.00
     0     3     1070.00     1199.00        0.00
     0     3     1066.00     1193.00        0.00
     0     3     1062.00     1187.00        0.00
     0     3     1058.00     1183.00        0.00
     0     3     1054.00     1177.00        0.00
     0     3     1050.00     1171.00        0.00
     0     3     1044.00     1165.00        0.00
     0     3     1040.00     1161.00        0.00
     0     3     1036.00     1157.00        0.00
     0     3     1032.00     1153.00        0.00
     0     3     1028.00     1147.00        0.00
     0     3     1024.00     1141.00        0.00
     0     3     1030.00     1139.00        0.00
     0     3     1038.00     1139.00        0.00
     0     3     1044.00     1139.00        0.00
     0     3     1050.00     1139.00        0.00
     0     3     1056.00     1139.00        0.00
     0     3     1062.00     1139.00        0.00
     0     3     1068.00     1139.00        0.00
     0     3     1076.00     1139.00        0.00
     0     3     1082.00     1141.00        0.00
     0     3     1090.00     1143.00        0.00
     0     3     1096.00     1145.00        0.00
     0     3     1102.00     1147.00        0.00
     0     3     1108.00     1149.00        0.00
     0     3     1116.00     1151.00        0.00
     0     3     1122.00     1155.00        0.00
     0     3     1128.00     1157.00        0.00
     0     3     1134.00     1159.00        0.00
     0     3     1140.00     1161.00        0.00
     0     3     1146.00     1165.00        0.00
     0     3     1152.00     1167.00        0.00
     0     3     1158.00     1165.00        0.00
     0     3     1164.00     1165.00        0.00
     0     3     1170.00     1163.00        0.00
     0     3     1178.00     1159.00        0.00
     0     3     1186.00     1157.00        0.00
     0     3     1192.00     1153.00        0.00
     0     3     1198.00     1153.00        0.00
     0     3     1204.00     1151.00        0.00
     0     3     1212.00     1151.00        0.00
     0     3     1218.00     1151.00        0.00
     0     3     1224.00     1155.00        0.00
     0     3     1230.00     1159.00        0.00
     0     3     1234.00     1163.00        0.00
     0     3     1238.00     1167.00        0.00
     0     3     1242.00     1171.00        0.00
     0     3     1246.00     1175.00        0.00
     0     3     1250.00     1181.00        0.00
     0     3     1254.00     1187.00        0.00
     0     3     1256.00     1193.00        0.00
     0     3     1256.00     1199.00        0.00
     0     3     1258.00     1207.00        0.00
     0     3     1258.00     1215.00        0.00
     0     3     1258.00     1225.00        0.00
     0     3     1258.00     1233.00        0.00
     0     3     1256.00     1239.00        0.00
     0     3     1256.00     1245.00        0.00
     0     3     1254.00     1251.00        0.00
     0     3     1252.00     1257.00        0.00
     0     3     1250.00     1263.00        0.00
     0     3     1246.00     1267.00        0.00
     0     3     1240.00     1269.00        0.00
     0     3     1234.00     1273.00        0.00
     0     3     1228.00     1275.00        0.00
     0     3     1222.00     1275.00        0.00
     0     3     1216.00     1277.00        0.00
     0     3     1210.00     1277.00        0.00
     0     4     1480.00     1045.00        0.00
     0     4     1466.00     1045.00        0.00
     0     4     1460.00     1043.00        0.00
     0     4     1454.00     1041.00        0.00
     0     4     1448.00     1039.00        0.00
     0     4     1442.00     1037.00        0.00
     0     4     1436.00     1037.00        0.00
     0     4     1428.00     1035.00        0.00
     0     4     1420.00     1033.00        0.00
     0     4     1412.00     1033.00        0.00
     0     4     1406.00     1033.00        0.00
     0     4     1398.00     1033.00        0.00
     0     4     1390.00     1033.00        0.00
     0     4     1384.00     1033.00        0.00
     0     4     1376.00     1033.00        0.00
     0     4     1370.00     1035.00        0.00
     0     4     1362.00     1035.00        0.00
     0     4     1356.00     1037.00        0.00
     0     4     1350.00     1041.00        0.00
     0     4     1344.00     1043.00        0.00
     0     4     1336.00     1045.00        0.00
     0     4     1330.00     1047.00        0.00
     0     4     1324.00     1049.00        0.00
     0     4     1320.00     1053.00        0.00
     0     4     1314.00     1055.00        0.00
     0     4     1310.00     1059.00        0.00
     0     4     1302.00     1061.00        0.00
     0     4     1296.00     1063.00        0.00
     0     4     1288.00     1065.00        0.00
     0     4     1280.00     1065.00        0.00
     0     4     1274.00     1067.00        0.00
     0     4     1268.00     1069.00        0.00
     0     4     1260.00     1069.00        0.00
     0     4     1254.00     1069.00        0.00
     0     4     1246.00     1069.00        0.00
     0     4     1240.00     1069.00        0.00
     0     4     1234.00     1069.00        0.00
     0     4     1226.00     1069.00        0.00
     0     4     1218.00     1069.00        0.00
     0     4     1212.00     1069.00        0.00
     0     4     1206.00     1067.00        0.00
     0     4     1200.00     1065.00        0.00
     0     4     1194.00     1065.00        0.00
     0     4     1188.00     1065.00        0.00
     0     4     1182.00     1063.00        0.00
     0     4     1174.00     1063.00        0.00
     0     4     1168.00     1063.00        0.00
     0     4     1162.00     1063.00        0.00
     0     4     1156.00     1063.00        0.00
     0     4     1150.00     1063.00        0.00
     0     4     1154.00     1057.00        0.00
     0     4     1164.00     1053.00        0.00
     0     4     1172.00     1051.00        0.00
     0     4     1182.00     1049.00        0.00
     0     4     1190.00     1045.00        0.00
     0     4     1196.00     1043.00        0.00
     0     4     1200.00     1039.00        0.00
     0     4     1210.00     1035.00        0.00
     0     4     1220.00     1031.00        0.00
     0     4     1226.00     1027.00        0.00
     0     4     1236.00     1025.00        0.00
     0     4     1242.00     1023.00        0.00
     0     4     1250.00     1021.00        0.00
     0     4     1256.00     1019.00        0.00
     0     4     1264.00     1015.00        0.00
     0     4     1270.00     1013.00        0.00
     0     4     1276.00     1011.00        0.00
     0     4     1284.00     1009.00        0.00
     0     4     1290.00     1005.00        0.00
     0     4     1296.00     1003.00        0.00
     0     4     1302.00     1001.00        0.00
     0     4     1308.00      999.00        0.00
     0     4     1314.00      995.00        0.00
     0     4     1322.00      993.00        0.00
     0     4     1326.00      989.00        0.00
     0     4     1334.00      987.00        0.00
     0     4     1342.00      983.00        0.00
     0     4     1348.00      981.00        0.00
     0     4     1354.00      979.00        0.00
     0     4     1360.00      977.00        0.00
     0     4     1366.00      973.00        0.00
     0     4     1372.00      971.00        0.00
     0     4     1380.00      967.00        0.00
     0     4     1386.00      965.00        0.00
     0     4     1392.00      963.00        0.00
     0     4     1400.00      961.00        0.00
     0     4     1406.00      959.00        0.00
     0     4     1412.00      957.00        0.00
     0     4     1418.00      957.00        0.00
     0     4     1424.00      957.00        0.00
     0     4     1430.00      959.00        0.00
     0     4     1436.00      963.00        0.00
     0     4     1442.00      965.00        0.00
     0     4     1450.00      967.00        0.00
     0     4     1456.00      969.00        0.00
     0     4     1462.00      971.00        0.00
     0     4     1468.00      973.00        0.00
     0     4     1474.00      973.00        0.00
     0     4     1480.00      975.00        0.00
     0     4     1486.00      977.00        0.00
     0     4     1492.00      979.00        0.00
     0     4     1498.00      981.00        0.00
     0     4     1504.00      983.00        0.00
     0     4     1508.00      987.00        0.00
     0     4     1512.00      991.00        0.00
     0     4     1514.00      997.00        0.00
     0     4     1520.00     1001.00        0.00
     0     4     1522.00     1007.00        0.00
     0     4     1524.00     1013.00        0.00
     0     4     1528.00     1019.00        0.00
     0     4     1528.00     1025.00        0.00
     0     4     1524.00     1029.00        0.00
     0     4     1520.00     1033.00        0.00
     0     4     1514.00     1033.00        0.00
     0     5     1822.00      893.00        0.00
     0     5     1814.00      909.00        0.00
     0     5     1810.00      913.00        0.00
     0     5     1806.00      917.00        0.00
     0     5     1800.00      921.00        0.00
     0     5     1794.00      925.00        0.00
     0     5     1786.00      927.00        0.00
     0     5     1778.00      931.00        0.00
     0     5     1772.00      933.00        0.00
     0     5     1766.00      937.00        0.00
     0     5     1758.00      941.00        0.00
     0     5     1754.00      945.00        0.00
     0     5     1748.00      947.00        0.00
     0     5     1742.00      951.00        0.00
     0     5     1736.00      955.00        0.00
     0     5     1730.00      957.00        0.00
     0     5     1726.00      961.00        0.00
     0     5     1720.00      965.00        0.00
     0     5     1714.00      967.00        0.00
     0     5     1708.00      969.00        0.00
     0     5     1702.00      971.00        0.00
     0     5     1696.00      971.00        0.00
     0     5     1690.00      971.00        0.00
     0     5     1682.00      969.00        0.00
     0     5     1674.00      967.00        0.00
     0     5     1668.00      963.00        0.00
     0     5     1662.00      959.00        0.00
     0     5     1660.00      953.00        0.00
     0     5     1656.00      947.00        0.00
     0     5     1656.00      941.00        0.00
     0     5     1654.00      935.00        0.00
     0     5     1652.00      929.00        0.00
     0     5     1652.00      923.00        0.00
     0     5     1652.00      917.00        0.00
     0     5     1652.00      911.00        0.00
     0     5     1652.00      905.00        0.00
     0     5     1650.00      899.00        0.00
     0     5     1650.00      893.00        0.00
     0     5     1648.00      887.00        0.00
     0     5     1644.00      879.00        0.00
     0     5     1642.00      873.00        0.00
     0     5     1642.00      867.00        0.00
     0     5     1642.00      861.00        0.00
     0     5     1640.00      855.00        0.00
     0     5     1640.00      849.00        0.00
     0     5     1642.00      843.00        0.00
     0     5     1646.00      839.00        0.00
     0     5     1654.00      833.00        0.00
     0     5     1666.00      831.00        0.00
     0     5     1672.00      829.00        0.00
     0     5     1678.00      829.00        0.00
     0     5     1686.00      829.00        0.00
     0     5     1694.00      829.00        0.00
     0     5     1702.00      831.00        0.00
     0     5     1710.00      833.00        0.00
     0     5     1716.00      837.00        0.00
     0     5     1724.00      839.00        0.00
     0     5     1732.00      841.00        0.00
     0     5     1736.00      845.00        0.00
     0     5     1742.00      849.00        0.00
     0     5     1748.00      853.00        0.00
     0     5     1752.00      857.00        0.00
     0     5     1756.00      861.00        0.00
     0     5     1760.00      865.00        0.00
     0     5     1766.00      869.00        0.00
     0     5     1774.00      871.00        0.00
     0     5     1782.00      873.00        0.00
     0     5     1788.00      873.00        0.00
     0     5     1794.00      873.00        0.00
     0     5     1802.00      873.00        0.00
     0     5     1810.00      875.00        0.00
     0     5     1816.00      877.00        0.00
     0     6     1058.00      993.00        0.00
     0     6     1052.00     1003.00        0.00
     0     6     1046.00     1005.00        0.00
     0     6     1040.00     1005.00        0.00
     0     6     1034.00     1005.00        0.00
     0     6     1028.00     1003.00        0.00
     0     6     1024.00      999.00        0.00
     0     6     1020.00      993.00        0.00
     0     6     1018.00      987.00        0.00
     0     6     1020.00      979.00        0.00
     0     6     1024.00      975.00        0.00
     0     6     1026.00      969.00        0.00
     0     6     1028.00      963.00        0.00
     0     6     1032.00      959.00        0.00
     0     6     1036.00      955.00        0.00
     0     6     1040.00      951.00        0.00
     0     6     1044.00      947.00        0.00
     0     6     1048.00      943.00        0.00
     0     6     1052.00      939.00        0.00
     0     6     1056.00      933.00        0.00
     0     6     1058.00      927.00        0.00
     0     6     1060.00      921.00        0.00
     0     6     1062.00      915.00        0.00
     0     6     1062.00      909.00        0.00
     0     6     1062.00      901.00        0.00
     0     6     1062.00      895.00        0.00
     0     6     1064.00      889.00        0.00
     0     6     1064.00      883.00        0.00
     0     6     1064.00      873.00        0.00
     0     6     1064.00      867.00        0.00
     0     6     1062.00      861.00        0.00
     0     6     1062.00      853.00        0.00
     0     6     1062.00      847.00        0.00
     0     6     1062.00      841.00        0.00
     0     6     1064.00      835.00        0.00
     0     6     1066.00      829.00        0.00
     0     6     1070.00      825.00        0.00
     0     6     1074.00      821.00        0.00
     0     6     1078.00      817.00        0.00
     0     6     1082.00      811.00        0.00
     0     6     1086.00      805.00        0.00
     0     6     1090.00      801.00        0.00
     0     6     1098.00      795.00        0.00
     0     6     1102.00      791.00        0.00
     0     6     1106.00      787.00        0.00
     0     6     1110.00      783.00        0.00
     0     6     1114.00      775.00        0.00
     0     6     1118.00      769.00        0.00
     0     6     1120.00      763.00        0.00
     0     6     1122.00      757.00        0.00
     0     6     1126.00      751.00        0.00
     0     6     1128.00      743.00        0.00
     0     6     1130.00      733.00        0.00
     0     6     1134.00      725.00        0.00
     0     6     1136.00      717.00        0.00
     0     6     1138.00      709.00        0.00
     0     6     1140.00      703.00        0.00
     0     6     1144.00      699.00        0.00
     0     6     1148.00      693.00        0.00
     0     6     1150.00      687.00        0.00
     0     6     1152.00      681.00        0.00
     0     6     1154.00      673.00        0.00
     0     6     1158.00      665.00        0.00
     0     6     1160.00      659.00        0.00
     0     6     1162.00      653.00        0.00
     0     6     1166.00      647.00        0.00
     0     6     1170.00      643.00        0.00
     0     6     1172.00      649.00        0.00
     0     6     1172.00      657.00        0.00
     0     6     1174.00      663.00        0.00
     0     6     1174.00      669.00        0.00
     0     6     1176.00      675.00        0.00
     0     6     1178.00      681.00        0.00
     0     6     1178.00      687.00        0.00
     0     6     1178.00      693.00        0.00
     0     6     1174.00      697.00        0.00
     0     6     1168.00      701.00        0.00
     0     6     1162.00      703.00        0.00
     0     6     1156.00      705.00        0.00
     0     6     1152.00      711.00        0.00
     0     6     1150.00      717.00        0.00
     0     6     1146.00      721.00        0.00
     0     6     1144.00      727.00        0.00
     0     6     1140.00      733.00        0.00
     0     6     1136.00      741.00        0.00
     0     6     1134.00      747.00        0.00
     0     6     1130.00      753.00        0.00
     0     6     1126.00      759.00        0.00
     0     6     1124.00      765.00        0.00
     0     6     1122.00      771.00        0.00
     0     6     1118.00      777.00        0.00
     0     6     1118.00      783.00        0.00
     0     6     1118.00      789.00        0.00
     0     6     1118.00      795.00        0.00
     0     6     1118.00      801.00        0.00
     0     6     1118.00      807.00        0.00
     0     6     1118.00      813.00        0.00
     0     6     1118.00      819.00        0.00
     0     6     1122.00      827.00        0.00
     0     6     1124.00      833.00        0.00
     0     6     1126.00      839.00        0.00
     0     6     1130.00      843.00        0.00
     0     6     1134.00      849.00        0.00
     0     6     1138.00      853.00        0.00
     0     6     1142.00      859.00        0.00
     0     6     1144.00      865.00        0.00
     0     6     1144.00      871.00        0.00
     0     6     1144.00      877.00        0.00
     0     6     1142.00      885.00        0.00
     0     6     1140.00      891.00        0.00
     0     6     1136.00      895.00        0.00
     0     6     1134.00      901.00        0.00
     0     6     1134.00      907.00        0.00
     0     6     1132.00      913.00        0.00
     0     6     1130.00      919.00        0.00
     0     6     1128.00      925.00        0.00
     0     6     1126.00      931.00        0.00
     0     6     1122.00      935.00        0.00
     0     6     1118.00      941.00        0.00
     0     6     1116.00      947.00        0.00
     0     6     1112.00      951.00        0.00
     0     6     1108.00      955.00        0.00
     0     6     1102.00      957.00        0.00
     0     6     1096.00      959.00        0.00
     0     6     1090.00      959.00        0.00
     0     6     1084.00      961.00        0.00
     0     6     1078.00      961.00        0.00
     0     6     1072.00      963.00        0.00
     0     6     1066.00      965.00        0.00
     0     6     1062.00      969.00        0.00
     0     7      712.00      809.00        0.00
     0     7      702.00      809.00        0.00
     0     7      694.00      807.00        0.00
     0     7      690.00      803.00        0.00
     0     7      684.00      801.00        0.00
     0     7      678.00      799.00        0.00
     0     7      672.00      797.00        0.00
     0     7      666.00      797.00        0.00
     0     7      662.00      793.00        0.00
     0     7      660.00      785.00        0.00
     0     7      664.00      779.00        0.00
     0     7      668.00      775.00        0.00
     0     7      674.00      769.00        0.00
     0     7      682.00      765.00        0.00
     0     7      686.00      761.00        0.00
     0     7      692.00      755.00        0.00
     0     7      696.00      751.00        0.00
     0     7      700.00      747.00        0.00
     0     7      704.00      743.00        0.00
     0     7      706.00      737.00        0.00
     0     7      710.00      733.00        0.00
     0     7      714.00      729.00        0.00
     0     7      718.00      725.00        0.00
     0     7      722.00      721.00        0.00
     0     7      730.00      715.00        0.00
     0     7      736.00      711.00        0.00
     0     7      740.00      707.00        0.00
     0     7      748.00      701.00        0.00
     0     7      756.00      697.00        0.00
     0     7      760.00      693.00        0.00
     0     7      766.00      689.00        0.00
     0     7      772.00      687.00        0.00
     0     7      778.00      683.00        0.00
     0     7      782.00      679.00        0.00
     0     7      788.00      673.00        0.00
     0     7      794.00      669.00        0.00
     0     7      798.00      665.00        0.00
     0     7      804.00      659.00        0.00
     0     7      808.00      653.00        0.00
     0     7      814.00      649.00        0.00
     0     7      818.00      645.00        0.00
     0     7      822.00      641.00        0.00
     0     7      828.00      637.00        0.00
     0     7      836.00      633.00        0.00
     0     7      844.00      627.00        0.00
     0     7      850.00      623.00        0.00
     0     7      854.00      619.00        0.00
     0     7      858.00      615.00        0.00
     0     7      862.00      609.00        0.00
     0     7      866.00      605.00        0.00
     0     7      872.00      599.00        0.00
     0     7      878.00      593.00        0.00
     0     7      882.00      589.00        0.00
     0     7      886.00      583.00        0.00
     0     7      890.00      579.00        0.00
     0     7      894.00      573.00        0.00
     0     7      898.00      567.00        0.00
     0     7      904.00      559.00        0.00
     0     7      908.00      555.00        0.00
     0     7      910.00      549.00        0.00
     0     7      914.00      545.00        0.00
     0     7      916.00      539.00        0.00
     0     7      920.00      533.00        0.00
     0     7      924.00      527.00        0.00
     0     7      926.00      521.00        0.00
     0     7      930.00      515.00        0.00
     0     7      934.00      511.00        0.00
     0     7      938.00      505.00        0.00
     0     7      938.00      499.00        0.00
     0     7      940.00      493.00        0.00
     0     7      942.00      487.00        0.00
     0     7      944.00      481.00        0.00
     0     7      948.00      477.00        0.00
     0     7      952.00      473.00        0.00
     0     7      956.00      469.00        0.00
     0     7      962.00      469.00        0.00
     0     7      968.00      467.00        0.00
     0     7      974.00      465.00        0.00
     0     7      980.00      463.00        0.00
     0     7      986.00      461.00        0.00
     0     7      992.00      459.00        0.00
     0     7      996.00      463.00        0.00
     0     7      998.00      469.00        0.00
     0     7      998.00      475.00        0.00
     0     7      998.00      481.00        0.00
     0     7      996.00      487.00        0.00
     0     7      994.00      493.00        0.00
     0     7      990.00      497.00        0.00
     0     7      986.00      503.00        0.00
     0     7      980.00      507.00        0.00
     0     7      976.00      515.00        0.00
     0     7      972.00      519.00        0.00
     0     7      970.00      525.00        0.00
     0     7      966.00      529.00        0.00
     0     7      962.00      533.00        0.00
     0     7      954.00      537.00        0.00
     0     7      950.00      541.00        0.00
     0     7      946.00      545.00        0.00
     0     7      942.00      549.00        0.00
     0     7      936.00      553.00        0.00
     0     7      932.00      557.00        0.00
     0     7      928.00      563.00        0.00
     0     7      924.00      567.00        0.00
     0     7      920.00      573.00        0.00
     0     7      916.00      579.00        0.00
     0     7      912.00      585.00        0.00
     0     7      908.00      589.00        0.00
     0     7      904.00      595.00        0.00
     0     7      898.00      599.00        0.00
     0     7      896.00      605.00        0.00
     0     7      892.00      609.00        0.00
     0     7      886.00      611.00        0.00
     0     7      882.00      619.00        0.00
     0     7      876.00      625.00        0.00
     0     7      872.00      629.00        0.00
     0     7      868.00      635.00        0.00
     0     7      864.00      639.00        0.00
     0     7      862.00      645.00        0.00
     0     7      858.00      649.00        0.00
     0     7      856.00      655.00        0.00
     0     7      852.00      659.00        0.00
     0     7      848.00      665.00        0.00
     0     7      844.00      671.00        0.00
     0     7      842.00      677.00        0.00
     0     7      838.00      681.00        0.00
     0     7      832.00      687.00        0.00
     0     7      828.00      691.00        0.00
     0     7      824.00      697.00        0.00
     0     7      820.00      701.00        0.00
     0     7      816.00      707.00        0.00
     0     7      812.00      713.00        0.00
     0     7      806.00      717.00        0.00
     0     7      800.00      721.00        0.00
     0     7      796.00      725.00        0.00
     0     7      792.00      731.00        0.00
     0     7      786.00      735.00        0.00
     0     7      780.00      739.00        0.00
     0     7      776.00      743.00        0.00
     0     7      770.00      745.00        0.00
     0     7      766.00      749.00        0.00
     0     7      760.00      753.00        0.00
     0     7      756.00      757.00        0.00
     0     7      752.00      761.00        0.00
     0     7      748.00      767.00        0.00
     0     7      742.00      771.00        0.00
     0     7      738.00      775.00        0.00
     0     8      228.00      349.00        0.00
     0     8      220.00      367.00        0.00
     0     8      214.00      369.00        0.00
     0     8      208.00      371.00        0.00
     0     8      198.00      373.00        0.00
     0     8      190.00      373.00        0.00
     0     8      182.00      373.00        0.00
     0     8      174.00      371.00        0.00
     0     8      168.00      369.00        0.00
     0     8      162.00      369.00        0.00
     0     8      156.00      367.00        0.00
     0     8      150.00      365.00        0.00
     0     8      138.00      363.00        0.00
     0     8      132.00      363.00        0.00
     0     8      126.00      363.00        0.00
     0     8      118.00      363.00        0.00
     0     8      112.00      361.00        0.00
     0     8      108.00      357.00        0.00
     0     8      102.00      351.00        0.00
     0     8       98.00      341.00        0.00
     0     8       98.00      333.00        0.00
     0     8       98.00      321.00        0.00
     0     8      100.00      313.00        0.00
     0     8      104.00      303.00        0.00
     0     8      110.00      295.00        0.00
     0     8      114.00      289.00        0.00
     0     8      120.00      281.00        0.00
     0     8      126.00      275.00        0.00
     0     8      134.00      269.00        0.00
     0     8      140.00      267.00        0.00
     0     8      148.00      261.00        0.00
     0     8      154.00      257.00        0.00
     0     8      162.00      253.00        0.00
     0     8      168.00      251.00        0.00
     0     8      176.00      247.00        0.00
     0     8      184.00      245.00        0.00
     0     8      188.00      241.00        0.00
     0     8      196.00      239.00        0.00
     0     8      202.00      237.00        0.00
     0     8      208.00      237.00        0.00
     0     8      214.00      237.00        0.00
     0     8      220.00      237.00        0.00
     0     8      224.00      241.00        0.00
     0     8      228.00      245.00        0.00
     0     8      230.00      251.00        0.00
     0     8      234.00      257.00        0.00
     0     8      234.00      263.00        0.00
     0     8      236.00      271.00        0.00
     0     8      238.00      277.00        0.00
     0     8      238.00      283.00        0.00
     0     8      236.00      289.00        0.00
     0     8      236.00      295.00        0.00
     0     8      236.00      301.00        0.00
     0     8      236.00      309.00        0.00
     0     8      234.00      321.00        0.00
     0     8      230.00      327.00        0.00
     0     9     1868.00     1401.00        0.00
     0     9     1854.00     1391.00        0.00
     0     9     1848.00     1385.00        0.00
     0     9     1842.00     1379.00        0.00
     0     9     1840.00     1373.00        0.00
     0     9     1836.00     1369.00        0.00
     0     9     1832.00     1365.00        0.00
     0     9     1828.00     1361.00        0.00
     0     9     1824.00     1357.00        0.00
     0     9     1818.00     1353.00        0.00
     0     9     1812.00     1349.00        0.00
     0     9     1806.00     1345.00        0.00
     0     9     1798.00     1341.00        0.00
     0     9     1790.00     1337.00        0.00
     0     9     1786.00     1333.00        0.00
     0     9     1780.00     1331.00        0.00
     0     9     1772.00     1329.00        0.00
     0     9     1768.00     1325.00        0.00
     0     9     1762.00     1323.00        0.00
     0     9     1756.00     1323.00        0.00
     0     9     1750.00     1323.00        0.00
     0     9     1742.00     1321.00        0.00
     0     9     1736.00     1319.00        0.00
     0     9     1730.00     1317.00        0.00
     0     9     1724.00     1313.00        0.00
     0     9     1718.00     1309.00        0.00
     0     9     1712.00     1305.00        0.00
     0     9     1706.00     1301.00        0.00
     0     9     1700.00     1295.00        0.00
     0     9     1694.00     1291.00        0.00
     0     9     1686.00     1283.00        0.00
     0     9     1680.00     1279.00        0.00
     0     9     1674.00     1271.00        0.00
     0     9     1670.00     1267.00        0.00
     0     9     1664.00     1263.00        0.00
     0     9     1660.00     1259.00        0.00
     0     9     1656.00     1255.00        0.00
     0     9     1650.00     1251.00        0.00
     0     9     1644.00     1247.00        0.00
     0     9     1640.00     1243.00        0.00
     0     9     1636.00     1239.00        0.00
     0     9     1630.00     1235.00        0.00
     0     9     1626.00     1231.00        0.00
     0     9     1620.00     1227.00        0.00
     0     9     1614.00     1223.00        0.00
     0     9     1606.00     1219.00        0.00
     0     9     1598.00     1213.00        0.00
     0     9     1592.00     1211.00        0.00
     0     9     1586.00     1209.00        0.00
     0     9     1578.00     1205.00        0.00
     0     9     1570.00     1199.00        0.00
     0     9     1566.00     1195.00        0.00
     0     9     1558.00     1189.00        0.00
     0     9     1552.00     1185.00        0.00
     0     9     1548.00     1181.00        0.00
     0     9     1540.00     1177.00        0.00
     0     9     1522.00     1171.00        0.00
     0     9     1510.00     1167.00        0.00
     0     9     1500.00     1163.00        0.00
     0     9     1496.00     1159.00        0.00
     0     9     1490.00     1155.00        0.00
     0     9     1484.00     1151.00        0.00
     0     9     1480.00     1147.00        0.00
     0     9     1474.00     1143.00        0.00
     0     9     1468.00     1139.00        0.00
     0     9     1460.00     1133.00        0.00
     0     9     1454.00     1131.00        0.00
     0     9     1448.00     1125.00        0.00
     0     9     1440.00     1123.00        0.00
     0     9     1432.00     1119.00        0.00
     0     9     1424.00     1113.00        0.00
     0     9     1418.00     1111.00        0.00
     0     9     1412.00     1109.00        0.00
     0     9     1406.00     1105.00        0.00
     0     9     1400.00     1103.00        0.00
     0     9     1394.00     1099.00        0.00
     0     9     1390.00     1095.00        0.00
     0     9     1388.00     1089.00        0.00
     0     9     1386.00     1083.00        0.00
     0     9     1382.00     1079.00        0.00
     0     9     1382.00     1073.00        0.00
     0     9     1380.00     1067.00        0.00
     0     9     1380.00     1061.00        0.00
     0     9     1384.00     1055.00        0.00
     0     9     1388.00     1049.00        0.00
     0     9     1396.00     1047.00        0.00
     0     9     1402.00     1049.00        0.00
     0     9     1406.00     1053.00        0.00
     0     9     1412.00     1057.00        0.00
     0     9     1414.00     1063.00        0.00
     0     9     1416.00     1069.00        0.00
     0     9     1418.00     1075.00        0.00
     0     9     1422.00     1081.00        0.00
     0     9     1426.00     1089.00        0.00
     0     9     1430.00     1095.00        0.00
     0     9     1436.00     1101.00        0.00
     0     9     1442.00     1105.00        0.00
     0     9     1446.00     1109.00        0.00
     0     9     1454.00     1115.00        0.00
     0     9     1460.00     1119.00        0.00
     0     9     1466.00     1123.00        0.00
     0     9     1470.00     1129.00        0.00
     0     9     1476.00     1133.00        0.00
     0     9     1480.00     1137.00        0.00
     0     9     1486.00     1139.00        0.00
     0     9     1490.00     1143.00        0.00
     0     9     1496.00     1145.00        0.00
     0     9     1502.00     1149.00        0.00
     0     9     1510.00     1153.00        0.00
     0     9     1514.00     1157.00        0.00
     0     9     1520.00     1161.00        0.00
     0     9     1526.00     1165.00        0.00
     0     9     1532.00     1169.00        0.00
     0     9     1538.00     1173.00        0.00
     0     9     1542.00     1179.00        0.00
     0     9     1548.00     1181.00        0.00
     0     9     1554.00     1187.00        0.00
     0     9     1558.00     1191.00        0.00
     0     9     1564.00     1195.00        0.00
     0     9     1570.00     1199.00        0.00
     0     9     1576.00     1203.00        0.00
     0     9     1582.00     1207.00        0.00
     0     9     1586.00     1211.00        0.00
     0     9     1592.00     1215.00        0.00
     0     9     1596.00     1219.00        0.00
     0     9     1602.00     1223.00        0.00
     0     9     1608.00     1227.00        0.00
     0     9     1614.00     1229.00        0.00
     0     9     1618.00     1233.00        0.00
     0     9     1624.00     1235.00        0.00
     0     9     1630.00     1239.00        0.00
     0     9     1638.00     1241.00        0.00
     0     9     1644.00     1243.00        0.00
     0     9     1650.00     1245.00        0.00
     0     9     1660.00     1247.00        0.00
     0     9     1666.00     1247.00        0.00
     0     9     1674.00     1249.00        0.00
     0     9     1682.00     1251.00        0.00
     0     9     1688.00     1251.00        0.00
     0     9     1694.00     1253.00        0.00
     0     9     1702.00     1255.00        0.00
     0     9     1710.00     1257.00        0.00
     0     9     1718.00     1259.00        0.00
     0     9     1724.00     1261.00        0.00
     0     9     1730.00     1263.00        0.00
     0     9     1736.00     1265.00        0.00
     0     9     1740.00     1269.00        0.00
     0     9     1744.00     1273.00        0.00
     0     9     1752.00     1277.00        0.00
     0     9     1756.00     1281.00        0.00
     0     9     1764.00     1285.00        0.00
     0     9     1768.00     1291.00        0.00
     0     9     1772.00     1295.00        0.00
     0     9     1776.00     1299.00        0.00
     0     9     1782.00     1303.00        0.00
     0     9     1786.00     1309.00        0.00
     0     9     1792.00     1313.00        0.00
     0     9     1796.00     1317.00        0.00
     0     9     1802.00     1321.00        0.00
     0     9     1806.00     1325.00        0.00
     0     9     1810.00     1331.00        0.00
     0     9     1816.00     1335.00        0.00
     0     9     1820.00     1339.00        0.00
     0     9     1824.00     1343.00        0.00
     0     9     1830.00     1347.00        0.00
     0     9     1834.00     1351.00        0.00
     0     9     1840.00     1353.00        0.00
     0     9     1844.00     1357.00        0.00
     0     9     1850.00     1361.00        0.00
     0     9     1856.00     1365.00        0.00
     0     9     1862.00     1369.00        0.00
     0     9     1868.00     1371.00        0.00
     0     9     1874.00     1375.00        0.00
     0     9     1880.00     1379.00        0.00
     0     9     1886.00     1383.00        0.00
     0     9     1892.00     1387.00        0.00
     0     9     1896.00     1391.00        0.00
     0     9     1902.00     1393.00        0.00
     0     9     1908.00     1393.00        0.00
     0     9     1912.00     1397.00        0.00
     0     9     1918.00     1399.00        0.00
     0     9     1922.00     1403.00        0.00
     0     9     1926.00     1407.00        0.00
     0     9     1928.00     1413.00        0.00
     0     9     1922.00     1415.00        0.00
     0     9     1916.00     1415.00        0.00
     0     9     1910.00     1415.00        0.00
     0     9     1904.00     1417.00        0.00
     0     9     1898.00     1417.00        0.00
