     0     0      372.00      773.00        0.00
     0     0      366.00      775.00        0.00
     0     0      360.00      779.00        0.00
     0     0      354.00      779.00        0.00
     0     0      348.00      779.00        0.00
     0     0      342.00      779.00        0.00
     0     0      334.00      779.00        0.00
     0     0      326.00      779.00        0.00
     0     0      320.00      777.00        0.00
     0     0      312.00      773.00        0.00
     0     0      308.00      769.00        0.00
     0     0      310.00      763.00        0.00
     0     0      314.00      759.00        0.00
     0     0      320.00      755.00        0.00
     0     0      328.00      751.00        0.00
     0     0      334.00      751.00        0.00
     0     0      340.00      751.00        0.00
     0     0      346.00      751.00        0.00
     0     0      354.00      751.00        0.00
     0     0      360.00      753.00        0.00
     0     0      366.00      755.00        0.00
     0     0      370.00      759.00        0.00
     0     0      372.00      765.00        0.00
     0     0      378.00      767.00        0.00
     0     0      384.00      767.00        0.00
     0     0      390.00      769.00        0.00
     0     0      396.00      769.00        0.00
     0     0      402.00      771.00        0.00
     0     0      410.00      773.00        0.00
     0     0      418.00      775.00        0.00
     0     0      426.00      775.00        0.00
     0     0      434.00      777.00        0.00
     0     0      442.00      779.00        0.00
     0     0      452.00      781.00        0.00
     0     0      460.00      783.00        0.00
     0     0      466.00      783.00        0.00
     0     0      478.00      787.00        0.00
     0     0      484.00      787.00        0.00
     0     0      492.00      789.00        0.00
     0     0      502.00      791.00        0.00
     0     0      512.00      791.00        0.00
     0     0      522.00      795.00        0.00
     0     0      530.00      797.00        0.00
     0     0      544.00      799.00        0.00
     0     0      554.00      803.00        0.00
     0     0      562.00      805.00        0.00
     0     0      568.00      807.00        0.00
     0     0      578.00      811.00        0.00
     0     0      588.00      813.00        0.00
     0     0      594.00      815.00        0.00
     0     0      602.00      817.00        0.00
     0     0      608.00      819.00        0.00
     0     0      618.00      821.00        0.00
     0     0      624.00      821.00        0.00
     0     0      630.00      825.00        0.00
     0     0      638.00      825.00        0.00
     0     0      646.00      825.00        0.00
     0     0      654.00      827.00        0.00
     0     0      664.00      827.00        0.00
     0     0      674.00      827.00        0.00
     0     0      680.00      829.00        0.00
     0     0      688.00      829.00        0.00
     0     0      694.00      829.00        0.00
     0     0      702.00      831.00        0.00
     0     0      710.00      831.00        0.00
     0     0      716.00      831.00        0.00
     0     0      722.00      833.00        0.00
     0     0      728.00      833.00        0.00
     0     0      734.00      833.00        0.00
     0     0      740.00      833.00        0.00
     0     0      748.00      835.00        0.00
     0     0      754.00      835.00        0.00
     0     0      760.00      837.00        0.00
     0     0      766.00      837.00        0.00
     0     0      772.00      839.00        0.00
     0     0      778.00      841.00        0.00
     0     0      784.00      841.00        0.00
     0     0      790.00      843.00        0.00
     0     0      798.00      847.00        0.00
     0     0      804.00      849.00        0.00
     0     0      812.00      853.00        0.00
     0     0      818.00      855.00        0.00
     0     0      826.00      859.00        0.00
     0     0      832.00      861.00        0.00
     0     0      838.00      865.00        0.00
     0     0      844.00      869.00        0.00
     0     0      850.00      873.00        0.00
     0     0      856.00      875.00        0.00
     0     0      866.00      877.00        0.00
     0     0      872.00      879.00        0.00
     0     0      876.00      883.00        0.00
     0     0      882.00      885.00        0.00
     0     0      888.00      889.00        0.00
     0     0      894.00      893.00        0.00
     0     0      904.00      897.00        0.00
     0     0      908.00      901.00        0.00
     0     0      914.00      905.00        0.00
     0     0      918.00      909.00        0.00
     0     0      924.00      913.00        0.00
     0     0      934.00      915.00        0.00
     0     0      942.00      917.00        0.00
     0     0      948.00      919.00        0.00
     0     0      956.00      921.00        0.00
     0     0      962.00      921.00        0.00
     0     0      970.00      925.00        0.00
     0     0      976.00      925.00        0.00
     0     0      982.00      927.00        0.00
     0     0      992.00      929.00        0.00
     0     0      998.00      929.00        0.00
     0     0     1004.00      931.00        0.00
     0     0     1012.00      931.00        0.00
     0     0     1020.00      933.00        0.00
     0     0     1026.00      933.00        0.00
     0     0     1034.00      935.00        0.00
     0     0     1040.00      935.00        0.00
     0     0     1048.00      935.00        0.00
     0     0     1054.00      937.00        0.00
     0     0     1060.00      941.00        0.00
     0     0     1064.00      945.00        0.00
     0     0     1068.00      951.00        0.00
     0     0     1072.00      955.00        0.00
     0     0     1074.00      961.00        0.00
     0     0     1076.00      967.00        0.00
     0     0     1076.00      973.00        0.00
     0     0     1076.00      979.00        0.00
     0     0     1072.00      985.00        0.00
     0     0     1068.00      989.00        0.00
     0     0     1062.00      993.00        0.00
     0     0     1056.00      993.00        0.00
     0     0     1050.00      993.00        0.00
     0     0     1042.00      993.00        0.00
     0     0     1036.00      991.00        0.00
     0     0     1028.00      987.00        0.00
     0     0     1022.00      985.00        0.00
     0     0     1016.00      981.00        0.00
     0     0     1010.00      979.00        0.00
     0     0     1004.00      977.00        0.00
     0     0      998.00      975.00        0.00
     0     0      992.00      971.00        0.00
     0     0      986.00      967.00        0.00
     0     0      980.00      965.00        0.00
     0     0      972.00      963.00        0.00
     0     0      968.00      959.00        0.00
     0     0      962.00      957.00        0.00
     0     0      954.00      955.00        0.00
     0     0      948.00      953.00        0.00
     0     0      940.00      949.00        0.00
     0     0      934.00      947.00        0.00
     0     0      928.00      945.00        0.00
     0     0      922.00      941.00        0.00
     0     0      916.00      939.00        0.00
     0     0      910.00      937.00        0.00
     0     0      904.00      935.00        0.00
     0     0      898.00      933.00        0.00
     0     0      892.00      929.00        0.00
     0     0      886.00      927.00        0.00
     0     0      878.00      927.00        0.00
     0     0      872.00      925.00        0.00
     0     0      866.00      925.00        0.00
     0     0      860.00      923.00        0.00
     0     0      852.00      921.00        0.00
     0     0      846.00      919.00        0.00
     0     0      840.00      917.00        0.00
     0     0      834.00      915.00        0.00
     0     0      826.00      915.00        0.00
     0     0      820.00      913.00        0.00
     0     0      814.00      911.00        0.00
     0     0      806.00      909.00        0.00
     0     0      800.00      907.00        0.00
     0     0      794.00      905.00        0.00
     0     0      788.00      903.00        0.00
     0     0      782.00      899.00        0.00
     0     0      774.00      895.00        0.00
     0     0      768.00      893.00        0.00
     0     0      760.00      889.00        0.00
     0     0      754.00      885.00        0.00
     0     0      746.00      881.00        0.00
     0     0      740.00      879.00        0.00
     0     0      736.00      875.00        0.00
     0     0      730.00      873.00        0.00
     0     0      724.00      871.00        0.00
     0     0      714.00      867.00        0.00
     0     0      708.00      865.00        0.00
     0     0      702.00      861.00        0.00
     0     0      696.00      859.00        0.00
     0     0      690.00      857.00        0.00
     0     0      686.00      853.00        0.00
     0     0      680.00      851.00        0.00
     0     0      674.00      849.00        0.00
     0     0      668.00      847.00        0.00
     0     0      662.00      843.00        0.00
     0     0      656.00      841.00        0.00
     0     0      650.00      839.00        0.00
     0     0      644.00      837.00        0.00
     0     0      638.00      835.00        0.00
     0     0      634.00      831.00        0.00
     0     0      628.00      829.00        0.00
     0     0      622.00      827.00        0.00
     0     0      616.00      823.00        0.00
     0     0      610.00      821.00        0.00
     0     0      604.00      819.00        0.00
     0     0      598.00      817.00        0.00
     0     0      592.00      815.00        0.00
     0     0      586.00      813.00        0.00
     0     0      580.00      811.00        0.00
     0     0      574.00      809.00        0.00
     0     0      568.00      807.00        0.00
     0     0      562.00      805.00        0.00
     0     0      556.00      803.00        0.00
     0     0      550.00      801.00        0.00
     0     0      544.00      801.00        0.00
     0     0      538.00      799.00        0.00
     0     0      530.00      797.00        0.00
     0     0      524.00      797.00        0.00
     0     0      518.00      795.00        0.00
     0     0      512.00      793.00        0.00
     0     0      506.00      793.00        0.00
     0     0      500.00      793.00        0.00
     0     0      494.00      791.00        0.00
     0     0      488.00      789.00        0.00
     0     0      482.00      789.00        0.00
     0     0      476.00      787.00        0.00
     0     0      470.00      785.00        0.00
     0     0      464.00      785.00        0.00
     0     0      458.00      783.00        0.00
     0     0      452.00      783.00        0.00
     0     0      446.00      781.00        0.00
     0     0      440.00      781.00        0.00
     0     0      434.00      779.00        0.00
     0     0      428.00      779.00        0.00
     0     0      422.00      777.00        0.00
     0     0      416.00      777.00        0.00
     0     0      410.00      775.00        0.00
     0     0      404.00      773.00        0.00
     0     0      398.00      773.00        0.00
     0     0      392.00      771.00        0.00
     0     0      386.00      769.00        0.00
     0     0      380.00      767.00        0.00
     0     1      412.00      353.00        0.00
     0     1      418.00      367.00        0.00
     0     1      422.00      371.00        0.00
     0     1      426.00      375.00        0.00
     0     1      432.00      377.00        0.00
     0     1      436.00      381.00        0.00
     0     1      442.00      383.00        0.00
     0     1      450.00      385.00        0.00
     0     1      454.00      389.00        0.00
     0     1      456.00      395.00        0.00
     0     1      452.00      401.00        0.00
     0     1      444.00      403.00        0.00
     0     1      436.00      403.00        0.00
     0     1      430.00      403.00        0.00
     0     1      422.00      403.00        0.00
     0     1      416.00      403.00        0.00
     0     1      410.00      403.00        0.00
     0     1      402.00      403.00        0.00
     0     1      396.00      403.00        0.00
     0     1      388.00      403.00        0.00
     0     1      382.00      405.00        0.00
     0     1      374.00      407.00        0.00
     0     1      368.00      409.00        0.00
     0     1      362.00      409.00        0.00
     0     1      354.00      411.00        0.00
     0     1      350.00      415.00        0.00
     0     1      344.00      415.00        0.00
     0     1      336.00      417.00        0.00
     0     1      328.00      421.00        0.00
     0     1      318.00      423.00        0.00
     0     1      312.00      425.00        0.00
     0     1      302.00      427.00        0.00
     0     1      296.00      427.00        0.00
     0     1      290.00      427.00        0.00
     0     1      284.00      427.00        0.00
     0     1      282.00      421.00        0.00
     0     1      284.00      415.00        0.00
     0     1      288.00      411.00        0.00
     0     1      292.00      407.00        0.00
     0     1      296.00      403.00        0.00
     0     1      300.00      399.00        0.00
     0     1      304.00      393.00        0.00
     0     1      308.00      389.00        0.00
     0     1      314.00      385.00        0.00
     0     1      320.00      381.00        0.00
     0     1      324.00      377.00        0.00
     0     1      330.00      373.00        0.00
     0     1      334.00      369.00        0.00
     0     1      338.00      365.00        0.00
     0     1      342.00      361.00        0.00
     0     1      348.00      357.00        0.00
     0     1      352.00      351.00        0.00
     0     1      354.00      345.00        0.00
     0     1      358.00      339.00        0.00
     0     1      360.00      333.00        0.00
     0     1      362.00      327.00        0.00
     0     1      364.00      321.00        0.00
     0     1      368.00      315.00        0.00
     0     1      372.00      311.00        0.00
     0     1      376.00      307.00        0.00
     0     1      382.00      303.00        0.00
     0     1      388.00      299.00        0.00
     0     1      394.00      297.00        0.00
     0     1      400.00      297.00        0.00
     0     1      406.00      297.00        0.00
     0     1      412.00      299.00        0.00
     0     1      416.00      303.00        0.00
     0     1      418.00      309.00        0.00
     0     1      418.00      315.00        0.00
     0     1      418.00      321.00        0.00
     0     1      418.00      327.00        0.00
     0     2      858.00      167.00        0.00
     0     2      866.00      187.00        0.00
     0     2      870.00      195.00        0.00
     0     2      872.00      201.00        0.00
     0     2      872.00      207.00        0.00
     0     2      874.00      213.00        0.00
     0     2      874.00      219.00        0.00
     0     2      874.00      227.00        0.00
     0     2      872.00      233.00        0.00
     0     2      870.00      239.00        0.00
     0     2      866.00      245.00        0.00
     0     2      862.00      249.00        0.00
     0     2      858.00      253.00        0.00
     0     2      854.00      257.00        0.00
     0     2      850.00      261.00        0.00
     0     2      846.00      265.00        0.00
     0     2      842.00      269.00        0.00
     0     2      838.00      273.00        0.00
     0     2      836.00      279.00        0.00
     0     2      832.00      285.00        0.00
     0     2      832.00      291.00        0.00
     0     2      830.00      297.00        0.00
     0     2      830.00      303.00        0.00
     0     2      834.00      309.00        0.00
     0     2      838.00      317.00        0.00
     0     2      840.00      323.00        0.00
     0     2      846.00      329.00        0.00
     0     2      850.00      333.00        0.00
     0     2      854.00      337.00        0.00
     0     2      858.00      341.00        0.00
     0     2      862.00      345.00        0.00
     0     2      866.00      351.00        0.00
     0     2      870.00      355.00        0.00
     0     2      874.00      359.00        0.00
     0     2      880.00      359.00        0.00
     0     2      886.00      361.00        0.00
     0     2      894.00      363.00        0.00
     0     2      902.00      365.00        0.00
     0     2      908.00      365.00        0.00
     0     2      916.00      361.00        0.00
     0     2      922.00      359.00        0.00
     0     2      928.00      357.00        0.00
     0     2      932.00      353.00        0.00
     0     2      938.00      349.00        0.00
     0     2      942.00      345.00        0.00
     0     2      946.00      341.00        0.00
     0     2      952.00      337.00        0.00
     0     2      958.00      333.00        0.00
     0     2      964.00      329.00        0.00
     0     2      970.00      327.00        0.00
     0     2      976.00      323.00        0.00
     0     2      982.00      321.00        0.00
     0     2      990.00      319.00        0.00
     0     2      996.00      317.00        0.00
     0     2     1002.00      315.00        0.00
     0     2     1008.00      311.00        0.00
     0     2     1012.00      307.00        0.00
     0     2     1018.00      303.00        0.00
     0     2     1022.00      299.00        0.00
     0     2     1026.00      293.00        0.00
     0     2     1026.00      287.00        0.00
     0     2     1026.00      281.00        0.00
     0     2     1024.00      275.00        0.00
     0     2     1020.00      271.00        0.00
     0     2     1016.00      267.00        0.00
     0     2     1008.00      263.00        0.00
     0     2     1004.00      259.00        0.00
     0     2      998.00      257.00        0.00
     0     2      992.00      253.00        0.00
     0     2      986.00      251.00        0.00
     0     2      982.00      245.00        0.00
     0     2      978.00      241.00        0.00
     0     2      974.00      237.00        0.00
     0     2      972.00      231.00        0.00
     0     2      970.00      225.00        0.00
     0     2      966.00      219.00        0.00
     0     2      962.00      213.00        0.00
     0     2      958.00      205.00        0.00
     0     2      954.00      199.00        0.00
     0     2      950.00      193.00        0.00
     0     2      946.00      189.00        0.00
     0     2      942.00      185.00        0.00
     0     2      938.00      179.00        0.00
     0     2      932.00      175.00        0.00
     0     2      928.00      171.00        0.00
     0     2      922.00      167.00        0.00
     0     2      916.00      163.00        0.00
     0     2      910.00      161.00        0.00
     0     2      902.00      157.00        0.00
     0     2      896.00      153.00        0.00
     0     2      890.00      151.00        0.00
     0     2      884.00      147.00        0.00
     0     2      878.00      143.00        0.00
     0     2      872.00      139.00        0.00
     0     2      866.00      137.00        0.00
     0     2      860.00      135.00        0.00
     0     2      854.00      135.00        0.00
     0     3     1390.00      451.00        0.00
     0     3     1376.00      457.00        0.00
     0     3     1368.00      457.00        0.00
     0     3     1362.00      457.00        0.00
     0     3     1354.00      457.00        0.00
     0     3     1348.00      453.00        0.00
     0     3     1340.00      449.00        0.00
     0     3     1334.00      445.00        0.00
     0     3     1328.00      441.00        0.00
     0     3     1324.00      435.00        0.00
     0     3     1320.00      429.00        0.00
     0     3     1318.00      423.00        0.00
     0     3     1318.00      415.00        0.00
     0     3     1320.00      407.00        0.00
     0     3     1324.00      401.00        0.00
     0     3     1326.00      395.00        0.00
     0     3     1330.00      387.00        0.00
     0     3     1332.00      381.00        0.00
     0     3     1336.00      375.00        0.00
     0     3     1338.00      367.00        0.00
     0     3     1342.00      361.00        0.00
     0     3     1346.00      357.00        0.00
     0     3     1350.00      351.00        0.00
     0     3     1354.00      347.00        0.00
     0     3     1358.00      343.00        0.00
     0     3     1362.00      339.00        0.00
     0     3     1366.00      333.00        0.00
     0     3     1368.00      327.00        0.00
     0     3     1370.00      321.00        0.00
     0     3     1374.00      315.00        0.00
     0     3     1376.00      309.00        0.00
     0     3     1380.00      305.00        0.00
     0     3     1384.00      301.00        0.00
     0     3     1388.00      297.00        0.00
     0     3     1392.00      293.00        0.00
     0     3     1398.00      293.00        0.00
     0     3     1404.00      293.00        0.00
     0     3     1410.00      293.00        0.00
     0     3     1416.00      295.00        0.00
     0     3     1422.00      295.00        0.00
     0     3     1428.00      295.00        0.00
     0     3     1434.00      295.00        0.00
     0     3     1440.00      295.00        0.00
     0     3     1446.00      295.00        0.00
     0     3     1454.00      295.00        0.00
     0     3     1460.00      295.00        0.00
     0     3     1468.00      295.00        0.00
     0     3     1474.00      295.00        0.00
     0     3     1480.00      295.00        0.00
     0     3     1488.00      299.00        0.00
     0     3     1494.00      303.00        0.00
     0     3     1500.00      307.00        0.00
     0     3     1506.00      311.00        0.00
     0     3     1512.00      317.00        0.00
     0     3     1516.00      323.00        0.00
     0     3     1520.00      327.00        0.00
     0     3     1522.00      337.00        0.00
     0     3     1522.00      343.00        0.00
     0     3     1522.00      349.00        0.00
     0     3     1522.00      357.00        0.00
     0     3     1518.00      365.00        0.00
     0     3     1514.00      373.00        0.00
     0     3     1512.00      379.00        0.00
     0     3     1506.00      387.00        0.00
     0     3     1504.00      393.00        0.00
     0     3     1500.00      399.00        0.00
     0     3     1494.00      407.00        0.00
     0     3     1490.00      413.00        0.00
     0     3     1486.00      417.00        0.00
     0     3     1482.00      421.00        0.00
     0     3     1478.00      425.00        0.00
     0     3     1474.00      429.00        0.00
     0     3     1470.00      433.00        0.00
     0     3     1464.00      435.00        0.00
     0     3     1458.00      437.00        0.00
     0     3     1452.00      437.00        0.00
     0     4     1446.00      613.00        0.00
     0     4     1422.00      615.00        0.00
     0     4     1414.00      615.00        0.00
     0     4     1406.00      615.00        0.00
     0     4     1394.00      617.00        0.00
     0     4     1384.00      619.00        0.00
     0     4     1378.00      619.00        0.00
     0     4     1370.00      621.00        0.00
     0     4     1362.00      625.00        0.00
     0     4     1356.00      627.00        0.00
     0     4     1346.00      629.00        0.00
     0     4     1338.00      631.00        0.00
     0     4     1332.00      635.00        0.00
     0     4     1324.00      637.00        0.00
     0     4     1316.00      641.00        0.00
     0     4     1310.00      643.00        0.00
     0     4     1304.00      647.00        0.00
     0     4     1298.00      649.00        0.00
     0     4     1292.00      653.00        0.00
     0     4     1284.00      657.00        0.00
     0     4     1278.00      659.00        0.00
     0     4     1272.00      661.00        0.00
     0     4     1266.00      665.00        0.00
     0     4     1258.00      667.00        0.00
     0     4     1252.00      669.00        0.00
     0     4     1246.00      671.00        0.00
     0     4     1242.00      675.00        0.00
     0     4     1236.00      677.00        0.00
     0     4     1228.00      679.00        0.00
     0     4     1222.00      681.00        0.00
     0     4     1214.00      683.00        0.00
     0     4     1206.00      685.00        0.00
     0     4     1200.00      687.00        0.00
     0     4     1192.00      689.00        0.00
     0     4     1182.00      689.00        0.00
     0     4     1176.00      691.00        0.00
     0     4     1168.00      691.00        0.00
     0     4     1162.00      693.00        0.00
     0     4     1154.00      695.00        0.00
     0     4     1148.00      695.00        0.00
     0     4     1140.00      697.00        0.00
     0     4     1134.00      699.00        0.00
     0     4     1128.00      699.00        0.00
     0     4     1120.00      699.00        0.00
     0     4     1114.00      701.00        0.00
     0     4     1108.00      703.00        0.00
     0     4     1102.00      705.00        0.00
     0     4     1100.00      711.00        0.00
     0     4     1104.00      717.00        0.00
     0     4     1108.00      721.00        0.00
     0     4     1114.00      723.00        0.00
     0     4     1120.00      727.00        0.00
     0     4     1126.00      727.00        0.00
     0     4     1132.00      729.00        0.00
     0     4     1140.00      727.00        0.00
     0     4     1148.00      723.00        0.00
     0     4     1154.00      721.00        0.00
     0     4     1160.00      719.00        0.00
     0     4     1166.00      715.00        0.00
     0     4     1174.00      713.00        0.00
     0     4     1180.00      709.00        0.00
     0     4     1186.00      705.00        0.00
     0     4     1196.00      705.00        0.00
     0     4     1202.00      703.00        0.00
     0     4     1210.00      701.00        0.00
     0     4     1220.00      699.00        0.00
     0     4     1228.00      697.00        0.00
     0     4     1238.00      695.00        0.00
     0     4     1246.00      695.00        0.00
     0     4     1254.00      693.00        0.00
     0     4     1260.00      693.00        0.00
     0     4     1270.00      693.00        0.00
     0     4     1276.00      691.00        0.00
     0     4     1282.00      691.00        0.00
     0     4     1288.00      691.00        0.00
     0     4     1296.00      691.00        0.00
     0     4     1304.00      691.00        0.00
     0     4     1310.00      691.00        0.00
     0     4     1316.00      691.00        0.00
     0     4     1324.00      689.00        0.00
     0     4     1330.00      687.00        0.00
     0     4     1340.00      687.00        0.00
     0     4     1352.00      683.00        0.00
     0     4     1360.00      681.00        0.00
     0     4     1366.00      677.00        0.00
     0     4     1374.00      675.00        0.00
     0     4     1384.00      673.00        0.00
     0     4     1392.00      671.00        0.00
     0     4     1402.00      669.00        0.00
     0     4     1408.00      667.00        0.00
     0     4     1414.00      667.00        0.00
     0     4     1422.00      663.00        0.00
     0     4     1430.00      659.00        0.00
     0     4     1438.00      655.00        0.00
     0     4     1444.00      651.00        0.00
     0     4     1452.00      647.00        0.00
     0     4     1458.00      645.00        0.00
     0     4     1464.00      641.00        0.00
     0     4     1470.00      639.00        0.00
     0     4     1476.00      637.00        0.00
     0     4     1480.00      633.00        0.00
     0     4     1484.00      629.00        0.00
     0     4     1488.00      625.00        0.00
     0     4     1492.00      621.00        0.00
     0     4     1496.00      617.00        0.00
     0     5     1206.00     1175.00        0.00
     0     5     1196.00     1169.00        0.00
     0     5     1192.00     1165.00        0.00
     0     5     1190.00     1159.00        0.00
     0     5     1190.00     1153.00        0.00
     0     5     1190.00     1147.00        0.00
     0     5     1192.00     1141.00        0.00
     0     5     1198.00     1135.00        0.00
     0     5     1202.00     1131.00        0.00
     0     5     1208.00     1127.00        0.00
     0     5     1216.00     1123.00        0.00
     0     5     1224.00     1121.00        0.00
     0     5     1232.00     1117.00        0.00
     0     5     1240.00     1115.00        0.00
     0     5     1246.00     1113.00        0.00
     0     5     1252.00     1111.00        0.00
     0     5     1258.00     1107.00        0.00
     0     5     1264.00     1105.00        0.00
     0     5     1270.00     1103.00        0.00
     0     5     1276.00     1101.00        0.00
     0     5     1282.00     1099.00        0.00
     0     5     1288.00     1097.00        0.00
     0     5     1294.00     1097.00        0.00
     0     5     1300.00     1095.00        0.00
     0     5     1308.00     1093.00        0.00
     0     5     1314.00     1093.00        0.00
     0     5     1322.00     1091.00        0.00
     0     5     1328.00     1089.00        0.00
     0     5     1336.00     1089.00        0.00
     0     5     1344.00     1087.00        0.00
     0     5     1352.00     1087.00        0.00
     0     5     1360.00     1085.00        0.00
     0     5     1366.00     1085.00        0.00
     0     5     1374.00     1085.00        0.00
     0     5     1380.00     1085.00        0.00
     0     5     1386.00     1085.00        0.00
     0     5     1394.00     1087.00        0.00
     0     5     1398.00     1093.00        0.00
     0     5     1404.00     1097.00        0.00
     0     5     1406.00     1103.00        0.00
     0     5     1408.00     1109.00        0.00
     0     5     1410.00     1115.00        0.00
     0     5     1412.00     1121.00        0.00
     0     5     1412.00     1129.00        0.00
     0     5     1410.00     1135.00        0.00
     0     5     1406.00     1141.00        0.00
     0     5     1402.00     1145.00        0.00
     0     5     1398.00     1149.00        0.00
     0     5     1390.00     1155.00        0.00
     0     5     1384.00     1159.00        0.00
     0     5     1378.00     1161.00        0.00
     0     5     1372.00     1165.00        0.00
     0     5     1366.00     1169.00        0.00
     0     5     1358.00     1175.00        0.00
     0     5     1352.00     1179.00        0.00
     0     5     1346.00     1181.00        0.00
     0     5     1338.00     1185.00        0.00
     0     5     1330.00     1189.00        0.00
     0     5     1324.00     1193.00        0.00
     0     5     1318.00     1197.00        0.00
     0     5     1310.00     1201.00        0.00
     0     5     1304.00     1203.00        0.00
     0     5     1298.00     1205.00        0.00
     0     5     1292.00     1207.00        0.00
     0     5     1286.00     1207.00        0.00
     0     5     1280.00     1209.00        0.00
     0     5     1274.00     1209.00        0.00
     0     5     1268.00     1209.00        0.00
     0     5     1262.00     1209.00        0.00
     0     5     1256.00     1211.00        0.00
     0     5     1250.00     1211.00        0.00
     0     6       88.00     1387.00        0.00
     0     6       74.00     1385.00        0.00
     0     6       68.00     1381.00        0.00
     0     6       62.00     1377.00        0.00
     0     6       58.00     1373.00        0.00
     0     6       56.00     1367.00        0.00
     0     6       50.00     1359.00        0.00
     0     6       46.00     1353.00        0.00
     0     6       42.00     1347.00        0.00
     0     6       40.00     1341.00        0.00
     0     6       38.00     1333.00        0.00
     0     6       38.00     1325.00        0.00
     0     6       42.00     1321.00        0.00
     0     6       48.00     1317.00        0.00
     0     6       54.00     1315.00        0.00
     0     6       62.00     1311.00        0.00
     0     6       70.00     1307.00        0.00
     0     6       74.00     1303.00        0.00
     0     6       80.00     1301.00        0.00
     0     6       86.00     1297.00        0.00
     0     6       90.00     1293.00        0.00
     0     6       96.00     1291.00        0.00
     0     6      102.00     1285.00        0.00
     0     6      108.00     1281.00        0.00
     0     6      114.00     1275.00        0.00
     0     6      118.00     1269.00        0.00
     0     6      122.00     1265.00        0.00
     0     6      126.00     1259.00        0.00
     0     6      132.00     1251.00        0.00
     0     6      136.00     1247.00        0.00
     0     6      142.00     1241.00        0.00
     0     6      148.00     1237.00        0.00
     0     6      152.00     1233.00        0.00
     0     6      158.00     1229.00        0.00
     0     6      164.00     1225.00        0.00
     0     6      170.00     1221.00        0.00
     0     6      176.00     1217.00        0.00
     0     6      180.00     1213.00        0.00
     0     6      186.00     1209.00        0.00
     0     6      190.00     1205.00        0.00
     0     6      196.00     1201.00        0.00
     0     6      202.00     1201.00        0.00
     0     6      206.00     1205.00        0.00
     0     6      206.00     1211.00        0.00
     0     6      206.00     1217.00        0.00
     0     6      206.00     1225.00        0.00
     0     6      206.00     1233.00        0.00
     0     6      206.00     1239.00        0.00
     0     6      206.00     1247.00        0.00
     0     6      206.00     1259.00        0.00
     0     6      204.00     1265.00        0.00
     0     6      202.00     1271.00        0.00
     0     6      200.00     1277.00        0.00
     0     6      198.00     1285.00        0.00
     0     6      194.00     1291.00        0.00
     0     6      192.00     1297.00        0.00
     0     6      188.00     1303.00        0.00
     0     6      184.00     1307.00        0.00
     0     6      180.00     1311.00        0.00
     0     6      176.00     1315.00        0.00
     0     6      172.00     1321.00        0.00
     0     6      168.00     1325.00        0.00
     0     6      164.00     1329.00        0.00
     0     6      158.00     1333.00        0.00
     0     6      154.00     1339.00        0.00
     0     6      148.00     1343.00        0.00
     0     6      144.00     1349.00        0.00
     0     6      140.00     1353.00        0.00
     0     6      136.00     1359.00        0.00
     0     6      132.00     1363.00        0.00
     0     6      128.00     1369.00        0.00
