     0     0      256.00      949.00        0.00
     0     0      262.00      957.00        0.00
     0     0      268.00      961.00        0.00
     0     0      272.00      965.00        0.00
     0     0      276.00      969.00        0.00
     0     0      280.00      973.00        0.00
     0     0      284.00      977.00        0.00
     0     0      288.00      981.00        0.00
     0     0      292.00      985.00        0.00
     0     0      296.00      989.00        0.00
     0     0      302.00      993.00        0.00
     0     0      308.00      997.00        0.00
     0     0      314.00      999.00        0.00
     0     0      320.00     1003.00        0.00
     0     0      326.00     1007.00        0.00
     0     0      332.00     1011.00        0.00
     0     0      340.00     1015.00        0.00
     0     0      344.00     1021.00        0.00
     0     0      350.00     1025.00        0.00
     0     0      354.00     1029.00        0.00
     0     0      360.00     1033.00        0.00
     0     0      368.00     1037.00        0.00
     0     0      372.00     1041.00        0.00
     0     0      378.00     1045.00        0.00
     0     0      384.00     1049.00        0.00
     0     0      388.00     1053.00        0.00
     0     0      392.00     1057.00        0.00
     0     0      398.00     1061.00        0.00
     0     0      404.00     1065.00        0.00
     0     0      408.00     1071.00        0.00
     0     0      414.00     1075.00        0.00
     0     0      420.00     1081.00        0.00
     0     0      426.00     1085.00        0.00
     0     0      432.00     1089.00        0.00
     0     0      438.00     1093.00        0.00
     0     0      444.00     1097.00        0.00
     0     0      448.00     1101.00        0.00
     0     0      454.00     1105.00        0.00
     0     0      460.00     1109.00        0.00
     0     0      466.00     1111.00        0.00
     0     0      470.00     1115.00        0.00
     0     0      478.00     1117.00        0.00
     0     0      486.00     1121.00        0.00
     0     0      492.00     1123.00        0.00
     0     0      500.00     1129.00        0.00
     0     0      508.00     1131.00        0.00
     0     0      516.00     1135.00        0.00
     0     0      524.00     1139.00        0.00
     0     0      530.00     1141.00        0.00
     0     0      538.00     1145.00        0.00
     0     0      548.00     1149.00        0.00
     0     0      554.00     1151.00        0.00
     0     0      560.00     1153.00        0.00
     0     0      570.00     1157.00        0.00
     0     0      576.00     1159.00        0.00
     0     0      582.00     1161.00        0.00
     0     0      588.00     1163.00        0.00
     0     0      596.00     1165.00        0.00
     0     0      602.00     1165.00        0.00
     0     0      610.00     1165.00        0.00
     0     0      618.00     1167.00        0.00
     0     0      624.00     1167.00        0.00
     0     0      630.00     1167.00        0.00
     0     0      636.00     1165.00        0.00
     0     0      642.00     1165.00        0.00
     0     0      636.00     1161.00        0.00
     0     0      630.00     1159.00        0.00
     0     0      622.00     1155.00        0.00
     0     0      614.00     1151.00        0.00
     0     0      608.00     1147.00        0.00
     0     0      600.00     1143.00        0.00
     0     0      594.00     1139.00        0.00
     0     0      590.00     1135.00        0.00
     0     0      584.00     1131.00        0.00
     0     0      580.00     1127.00        0.00
     0     0      576.00     1123.00        0.00
     0     0      570.00     1119.00        0.00
     0     0      566.00     1115.00        0.00
     0     0      562.00     1109.00        0.00
     0     0      558.00     1103.00        0.00
     0     0      554.00     1099.00        0.00
     0     0      550.00     1093.00        0.00
     0     0      544.00     1091.00        0.00
     0     0      540.00     1087.00        0.00
     0     0      534.00     1085.00        0.00
     0     0      528.00     1081.00        0.00
     0     0      524.00     1077.00        0.00
     0     0      518.00     1075.00        0.00
     0     0      514.00     1071.00        0.00
     0     0      508.00     1067.00        0.00
     0     0      504.00     1063.00        0.00
     0     0      498.00     1061.00        0.00
     0     0      490.00     1059.00        0.00
     0     0      484.00     1057.00        0.00
     0     0      478.00     1055.00        0.00
     0     0      472.00     1053.00        0.00
     0     0      466.00     1051.00        0.00
     0     0      460.00     1049.00        0.00
     0     0      454.00     1045.00        0.00
     0     0      448.00     1041.00        0.00
     0     0      442.00     1039.00        0.00
     0     0      438.00     1035.00        0.00
     0     0      430.00     1033.00        0.00
     0     0      424.00     1029.00        0.00
     0     0      418.00     1025.00        0.00
     0     0      412.00     1021.00        0.00
     0     0      404.00     1017.00        0.00
     0     0      398.00     1015.00        0.00
     0     0      390.00     1013.00        0.00
     0     0      384.00     1011.00        0.00
     0     0      378.00     1009.00        0.00
     0     0      372.00     1007.00        0.00
     0     0      366.00     1005.00        0.00
     0     0      360.00     1003.00        0.00
     0     0      354.00     1003.00        0.00
     0     0      348.00     1001.00        0.00
     0     0      342.00      999.00        0.00
     0     0      336.00      997.00        0.00
     0     0      330.00      995.00        0.00
     0     0      324.00      991.00        0.00
     0     0      318.00      989.00        0.00
     0     0      312.00      985.00        0.00
     0     1     1126.00      409.00        0.00
     0     1     1118.00      415.00        0.00
     0     1     1112.00      419.00        0.00
     0     1     1108.00      423.00        0.00
     0     1     1102.00      425.00        0.00
     0     1     1094.00      429.00        0.00
     0     1     1090.00      433.00        0.00
     0     1     1086.00      437.00        0.00
     0     1     1082.00      441.00        0.00
     0     1     1078.00      445.00        0.00
     0     1     1072.00      447.00        0.00
     0     1     1068.00      451.00        0.00
     0     1     1060.00      455.00        0.00
     0     1     1054.00      459.00        0.00
     0     1     1048.00      461.00        0.00
     0     1     1042.00      465.00        0.00
     0     1     1036.00      469.00        0.00
     0     1     1030.00      471.00        0.00
     0     1     1024.00      475.00        0.00
     0     1     1018.00      477.00        0.00
     0     1     1012.00      477.00        0.00
     0     1     1006.00      479.00        0.00
     0     1     1000.00      481.00        0.00
     0     1      994.00      481.00        0.00
     0     1      988.00      481.00        0.00
     0     1      982.00      479.00        0.00
     0     1      976.00      475.00        0.00
     0     1      976.00      469.00        0.00
     0     1      976.00      463.00        0.00
     0     1      982.00      457.00        0.00
     0     1      986.00      453.00        0.00
     0     1      990.00      449.00        0.00
     0     1      996.00      447.00        0.00
     0     1     1000.00      443.00        0.00
     0     1     1004.00      439.00        0.00
     0     1     1010.00      437.00        0.00
     0     1     1014.00      433.00        0.00
     0     1     1020.00      429.00        0.00
     0     1     1024.00      425.00        0.00
     0     1     1030.00      421.00        0.00
     0     1     1034.00      417.00        0.00
     0     1     1040.00      413.00        0.00
     0     1     1046.00      407.00        0.00
     0     1     1050.00      403.00        0.00
     0     1     1054.00      399.00        0.00
     0     1     1058.00      395.00        0.00
     0     1     1064.00      391.00        0.00
     0     1     1068.00      385.00        0.00
     0     1     1074.00      381.00        0.00
     0     1     1078.00      377.00        0.00
     0     1     1082.00      373.00        0.00
     0     1     1086.00      369.00        0.00
     0     1     1090.00      365.00        0.00
     0     1     1094.00      359.00        0.00
     0     1     1100.00      355.00        0.00
     0     1     1106.00      351.00        0.00
     0     1     1110.00      347.00        0.00
     0     1     1114.00      343.00        0.00
     0     1     1118.00      339.00        0.00
     0     1     1122.00      335.00        0.00
     0     1     1124.00      329.00        0.00
     0     1     1128.00      325.00        0.00
     0     1     1132.00      319.00        0.00
     0     1     1132.00      313.00        0.00
     0     1     1136.00      307.00        0.00
     0     1     1138.00      301.00        0.00
     0     1     1142.00      297.00        0.00
     0     1     1146.00      291.00        0.00
     0     1     1150.00      287.00        0.00
     0     1     1154.00      283.00        0.00
     0     1     1160.00      283.00        0.00
     0     1     1166.00      285.00        0.00
     0     1     1172.00      287.00        0.00
     0     1     1178.00      289.00        0.00
     0     1     1184.00      291.00        0.00
     0     1     1190.00      293.00        0.00
     0     1     1196.00      293.00        0.00
     0     1     1202.00      295.00        0.00
     0     1     1208.00      297.00        0.00
     0     1     1214.00      301.00        0.00
     0     1     1218.00      305.00        0.00
     0     1     1220.00      311.00        0.00
     0     1     1224.00      317.00        0.00
     0     1     1224.00      323.00        0.00
     0     1     1226.00      329.00        0.00
     0     1     1228.00      335.00        0.00
     0     1     1230.00      341.00        0.00
     0     1     1230.00      347.00        0.00
     0     1     1228.00      353.00        0.00
     0     1     1222.00      355.00        0.00
     0     1     1216.00      355.00        0.00
     0     1     1210.00      355.00        0.00
     0     1     1204.00      355.00        0.00
     0     1     1198.00      355.00        0.00
     0     1     1192.00      355.00        0.00
     0     1     1186.00      355.00        0.00
     0     2     1626.00      239.00        0.00
     0     2     1632.00      253.00        0.00
     0     2     1636.00      259.00        0.00
     0     2     1640.00      265.00        0.00
     0     2     1648.00      271.00        0.00
     0     2     1654.00      275.00        0.00
     0     2     1658.00      279.00        0.00
     0     2     1666.00      283.00        0.00
     0     2     1672.00      283.00        0.00
     0     2     1678.00      285.00        0.00
     0     2     1688.00      285.00        0.00
     0     2     1696.00      285.00        0.00
     0     2     1706.00      285.00        0.00
     0     2     1714.00      285.00        0.00
     0     2     1722.00      283.00        0.00
     0     2     1728.00      281.00        0.00
     0     2     1738.00      277.00        0.00
     0     2     1746.00      275.00        0.00
     0     2     1750.00      271.00        0.00
     0     2     1754.00      267.00        0.00
     0     2     1758.00      263.00        0.00
     0     2     1762.00      259.00        0.00
     0     2     1768.00      253.00        0.00
     0     2     1772.00      247.00        0.00
     0     2     1774.00      241.00        0.00
     0     2     1776.00      235.00        0.00
     0     2     1780.00      229.00        0.00
     0     2     1782.00      223.00        0.00
     0     2     1784.00      217.00        0.00
     0     2     1786.00      211.00        0.00
     0     2     1786.00      205.00        0.00
     0     2     1788.00      197.00        0.00
     0     2     1788.00      191.00        0.00
     0     2     1788.00      183.00        0.00
     0     2     1786.00      175.00        0.00
     0     2     1786.00      169.00        0.00
     0     2     1782.00      161.00        0.00
     0     2     1778.00      157.00        0.00
     0     2     1774.00      153.00        0.00
     0     2     1770.00      149.00        0.00
     0     2     1766.00      143.00        0.00
     0     2     1762.00      139.00        0.00
     0     2     1758.00      135.00        0.00
     0     2     1754.00      131.00        0.00
     0     2     1746.00      127.00        0.00
     0     2     1740.00      125.00        0.00
     0     2     1734.00      125.00        0.00
     0     2     1728.00      125.00        0.00
     0     2     1722.00      127.00        0.00
     0     2     1714.00      129.00        0.00
     0     2     1708.00      129.00        0.00
     0     2     1702.00      129.00        0.00
     0     2     1696.00      129.00        0.00
     0     2     1690.00      127.00        0.00
     0     2     1680.00      125.00        0.00
     0     2     1672.00      121.00        0.00
     0     2     1666.00      117.00        0.00
     0     2     1656.00      113.00        0.00
     0     2     1650.00      111.00        0.00
     0     2     1640.00      107.00        0.00
     0     2     1630.00      103.00        0.00
     0     2     1622.00       97.00        0.00
     0     2     1616.00       95.00        0.00
     0     2     1610.00       91.00        0.00
     0     2     1604.00       89.00        0.00
     0     2     1598.00       85.00        0.00
     0     2     1594.00       81.00        0.00
     0     2     1588.00       77.00        0.00
     0     2     1584.00       71.00        0.00
     0     2     1580.00       67.00        0.00
     0     2     1576.00       61.00        0.00
     0     2     1570.00       57.00        0.00
     0     2     1566.00       53.00        0.00
     0     2     1562.00       49.00        0.00
     0     2     1556.00       45.00        0.00
     0     2     1552.00       41.00        0.00
     0     2     1550.00       49.00        0.00
     0     2     1554.00       57.00        0.00
     0     2     1556.00       63.00        0.00
     0     2     1558.00       71.00        0.00
     0     2     1562.00       79.00        0.00
     0     2     1566.00       85.00        0.00
     0     2     1568.00       91.00        0.00
     0     2     1570.00       97.00        0.00
     0     2     1574.00      101.00        0.00
     0     2     1578.00      107.00        0.00
     0     2     1580.00      113.00        0.00
     0     2     1584.00      121.00        0.00
     0     2     1588.00      125.00        0.00
     0     2     1590.00      131.00        0.00
     0     2     1594.00      135.00        0.00
     0     2     1596.00      141.00        0.00
     0     2     1600.00      145.00        0.00
     0     2     1602.00      151.00        0.00
     0     2     1606.00      155.00        0.00
     0     2     1610.00      159.00        0.00
     0     2     1612.00      165.00        0.00
     0     2     1616.00      171.00        0.00
     0     2     1618.00      177.00        0.00
     0     2     1620.00      183.00        0.00
     0     2     1622.00      189.00        0.00
     0     2     1624.00      197.00        0.00
     0     2     1624.00      203.00        0.00
     0     2     1624.00      209.00        0.00
     0     2     1624.00      217.00        0.00
     0     3     1448.00      885.00        0.00
     0     3     1434.00      895.00        0.00
     0     3     1430.00      901.00        0.00
     0     3     1424.00      907.00        0.00
     0     3     1418.00      909.00        0.00
     0     3     1412.00      913.00        0.00
     0     3     1404.00      913.00        0.00
     0     3     1398.00      915.00        0.00
     0     3     1390.00      915.00        0.00
     0     3     1384.00      915.00        0.00
     0     3     1378.00      911.00        0.00
     0     3     1376.00      905.00        0.00
     0     3     1376.00      897.00        0.00
     0     3     1376.00      889.00        0.00
     0     3     1380.00      881.00        0.00
     0     3     1382.00      873.00        0.00
     0     3     1386.00      865.00        0.00
     0     3     1390.00      859.00        0.00
     0     3     1394.00      853.00        0.00
     0     3     1396.00      845.00        0.00
     0     3     1398.00      839.00        0.00
     0     3     1402.00      833.00        0.00
     0     3     1406.00      827.00        0.00
     0     3     1408.00      821.00        0.00
     0     3     1412.00      817.00        0.00
     0     3     1414.00      811.00        0.00
     0     3     1418.00      807.00        0.00
     0     3     1422.00      801.00        0.00
     0     3     1424.00      795.00        0.00
     0     3     1428.00      787.00        0.00
     0     3     1430.00      781.00        0.00
     0     3     1432.00      775.00        0.00
     0     3     1436.00      769.00        0.00
     0     3     1438.00      763.00        0.00
     0     3     1440.00      757.00        0.00
     0     3     1444.00      751.00        0.00
     0     3     1448.00      745.00        0.00
     0     3     1450.00      739.00        0.00
     0     3     1452.00      733.00        0.00
     0     3     1456.00      727.00        0.00
     0     3     1460.00      721.00        0.00
     0     3     1464.00      715.00        0.00
     0     3     1466.00      709.00        0.00
     0     3     1466.00      703.00        0.00
     0     3     1468.00      697.00        0.00
     0     3     1470.00      691.00        0.00
     0     3     1470.00      685.00        0.00
     0     3     1472.00      679.00        0.00
     0     3     1472.00      671.00        0.00
     0     3     1472.00      665.00        0.00
     0     3     1472.00      655.00        0.00
     0     3     1472.00      645.00        0.00
     0     3     1472.00      639.00        0.00
     0     3     1470.00      633.00        0.00
     0     3     1470.00      625.00        0.00
     0     3     1470.00      617.00        0.00
     0     3     1470.00      611.00        0.00
     0     3     1470.00      605.00        0.00
     0     3     1470.00      597.00        0.00
     0     3     1472.00      591.00        0.00
     0     3     1472.00      583.00        0.00
     0     3     1470.00      577.00        0.00
     0     3     1470.00      571.00        0.00
     0     3     1470.00      565.00        0.00
     0     3     1474.00      559.00        0.00
     0     3     1480.00      559.00        0.00
     0     3     1486.00      557.00        0.00
     0     3     1492.00      557.00        0.00
     0     3     1498.00      557.00        0.00
     0     3     1504.00      559.00        0.00
     0     3     1512.00      561.00        0.00
     0     3     1516.00      565.00        0.00
     0     3     1520.00      569.00        0.00
     0     3     1524.00      573.00        0.00
     0     3     1524.00      579.00        0.00
     0     3     1524.00      585.00        0.00
     0     3     1524.00      591.00        0.00
     0     3     1524.00      597.00        0.00
     0     3     1522.00      603.00        0.00
     0     3     1518.00      609.00        0.00
     0     3     1514.00      615.00        0.00
     0     3     1508.00      621.00        0.00
     0     3     1504.00      629.00        0.00
     0     3     1502.00      635.00        0.00
     0     3     1498.00      641.00        0.00
     0     3     1496.00      647.00        0.00
     0     3     1496.00      653.00        0.00
     0     3     1494.00      659.00        0.00
     0     3     1492.00      667.00        0.00
     0     3     1492.00      673.00        0.00
     0     3     1492.00      681.00        0.00
     0     3     1490.00      689.00        0.00
     0     3     1490.00      695.00        0.00
     0     3     1490.00      703.00        0.00
     0     3     1490.00      709.00        0.00
     0     3     1490.00      717.00        0.00
     0     3     1490.00      725.00        0.00
     0     3     1488.00      733.00        0.00
     0     3     1488.00      739.00        0.00
     0     3     1488.00      745.00        0.00
     0     3     1488.00      751.00        0.00
     0     3     1486.00      757.00        0.00
     0     3     1480.00      761.00        0.00
     0     3     1478.00      767.00        0.00
     0     3     1478.00      773.00        0.00
     0     3     1478.00      779.00        0.00
     0     4     1554.00     1105.00        0.00
     0     4     1552.00     1115.00        0.00
     0     4     1552.00     1121.00        0.00
     0     4     1552.00     1127.00        0.00
     0     4     1546.00     1131.00        0.00
     0     4     1540.00     1131.00        0.00
     0     4     1534.00     1131.00        0.00
     0     4     1528.00     1131.00        0.00
     0     4     1522.00     1127.00        0.00
     0     4     1520.00     1121.00        0.00
     0     4     1516.00     1115.00        0.00
     0     4     1516.00     1109.00        0.00
     0     4     1514.00     1103.00        0.00
     0     4     1512.00     1095.00        0.00
     0     4     1512.00     1089.00        0.00
     0     4     1510.00     1081.00        0.00
     0     4     1508.00     1075.00        0.00
     0     4     1504.00     1071.00        0.00
     0     4     1500.00     1063.00        0.00
     0     4     1496.00     1057.00        0.00
     0     4     1492.00     1053.00        0.00
     0     4     1490.00     1045.00        0.00
     0     4     1486.00     1039.00        0.00
     0     4     1484.00     1031.00        0.00
     0     4     1482.00     1023.00        0.00
     0     4     1480.00     1013.00        0.00
     0     4     1478.00     1005.00        0.00
     0     4     1476.00      999.00        0.00
     0     4     1476.00      993.00        0.00
     0     4     1474.00      987.00        0.00
     0     4     1470.00      981.00        0.00
     0     4     1466.00      975.00        0.00
     0     4     1462.00      969.00        0.00
     0     4     1456.00      963.00        0.00
     0     4     1452.00      959.00        0.00
     0     4     1448.00      955.00        0.00
     0     4     1442.00      951.00        0.00
     0     4     1436.00      947.00        0.00
     0     4     1430.00      947.00        0.00
     0     4     1424.00      947.00        0.00
     0     4     1418.00      945.00        0.00
     0     4     1412.00      941.00        0.00
     0     4     1408.00      937.00        0.00
     0     4     1408.00      931.00        0.00
     0     4     1408.00      925.00        0.00
     0     4     1410.00      919.00        0.00
     0     4     1414.00      913.00        0.00
     0     4     1418.00      907.00        0.00
     0     4     1422.00      901.00        0.00
     0     4     1424.00      895.00        0.00
     0     4     1428.00      889.00        0.00
     0     4     1432.00      885.00        0.00
     0     4     1436.00      881.00        0.00
     0     4     1440.00      877.00        0.00
     0     4     1444.00      873.00        0.00
     0     4     1450.00      871.00        0.00
     0     4     1452.00      865.00        0.00
     0     4     1456.00      861.00        0.00
     0     4     1462.00      857.00        0.00
     0     4     1468.00      853.00        0.00
     0     4     1474.00      851.00        0.00
     0     4     1480.00      849.00        0.00
     0     4     1486.00      849.00        0.00
     0     4     1492.00      849.00        0.00
     0     4     1498.00      853.00        0.00
     0     4     1506.00      853.00        0.00
     0     4     1512.00      855.00        0.00
     0     4     1518.00      855.00        0.00
     0     4     1524.00      855.00        0.00
     0     4     1532.00      857.00        0.00
     0     4     1538.00      857.00        0.00
     0     4     1544.00      855.00        0.00
     0     4     1550.00      853.00        0.00
     0     4     1554.00      857.00        0.00
     0     4     1554.00      863.00        0.00
     0     4     1554.00      869.00        0.00
     0     4     1554.00      877.00        0.00
     0     4     1554.00      885.00        0.00
     0     4     1554.00      895.00        0.00
     0     4     1554.00      901.00        0.00
     0     4     1552.00      907.00        0.00
     0     4     1552.00      915.00        0.00
     0     4     1550.00      923.00        0.00
     0     4     1548.00      929.00        0.00
     0     4     1546.00      935.00        0.00
     0     4     1546.00      943.00        0.00
     0     4     1544.00      949.00        0.00
     0     4     1544.00      955.00        0.00
     0     4     1544.00      963.00        0.00
     0     4     1544.00      969.00        0.00
     0     4     1544.00      975.00        0.00
     0     4     1548.00      981.00        0.00
     0     4     1550.00      987.00        0.00
     0     4     1554.00      997.00        0.00
     0     4     1556.00     1005.00        0.00
     0     4     1558.00     1015.00        0.00
     0     4     1562.00     1025.00        0.00
     0     4     1566.00     1033.00        0.00
     0     4     1566.00     1041.00        0.00
     0     4     1568.00     1049.00        0.00
     0     4     1570.00     1057.00        0.00
     0     4     1570.00     1065.00        0.00
     0     4     1570.00     1071.00        0.00
     0     5     1776.00     1187.00        0.00
     0     5     1786.00     1205.00        0.00
     0     5     1794.00     1217.00        0.00
     0     5     1800.00     1227.00        0.00
     0     5     1806.00     1233.00        0.00
     0     5     1814.00     1239.00        0.00
     0     5     1820.00     1245.00        0.00
     0     5     1824.00     1249.00        0.00
     0     5     1828.00     1255.00        0.00
     0     5     1832.00     1259.00        0.00
     0     5     1838.00     1263.00        0.00
     0     5     1846.00     1267.00        0.00
     0     5     1850.00     1271.00        0.00
     0     5     1856.00     1275.00        0.00
     0     5     1862.00     1281.00        0.00
     0     5     1868.00     1285.00        0.00
     0     5     1874.00     1289.00        0.00
     0     5     1880.00     1293.00        0.00
     0     5     1886.00     1295.00        0.00
     0     5     1892.00     1299.00        0.00
     0     5     1900.00     1301.00        0.00
     0     5     1906.00     1301.00        0.00
     0     5     1912.00     1303.00        0.00
     0     5     1918.00     1303.00        0.00
     0     5     1924.00     1303.00        0.00
     0     5     1930.00     1301.00        0.00
     0     5     1932.00     1295.00        0.00
     0     5     1932.00     1289.00        0.00
     0     5     1928.00     1279.00        0.00
     0     5     1924.00     1271.00        0.00
     0     5     1916.00     1265.00        0.00
     0     5     1908.00     1253.00        0.00
     0     5     1898.00     1243.00        0.00
     0     5     1890.00     1233.00        0.00
     0     5     1882.00     1219.00        0.00
     0     5     1872.00     1209.00        0.00
     0     5     1864.00     1199.00        0.00
     0     5     1854.00     1189.00        0.00
     0     5     1848.00     1183.00        0.00
     0     5     1842.00     1177.00        0.00
     0     5     1836.00     1171.00        0.00
     0     5     1830.00     1167.00        0.00
     0     5     1826.00     1163.00        0.00
     0     5     1822.00     1157.00        0.00
     0     5     1816.00     1151.00        0.00
     0     5     1810.00     1147.00        0.00
     0     5     1804.00     1141.00        0.00
     0     5     1794.00     1135.00        0.00
     0     5     1790.00     1131.00        0.00
     0     5     1786.00     1127.00        0.00
     0     5     1780.00     1123.00        0.00
     0     5     1776.00     1117.00        0.00
     0     5     1772.00     1113.00        0.00
     0     5     1768.00     1109.00        0.00
     0     5     1764.00     1103.00        0.00
     0     5     1760.00     1099.00        0.00
     0     5     1756.00     1093.00        0.00
     0     5     1752.00     1089.00        0.00
     0     5     1748.00     1085.00        0.00
     0     5     1742.00     1081.00        0.00
     0     5     1738.00     1077.00        0.00
     0     5     1734.00     1073.00        0.00
     0     5     1728.00     1067.00        0.00
     0     5     1722.00     1063.00        0.00
     0     5     1718.00     1059.00        0.00
     0     5     1712.00     1055.00        0.00
     0     5     1706.00     1049.00        0.00
     0     5     1702.00     1045.00        0.00
     0     5     1698.00     1041.00        0.00
     0     5     1694.00     1035.00        0.00
     0     5     1688.00     1031.00        0.00
     0     5     1684.00     1027.00        0.00
     0     5     1678.00     1023.00        0.00
     0     5     1674.00     1019.00        0.00
     0     5     1668.00     1015.00        0.00
     0     5     1562.00      883.00        0.00
     0     5     1526.00      817.00        0.00
     0     5     1496.00      727.00        0.00
     0     5     1488.00      755.00        0.00
     0     5     1544.00      867.00        0.00
     0     5     1594.00      943.00        0.00
     0     5     1650.00     1023.00        0.00
     0     5     1654.00     1027.00        0.00
     0     5     1658.00     1031.00        0.00
     0     5     1662.00     1037.00        0.00
     0     5     1666.00     1043.00        0.00
     0     5     1668.00     1049.00        0.00
     0     5     1670.00     1055.00        0.00
     0     5     1674.00     1059.00        0.00
     0     5     1676.00     1065.00        0.00
     0     5     1680.00     1069.00        0.00
     0     5     1684.00     1075.00        0.00
     0     5     1688.00     1081.00        0.00
     0     5     1692.00     1085.00        0.00
     0     5     1696.00     1091.00        0.00
     0     5     1700.00     1095.00        0.00
     0     5     1704.00     1099.00        0.00
     0     5     1708.00     1103.00        0.00
     0     5     1712.00     1109.00        0.00
     0     5     1718.00     1111.00        0.00
     0     5     1722.00     1115.00        0.00
     0     5     1726.00     1121.00        0.00
     0     5     1730.00     1125.00        0.00
     0     5     1734.00     1131.00        0.00
     0     5     1738.00     1135.00        0.00
     0     5     1740.00     1141.00        0.00
     0     5     1742.00     1147.00        0.00
     0     5     1746.00     1151.00        0.00
     0     5     1750.00     1155.00        0.00
     0     6      976.00      153.00        0.00
     0     6      962.00      167.00        0.00
     0     6      956.00      171.00        0.00
     0     6      952.00      177.00        0.00
     0     6      948.00      181.00        0.00
     0     6      942.00      187.00        0.00
     0     6      938.00      193.00        0.00
     0     6      934.00      197.00        0.00
     0     6      930.00      201.00        0.00
     0     6      926.00      205.00        0.00
     0     6      922.00      209.00        0.00
     0     6      918.00      213.00        0.00
     0     6      912.00      215.00        0.00
     0     6      906.00      219.00        0.00
     0     6      900.00      219.00        0.00
     0     6      894.00      219.00        0.00
     0     6      888.00      219.00        0.00
     0     6      884.00      215.00        0.00
     0     6      878.00      213.00        0.00
     0     6      874.00      209.00        0.00
     0     6      868.00      207.00        0.00
     0     6      866.00      201.00        0.00
     0     6      864.00      193.00        0.00
     0     6      864.00      187.00        0.00
     0     6      864.00      181.00        0.00
     0     6      868.00      177.00        0.00
     0     6      872.00      171.00        0.00
     0     6      876.00      167.00        0.00
     0     6      882.00      161.00        0.00
     0     6      890.00      157.00        0.00
     0     6      896.00      153.00        0.00
     0     6      900.00      149.00        0.00
     0     6      906.00      145.00        0.00
     0     6      912.00      141.00        0.00
     0     6      918.00      137.00        0.00
     0     6      924.00      135.00        0.00
     0     6      930.00      133.00        0.00
     0     6      936.00      129.00        0.00
     0     6      942.00      125.00        0.00
     0     6      950.00      121.00        0.00
     0     6      956.00      117.00        0.00
     0     6      960.00      113.00        0.00
     0     6      966.00      109.00        0.00
     0     6      970.00      105.00        0.00
     0     6      974.00      101.00        0.00
     0     6      978.00       97.00        0.00
     0     6      986.00       95.00        0.00
     0     6      992.00       93.00        0.00
     0     6      996.00       89.00        0.00
     0     6     1004.00       87.00        0.00
     0     6     1010.00       85.00        0.00
     0     6     1016.00       83.00        0.00
     0     6     1022.00       79.00        0.00
     0     6     1028.00       77.00        0.00
     0     6     1032.00       73.00        0.00
     0     6     1038.00       71.00        0.00
     0     6     1044.00       69.00        0.00
     0     6     1050.00       67.00        0.00
     0     6     1054.00       63.00        0.00
     0     6     1060.00       59.00        0.00
     0     6     1066.00       57.00        0.00
     0     6     1072.00       55.00        0.00
     0     6     1078.00       53.00        0.00
     0     6     1084.00       53.00        0.00
     0     6     1090.00       53.00        0.00
     0     6     1094.00       57.00        0.00
     0     6     1096.00       63.00        0.00
     0     6     1098.00       69.00        0.00
     0     6     1098.00       75.00        0.00
     0     6     1096.00       81.00        0.00
     0     6     1092.00       87.00        0.00
     0     6     1088.00       91.00        0.00
     0     6     1084.00       95.00        0.00
     0     6     1080.00       99.00        0.00
     0     6     1074.00      101.00        0.00
     0     6     1068.00      103.00        0.00
     0     6     1060.00      107.00        0.00
     0     6     1054.00      111.00        0.00
     0     6     1048.00      113.00        0.00
     0     6     1040.00      115.00        0.00
     0     6     1034.00      119.00        0.00
     0     6     1028.00      121.00        0.00
     0     6     1020.00      123.00        0.00
     0     6     1012.00      125.00        0.00
     0     6     1008.00      129.00        0.00
     0     7      862.00      715.00        0.00
     0     7      842.00      707.00        0.00
     0     7      834.00      703.00        0.00
     0     7      826.00      697.00        0.00
     0     7      820.00      695.00        0.00
     0     7      814.00      693.00        0.00
     0     7      808.00      691.00        0.00
     0     7      802.00      691.00        0.00
     0     7      796.00      691.00        0.00
     0     7      790.00      691.00        0.00
     0     7      786.00      695.00        0.00
     0     7      782.00      699.00        0.00
     0     7      776.00      701.00        0.00
     0     7      770.00      705.00        0.00
     0     7      764.00      705.00        0.00
     0     7      758.00      705.00        0.00
     0     7      752.00      701.00        0.00
     0     7      748.00      697.00        0.00
     0     7      746.00      691.00        0.00
     0     7      746.00      685.00        0.00
     0     7      752.00      679.00        0.00
     0     7      758.00      673.00        0.00
     0     7      766.00      667.00        0.00
     0     7      774.00      661.00        0.00
     0     7      782.00      655.00        0.00
     0     7      790.00      651.00        0.00
     0     7      794.00      645.00        0.00
     0     7      800.00      641.00        0.00
     0     7      804.00      637.00        0.00
     0     7      812.00      635.00        0.00
     0     7      818.00      633.00        0.00
     0     7      826.00      631.00        0.00
     0     7      834.00      629.00        0.00
     0     7      844.00      629.00        0.00
     0     7      850.00      631.00        0.00
     0     7      856.00      633.00        0.00
     0     7      862.00      637.00        0.00
     0     7      868.00      639.00        0.00
     0     7      874.00      643.00        0.00
     0     7      880.00      647.00        0.00
     0     7      884.00      651.00        0.00
     0     7      888.00      655.00        0.00
     0     7      892.00      659.00        0.00
     0     7      896.00      663.00        0.00
     0     7      900.00      667.00        0.00
     0     7      906.00      669.00        0.00
     0     7      910.00      673.00        0.00
     0     7      914.00      677.00        0.00
     0     7      918.00      681.00        0.00
     0     7      920.00      687.00        0.00
     0     7      924.00      695.00        0.00
     0     7      926.00      701.00        0.00
     0     7      928.00      707.00        0.00
     0     7      930.00      713.00        0.00
     0     7      932.00      721.00        0.00
     0     7      932.00      727.00        0.00
     0     7      928.00      731.00        0.00
     0     8      920.00      917.00        0.00
     0     8      914.00      929.00        0.00
     0     8      912.00      935.00        0.00
     0     8      910.00      941.00        0.00
     0     8      906.00      945.00        0.00
     0     8      900.00      949.00        0.00
     0     8      894.00      953.00        0.00
     0     8      888.00      955.00        0.00
     0     8      884.00      959.00        0.00
     0     8      880.00      963.00        0.00
     0     8      874.00      967.00        0.00
     0     8      868.00      969.00        0.00
     0     8      862.00      965.00        0.00
     0     8      858.00      957.00        0.00
     0     8      858.00      951.00        0.00
     0     8      858.00      943.00        0.00
     0     8      858.00      933.00        0.00
     0     8      858.00      923.00        0.00
     0     8      858.00      917.00        0.00
     0     8      860.00      909.00        0.00
     0     8      862.00      901.00        0.00
     0     8      866.00      897.00        0.00
     0     8      870.00      889.00        0.00
     0     8      872.00      883.00        0.00
     0     8      876.00      877.00        0.00
     0     8      880.00      871.00        0.00
     0     8      884.00      863.00        0.00
     0     8      888.00      855.00        0.00
     0     8      892.00      849.00        0.00
     0     8      892.00      843.00        0.00
     0     8      894.00      837.00        0.00
     0     8      896.00      831.00        0.00
     0     8      896.00      821.00        0.00
     0     8      898.00      813.00        0.00
     0     8      900.00      805.00        0.00
     0     8      902.00      799.00        0.00
     0     8      904.00      791.00        0.00
     0     8      906.00      785.00        0.00
     0     8      908.00      777.00        0.00
     0     8      910.00      769.00        0.00
     0     8      914.00      761.00        0.00
     0     8      916.00      755.00        0.00
     0     8      920.00      749.00        0.00
     0     8      922.00      743.00        0.00
     0     8      926.00      739.00        0.00
     0     8      932.00      735.00        0.00
     0     8      938.00      733.00        0.00
     0     8      944.00      729.00        0.00
     0     8      950.00      729.00        0.00
     0     8      956.00      727.00        0.00
     0     8      962.00      727.00        0.00
     0     8      968.00      727.00        0.00
     0     8      976.00      731.00        0.00
     0     8      982.00      733.00        0.00
     0     8      988.00      739.00        0.00
     0     8      992.00      743.00        0.00
     0     8      998.00      747.00        0.00
     0     8      998.00      753.00        0.00
     0     8      994.00      757.00        0.00
     0     8      990.00      763.00        0.00
     0     8      986.00      769.00        0.00
     0     8      984.00      775.00        0.00
     0     8      980.00      779.00        0.00
     0     8      978.00      785.00        0.00
     0     8      974.00      791.00        0.00
     0     8      972.00      797.00        0.00
     0     8      970.00      803.00        0.00
     0     8      968.00      809.00        0.00
     0     8      966.00      815.00        0.00
     0     8      964.00      821.00        0.00
     0     8      962.00      827.00        0.00
     0     8      956.00      831.00        0.00
