     0     0      440.00     1283.00        0.00
     0     0      418.00     1285.00        0.00
     0     0      412.00     1285.00        0.00
     0     0      404.00     1285.00        0.00
     0     0      396.00     1283.00        0.00
     0     0      388.00     1283.00        0.00
     0     0      382.00     1281.00        0.00
     0     0      376.00     1281.00        0.00
     0     0      368.00     1279.00        0.00
     0     0      360.00     1275.00        0.00
     0     0      354.00     1273.00        0.00
     0     0      350.00     1269.00        0.00
     0     0      346.00     1265.00        0.00
     0     0      340.00     1259.00        0.00
     0     0      336.00     1255.00        0.00
     0     0      332.00     1249.00        0.00
     0     0      328.00     1241.00        0.00
     0     0      324.00     1233.00        0.00
     0     0      318.00     1223.00        0.00
     0     0      314.00     1217.00        0.00
     0     0      310.00     1211.00        0.00
     0     0      304.00     1205.00        0.00
     0     0      300.00     1197.00        0.00
     0     0      296.00     1193.00        0.00
     0     0      290.00     1189.00        0.00
     0     0      286.00     1185.00        0.00
     0     0      282.00     1181.00        0.00
     0     0      274.00     1175.00        0.00
     0     0      270.00     1171.00        0.00
     0     0      264.00     1167.00        0.00
     0     0      260.00     1163.00        0.00
     0     0      252.00     1155.00        0.00
     0     0      248.00     1151.00        0.00
     0     0      242.00     1145.00        0.00
     0     0      238.00     1137.00        0.00
     0     0      236.00     1131.00        0.00
     0     0      234.00     1125.00        0.00
     0     0      234.00     1119.00        0.00
     0     0      234.00     1113.00        0.00
     0     0      238.00     1107.00        0.00
     0     0      242.00     1103.00        0.00
     0     0      248.00     1099.00        0.00
     0     0      254.00     1095.00        0.00
     0     0      262.00     1091.00        0.00
     0     0      268.00     1085.00        0.00
     0     0      274.00     1081.00        0.00
     0     0      280.00     1077.00        0.00
     0     0      286.00     1071.00        0.00
     0     0      290.00     1067.00        0.00
     0     0      296.00     1065.00        0.00
     0     0      302.00     1063.00        0.00
     0     0      308.00     1067.00        0.00
     0     0      314.00     1073.00        0.00
     0     0      316.00     1079.00        0.00
     0     0      318.00     1085.00        0.00
     0     0      318.00     1091.00        0.00
     0     0      318.00     1097.00        0.00
     0     0      318.00     1103.00        0.00
     0     0      320.00     1109.00        0.00
     0     0      322.00     1117.00        0.00
     0     0      324.00     1123.00        0.00
     0     0      328.00     1127.00        0.00
     0     0      334.00     1133.00        0.00
     0     0      340.00     1137.00        0.00
     0     0      346.00     1143.00        0.00
     0     0      352.00     1149.00        0.00
     0     0      358.00     1153.00        0.00
     0     0      368.00     1161.00        0.00
     0     0      372.00     1165.00        0.00
     0     0      380.00     1171.00        0.00
     0     0      388.00     1177.00        0.00
     0     0      396.00     1181.00        0.00
     0     0      400.00     1185.00        0.00
     0     0      408.00     1189.00        0.00
     0     0      414.00     1193.00        0.00
     0     0      420.00     1197.00        0.00
     0     0      424.00     1201.00        0.00
     0     0      430.00     1207.00        0.00
     0     0      436.00     1211.00        0.00
     0     0      442.00     1215.00        0.00
     0     0      448.00     1219.00        0.00
     0     0      452.00     1223.00        0.00
     0     0      456.00     1227.00        0.00
     0     0      460.00     1233.00        0.00
     0     0      466.00     1239.00        0.00
     0     0      472.00     1243.00        0.00
     0     0      478.00     1245.00        0.00
     0     0      484.00     1249.00        0.00
     0     0      490.00     1251.00        0.00
     0     0      494.00     1255.00        0.00
     0     1      280.00      807.00        0.00
     0     1      272.00      811.00        0.00
     0     1      266.00      813.00        0.00
     0     1      260.00      811.00        0.00
     0     1      254.00      807.00        0.00
     0     1      250.00      801.00        0.00
     0     1      246.00      797.00        0.00
     0     1      244.00      791.00        0.00
     0     1      242.00      785.00        0.00
     0     1      242.00      779.00        0.00
     0     1      242.00      771.00        0.00
     0     1      246.00      765.00        0.00
     0     1      246.00      759.00        0.00
     0     1      246.00      751.00        0.00
     0     1      248.00      745.00        0.00
     0     1      252.00      739.00        0.00
     0     1      254.00      733.00        0.00
     0     1      256.00      725.00        0.00
     0     1      262.00      717.00        0.00
     0     1      266.00      713.00        0.00
     0     1      272.00      705.00        0.00
     0     1      278.00      703.00        0.00
     0     1      284.00      705.00        0.00
     0     1      290.00      711.00        0.00
     0     1      296.00      715.00        0.00
     0     1      302.00      721.00        0.00
     0     1      310.00      723.00        0.00
     0     1      318.00      725.00        0.00
     0     1      326.00      725.00        0.00
     0     1      332.00      725.00        0.00
     0     1      338.00      725.00        0.00
     0     1      344.00      727.00        0.00
     0     1      352.00      727.00        0.00
     0     1      360.00      727.00        0.00
     0     1      366.00      727.00        0.00
     0     1      372.00      725.00        0.00
     0     1      380.00      723.00        0.00
     0     1      386.00      721.00        0.00
     0     1      394.00      719.00        0.00
     0     1      400.00      719.00        0.00
     0     1      406.00      719.00        0.00
     0     1      412.00      719.00        0.00
     0     1      416.00      723.00        0.00
     0     1      422.00      727.00        0.00
     0     1      428.00      735.00        0.00
     0     1      430.00      741.00        0.00
     0     1      432.00      747.00        0.00
     0     1      432.00      753.00        0.00
     0     1      428.00      759.00        0.00
     0     1      424.00      765.00        0.00
     0     1      418.00      767.00        0.00
     0     1      412.00      771.00        0.00
     0     1      406.00      775.00        0.00
     0     1      402.00      779.00        0.00
     0     1      396.00      781.00        0.00
     0     1      390.00      783.00        0.00
     0     1      384.00      783.00        0.00
     0     1      378.00      783.00        0.00
     0     1      372.00      783.00        0.00
     0     1      364.00      781.00        0.00
     0     1      356.00      779.00        0.00
     0     1      350.00      777.00        0.00
     0     1      344.00      777.00        0.00
     0     1      338.00      777.00        0.00
     0     1      332.00      781.00        0.00
     0     1      326.00      785.00        0.00
     0     2      110.00      319.00        0.00
     0     2      132.00      329.00        0.00
     0     2      142.00      335.00        0.00
     0     2      152.00      339.00        0.00
     0     2      158.00      341.00        0.00
     0     2      168.00      345.00        0.00
     0     2      178.00      349.00        0.00
     0     2      184.00      351.00        0.00
     0     2      192.00      353.00        0.00
     0     2      202.00      357.00        0.00
     0     2      210.00      359.00        0.00
     0     2      218.00      361.00        0.00
     0     2      224.00      363.00        0.00
     0     2      234.00      365.00        0.00
     0     2      240.00      367.00        0.00
     0     2      250.00      369.00        0.00
     0     2      256.00      371.00        0.00
     0     2      262.00      373.00        0.00
     0     2      270.00      375.00        0.00
     0     2      280.00      377.00        0.00
     0     2      286.00      377.00        0.00
     0     2      292.00      379.00        0.00
     0     2      298.00      381.00        0.00
     0     2      306.00      383.00        0.00
     0     2      312.00      385.00        0.00
     0     2      318.00      389.00        0.00
     0     2      324.00      391.00        0.00
     0     2      334.00      393.00        0.00
     0     2      342.00      397.00        0.00
     0     2      348.00      401.00        0.00
     0     2      354.00      403.00        0.00
     0     2      358.00      407.00        0.00
     0     2      362.00      411.00        0.00
     0     2      368.00      415.00        0.00
     0     2      372.00      419.00        0.00
     0     2      376.00      423.00        0.00
     0     2      380.00      427.00        0.00
     0     2      384.00      431.00        0.00
     0     2      390.00      435.00        0.00
     0     2      394.00      439.00        0.00
     0     2      402.00      441.00        0.00
     0     2      408.00      443.00        0.00
     0     2      414.00      443.00        0.00
     0     2      420.00      439.00        0.00
     0     2      424.00      433.00        0.00
     0     2      424.00      427.00        0.00
     0     2      424.00      419.00        0.00
     0     2      424.00      413.00        0.00
     0     2      424.00      407.00        0.00
     0     2      424.00      401.00        0.00
     0     2      424.00      395.00        0.00
     0     2      424.00      389.00        0.00
     0     2      424.00      383.00        0.00
     0     2      422.00      377.00        0.00
     0     2      420.00      371.00        0.00
     0     2      416.00      365.00        0.00
     0     2      412.00      361.00        0.00
     0     2      406.00      357.00        0.00
     0     2      400.00      355.00        0.00
     0     2      394.00      355.00        0.00
     0     2      390.00      359.00        0.00
     0     2      384.00      363.00        0.00
     0     2      378.00      365.00        0.00
     0     2      372.00      365.00        0.00
     0     2      364.00      365.00        0.00
     0     2      356.00      365.00        0.00
     0     2      350.00      363.00        0.00
     0     2      342.00      359.00        0.00
     0     2      334.00      357.00        0.00
     0     2      324.00      353.00        0.00
     0     2      316.00      349.00        0.00
     0     2      306.00      345.00        0.00
     0     2      300.00      341.00        0.00
     0     2      292.00      337.00        0.00
     0     2      286.00      333.00        0.00
     0     2      278.00      329.00        0.00
     0     2      272.00      327.00        0.00
     0     2      264.00      325.00        0.00
     0     2      258.00      323.00        0.00
     0     2      250.00      319.00        0.00
     0     2      244.00      317.00        0.00
     0     2      238.00      315.00        0.00
     0     2      232.00      311.00        0.00
     0     2      226.00      309.00        0.00
     0     2      216.00      309.00        0.00
     0     2      210.00      307.00        0.00
     0     2      202.00      307.00        0.00
     0     2      194.00      307.00        0.00
     0     2      186.00      305.00        0.00
     0     2      180.00      305.00        0.00
     0     2      172.00      303.00        0.00
     0     2      166.00      303.00        0.00
     0     2      158.00      303.00        0.00
     0     2      152.00      303.00        0.00
     0     2      146.00      303.00        0.00
     0     2      140.00      303.00        0.00
     0     2      132.00      305.00        0.00
     0     2      126.00      305.00        0.00
     0     2      120.00      305.00        0.00
     0     2      114.00      305.00        0.00
     0     2      106.00      305.00        0.00
     0     3      692.00      833.00        0.00
     0     3      694.00      845.00        0.00
     0     3      696.00      851.00        0.00
     0     3      696.00      859.00        0.00
     0     3      696.00      867.00        0.00
     0     3      696.00      873.00        0.00
     0     3      696.00      879.00        0.00
     0     3      694.00      885.00        0.00
     0     3      692.00      891.00        0.00
     0     3      690.00      897.00        0.00
     0     3      690.00      903.00        0.00
     0     3      688.00      909.00        0.00
     0     3      688.00      915.00        0.00
     0     3      688.00      921.00        0.00
     0     3      686.00      929.00        0.00
     0     3      686.00      937.00        0.00
     0     3      684.00      943.00        0.00
     0     3      684.00      949.00        0.00
     0     3      684.00      955.00        0.00
     0     3      682.00      963.00        0.00
     0     3      682.00      969.00        0.00
     0     3      682.00      977.00        0.00
     0     3      682.00      985.00        0.00
     0     3      682.00      991.00        0.00
     0     3      682.00      997.00        0.00
     0     3      684.00     1005.00        0.00
     0     3      684.00     1013.00        0.00
     0     3      684.00     1021.00        0.00
     0     3      686.00     1029.00        0.00
     0     3      686.00     1037.00        0.00
     0     3      686.00     1045.00        0.00
     0     3      686.00     1051.00        0.00
     0     3      686.00     1059.00        0.00
     0     3      688.00     1065.00        0.00
     0     3      690.00     1071.00        0.00
     0     3      692.00     1077.00        0.00
     0     3      694.00     1083.00        0.00
     0     3      694.00     1089.00        0.00
     0     3      696.00     1095.00        0.00
     0     3      696.00     1101.00        0.00
     0     3      696.00     1107.00        0.00
     0     3      696.00     1113.00        0.00
     0     3      696.00     1121.00        0.00
     0     3      694.00     1129.00        0.00
     0     3      692.00     1137.00        0.00
     0     3      690.00     1143.00        0.00
     0     3      688.00     1149.00        0.00
     0     3      686.00     1155.00        0.00
     0     3      684.00     1161.00        0.00
     0     3      682.00     1167.00        0.00
     0     3      678.00     1173.00        0.00
     0     3      676.00     1181.00        0.00
     0     3      674.00     1187.00        0.00
     0     3      672.00     1193.00        0.00
     0     3      672.00     1201.00        0.00
     0     3      672.00     1207.00        0.00
     0     3      670.00     1215.00        0.00
     0     3      670.00     1221.00        0.00
     0     3      670.00     1229.00        0.00
     0     3      668.00     1235.00        0.00
     0     3      668.00     1241.00        0.00
     0     3      668.00     1247.00        0.00
     0     3      668.00     1253.00        0.00
     0     3      666.00     1259.00        0.00
     0     3      666.00     1265.00        0.00
     0     3      666.00     1271.00        0.00
     0     3      664.00     1277.00        0.00
     0     3      662.00     1283.00        0.00
     0     3      662.00     1291.00        0.00
     0     3      660.00     1297.00        0.00
     0     3      660.00     1303.00        0.00
     0     3      660.00     1309.00        0.00
     0     3      660.00     1315.00        0.00
     0     3      660.00     1321.00        0.00
     0     3      660.00     1329.00        0.00
     0     3      654.00     1329.00        0.00
     0     3      648.00     1329.00        0.00
     0     3      642.00     1329.00        0.00
     0     3      636.00     1327.00        0.00
     0     3      632.00     1323.00        0.00
     0     3      628.00     1317.00        0.00
     0     3      626.00     1311.00        0.00
     0     3      628.00     1305.00        0.00
     0     3      632.00     1299.00        0.00
     0     3      634.00     1293.00        0.00
     0     3      638.00     1287.00        0.00
     0     3      642.00     1279.00        0.00
     0     3      642.00     1271.00        0.00
     0     3      644.00     1265.00        0.00
     0     3      646.00     1255.00        0.00
     0     3      646.00     1247.00        0.00
     0     3      646.00     1241.00        0.00
     0     3      646.00     1233.00        0.00
     0     3      646.00     1227.00        0.00
     0     3      648.00     1219.00        0.00
     0     3      650.00     1211.00        0.00
     0     3      650.00     1205.00        0.00
     0     3      650.00     1197.00        0.00
     0     3      648.00     1189.00        0.00
     0     3      646.00     1183.00        0.00
     0     3      644.00     1177.00        0.00
     0     3      642.00     1171.00        0.00
     0     3      642.00     1163.00        0.00
     0     3      640.00     1157.00        0.00
     0     3      638.00     1151.00        0.00
     0     3      638.00     1145.00        0.00
     0     3      636.00     1137.00        0.00
     0     3      636.00     1131.00        0.00
     0     3      634.00     1125.00        0.00
     0     3      634.00     1119.00        0.00
     0     3      634.00     1113.00        0.00
     0     3      634.00     1107.00        0.00
     0     3      636.00     1101.00        0.00
     0     3      638.00     1095.00        0.00
     0     3      640.00     1087.00        0.00
     0     3      642.00     1081.00        0.00
     0     3      644.00     1075.00        0.00
     0     3      648.00     1071.00        0.00
     0     3      650.00     1065.00        0.00
     0     3      654.00     1061.00        0.00
     0     3      658.00     1055.00        0.00
     0     3      662.00     1049.00        0.00
     0     3      664.00     1043.00        0.00
     0     3      668.00     1037.00        0.00
     0     3      668.00     1031.00        0.00
     0     3      670.00     1025.00        0.00
     0     3      672.00     1019.00        0.00
     0     3      674.00     1013.00        0.00
     0     3      674.00     1007.00        0.00
     0     3      676.00     1001.00        0.00
     0     3      678.00      995.00        0.00
     0     3      680.00      989.00        0.00
     0     3      682.00      983.00        0.00
     0     3      682.00      977.00        0.00
     0     3      682.00      971.00        0.00
     0     3      682.00      965.00        0.00
     0     3      682.00      959.00        0.00
     0     3      682.00      951.00        0.00
     0     3      684.00      945.00        0.00
     0     3      684.00      939.00        0.00
     0     3      684.00      933.00        0.00
     0     3      686.00      927.00        0.00
     0     3      686.00      921.00        0.00
     0     3      686.00      915.00        0.00
     0     3      686.00      909.00        0.00
     0     3      686.00      901.00        0.00
     0     3      686.00      895.00        0.00
     0     3      686.00      887.00        0.00
     0     3      686.00      881.00        0.00
     0     4      784.00      321.00        0.00
     0     4      792.00      335.00        0.00
     0     4      796.00      339.00        0.00
     0     4      796.00      345.00        0.00
     0     4      798.00      351.00        0.00
     0     4      796.00      357.00        0.00
     0     4      792.00      361.00        0.00
     0     4      790.00      367.00        0.00
     0     4      786.00      373.00        0.00
     0     4      784.00      379.00        0.00
     0     4      782.00      385.00        0.00
     0     4      780.00      391.00        0.00
     0     4      778.00      397.00        0.00
     0     4      776.00      403.00        0.00
     0     4      774.00      409.00        0.00
     0     4      772.00      417.00        0.00
     0     4      770.00      423.00        0.00
     0     4      768.00      429.00        0.00
     0     4      766.00      435.00        0.00
     0     4      766.00      441.00        0.00
     0     4      766.00      447.00        0.00
     0     4      764.00      453.00        0.00
     0     4      762.00      461.00        0.00
     0     4      762.00      467.00        0.00
     0     4      760.00      473.00        0.00
     0     4      758.00      481.00        0.00
     0     4      756.00      487.00        0.00
     0     4      754.00      493.00        0.00
     0     4      752.00      499.00        0.00
     0     4      750.00      505.00        0.00
     0     4      750.00      511.00        0.00
     0     4      750.00      517.00        0.00
     0     4      748.00      523.00        0.00
     0     4      748.00      529.00        0.00
     0     4      746.00      535.00        0.00
     0     4      744.00      541.00        0.00
     0     4      742.00      547.00        0.00
     0     4      740.00      553.00        0.00
     0     4      740.00      559.00        0.00
     0     4      738.00      565.00        0.00
     0     4      736.00      571.00        0.00
     0     4      736.00      577.00        0.00
     0     4      734.00      585.00        0.00
     0     4      734.00      591.00        0.00
     0     4      734.00      597.00        0.00
     0     4      734.00      603.00        0.00
     0     4      734.00      611.00        0.00
     0     4      734.00      617.00        0.00
     0     4      734.00      623.00        0.00
     0     4      734.00      631.00        0.00
     0     4      734.00      637.00        0.00
     0     4      734.00      643.00        0.00
     0     4      734.00      649.00        0.00
     0     4      730.00      653.00        0.00
     0     4      728.00      661.00        0.00
     0     4      724.00      667.00        0.00
     0     4      722.00      673.00        0.00
     0     4      720.00      679.00        0.00
     0     4      718.00      685.00        0.00
     0     4      718.00      691.00        0.00
     0     4      716.00      697.00        0.00
     0     4      714.00      705.00        0.00
     0     4      710.00      711.00        0.00
     0     4      710.00      717.00        0.00
     0     4      706.00      723.00        0.00
     0     4      706.00      729.00        0.00
     0     4      704.00      737.00        0.00
     0     4      702.00      743.00        0.00
     0     4      702.00      749.00        0.00
     0     4      702.00      755.00        0.00
     0     4      700.00      761.00        0.00
     0     4      700.00      767.00        0.00
     0     4      700.00      773.00        0.00
     0     4      700.00      779.00        0.00
     0     4      698.00      785.00        0.00
     0     4      698.00      791.00        0.00
     0     4      696.00      799.00        0.00
     0     4      694.00      807.00        0.00
     0     4      694.00      813.00        0.00
     0     4      692.00      819.00        0.00
     0     4      690.00      825.00        0.00
     0     4      690.00      831.00        0.00
     0     4      688.00      837.00        0.00
     0     4      688.00      843.00        0.00
     0     4      688.00      849.00        0.00
     0     4      688.00      855.00        0.00
     0     4      690.00      861.00        0.00
     0     4      690.00      867.00        0.00
     0     4      692.00      873.00        0.00
     0     4      690.00      879.00        0.00
     0     4      688.00      887.00        0.00
     0     4      684.00      893.00        0.00
     0     4      680.00      897.00        0.00
     0     4      678.00      903.00        0.00
     0     4      676.00      909.00        0.00
     0     4      672.00      913.00        0.00
     0     4      670.00      919.00        0.00
     0     4      668.00      927.00        0.00
     0     4      668.00      933.00        0.00
     0     4      668.00      967.00        0.00
     0     4      668.00      973.00        0.00
     0     4      668.00      979.00        0.00
     0     4      670.00      985.00        0.00
     0     4      670.00      991.00        0.00
     0     4      672.00      997.00        0.00
     0     4      672.00     1005.00        0.00
     0     4      672.00     1011.00        0.00
     0     4      670.00     1017.00        0.00
     0     4      668.00     1023.00        0.00
     0     4      664.00     1017.00        0.00
     0     4      662.00     1011.00        0.00
     0     4      662.00     1005.00        0.00
     0     4      662.00      997.00        0.00
     0     4      662.00      989.00        0.00
     0     4      660.00      983.00        0.00
     0     4      660.00      977.00        0.00
     0     4      660.00      969.00        0.00
     0     4      658.00      963.00        0.00
     0     4      658.00      957.00        0.00
     0     4      658.00      951.00        0.00
     0     4      658.00      945.00        0.00
     0     4      658.00      937.00        0.00
     0     4      658.00      931.00        0.00
     0     4      658.00      923.00        0.00
     0     4      658.00      915.00        0.00
     0     4      660.00      909.00        0.00
     0     4      662.00      901.00        0.00
     0     4      664.00      895.00        0.00
     0     4      664.00      889.00        0.00
     0     4      666.00      883.00        0.00
     0     4      668.00      877.00        0.00
     0     4      670.00      871.00        0.00
     0     4      670.00      865.00        0.00
     0     4      674.00      857.00        0.00
     0     4      674.00      851.00        0.00
     0     4      676.00      843.00        0.00
     0     4      678.00      837.00        0.00
     0     4      682.00      829.00        0.00
     0     4      682.00      823.00        0.00
     0     4      684.00      817.00        0.00
     0     4      686.00      809.00        0.00
     0     4      688.00      803.00        0.00
     0     4      690.00      797.00        0.00
     0     4      690.00      791.00        0.00
     0     4      692.00      783.00        0.00
     0     4      694.00      777.00        0.00
     0     4      694.00      769.00        0.00
     0     4      694.00      763.00        0.00
     0     4      694.00      757.00        0.00
     0     4      694.00      751.00        0.00
     0     4      692.00      745.00        0.00
     0     4      692.00      739.00        0.00
     0     4      692.00      731.00        0.00
     0     4      690.00      723.00        0.00
     0     4      690.00      715.00        0.00
     0     4      688.00      709.00        0.00
     0     4      688.00      701.00        0.00
     0     4      688.00      693.00        0.00
     0     4      686.00      685.00        0.00
     0     4      686.00      679.00        0.00
     0     4      686.00      673.00        0.00
     0     4      686.00      667.00        0.00
     0     4      686.00      659.00        0.00
     0     4      686.00      653.00        0.00
     0     4      686.00      647.00        0.00
     0     4      688.00      641.00        0.00
     0     4      688.00      635.00        0.00
     0     4      690.00      627.00        0.00
     0     4      690.00      621.00        0.00
     0     4      694.00      615.00        0.00
     0     4      694.00      609.00        0.00
     0     4      696.00      603.00        0.00
     0     4      698.00      597.00        0.00
     0     4      700.00      591.00        0.00
     0     4      700.00      583.00        0.00
     0     4      702.00      577.00        0.00
     0     4      706.00      571.00        0.00
     0     4      710.00      565.00        0.00
     0     4      710.00      559.00        0.00
     0     4      712.00      553.00        0.00
     0     4      714.00      545.00        0.00
     0     4      714.00      539.00        0.00
     0     4      714.00      533.00        0.00
     0     4      716.00      527.00        0.00
     0     4      716.00      521.00        0.00
     0     4      716.00      511.00        0.00
     0     4      716.00      505.00        0.00
     0     4      716.00      497.00        0.00
     0     4      718.00      491.00        0.00
     0     4      720.00      485.00        0.00
     0     4      722.00      479.00        0.00
     0     4      724.00      473.00        0.00
     0     4      724.00      467.00        0.00
     0     4      726.00      459.00        0.00
     0     4      728.00      453.00        0.00
     0     4      730.00      447.00        0.00
     0     4      730.00      441.00        0.00
     0     4      732.00      435.00        0.00
     0     4      734.00      429.00        0.00
     0     4      736.00      421.00        0.00
     0     4      736.00      415.00        0.00
     0     4      738.00      409.00        0.00
     0     4      742.00      403.00        0.00
     0     4      746.00      397.00        0.00
