     0     0     1168.00      681.00        0.00
     0     0     1144.00      679.00        0.00
     0     0     1132.00      675.00        0.00
     0     0     1124.00      671.00        0.00
     0     0     1120.00      667.00        0.00
     0     0     1116.00      661.00        0.00
     0     0     1112.00      657.00        0.00
     0     0     1108.00      653.00        0.00
     0     0     1102.00      649.00        0.00
     0     0     1100.00      643.00        0.00
     0     0     1094.00      637.00        0.00
     0     0     1090.00      633.00        0.00
     0     0     1086.00      625.00        0.00
     0     0     1082.00      621.00        0.00
     0     0     1078.00      615.00        0.00
     0     0     1076.00      609.00        0.00
     0     0     1074.00      603.00        0.00
     0     0     1072.00      597.00        0.00
     0     0     1068.00      593.00        0.00
     0     0     1064.00      589.00        0.00
     0     0     1060.00      585.00        0.00
     0     0     1056.00      581.00        0.00
     0     0     1052.00      577.00        0.00
     0     0     1048.00      573.00        0.00
     0     0     1044.00      567.00        0.00
     0     0     1040.00      559.00        0.00
     0     0     1036.00      553.00        0.00
     0     0     1032.00      547.00        0.00
     0     0     1026.00      541.00        0.00
     0     0     1024.00      535.00        0.00
     0     0     1030.00      535.00        0.00
     0     0     1036.00      535.00        0.00
     0     0     1040.00      531.00        0.00
     0     0     1044.00      525.00        0.00
     0     0     1046.00      519.00        0.00
     0     0     1046.00      513.00        0.00
     0     0     1046.00      507.00        0.00
     0     0     1046.00      501.00        0.00
     0     0     1052.00      497.00        0.00
     0     0     1056.00      501.00        0.00
     0     0     1062.00      505.00        0.00
     0     0     1066.00      509.00        0.00
     0     0     1072.00      515.00        0.00
     0     0     1078.00      517.00        0.00
     0     0     1084.00      521.00        0.00
     0     0     1090.00      525.00        0.00
     0     0     1098.00      529.00        0.00
     0     0     1106.00      531.00        0.00
     0     0     1112.00      533.00        0.00
     0     0     1120.00      537.00        0.00
     0     0     1126.00      537.00        0.00
     0     0     1136.00      539.00        0.00
     0     0     1150.00      541.00        0.00
     0     0     1156.00      543.00        0.00
     0     0     1164.00      543.00        0.00
     0     0     1176.00      545.00        0.00
     0     0     1184.00      547.00        0.00
     0     0     1192.00      549.00        0.00
     0     0     1200.00      549.00        0.00
     0     0     1206.00      551.00        0.00
     0     0     1210.00      555.00        0.00
     0     0     1212.00      561.00        0.00
     0     0     1212.00      567.00        0.00
     0     0     1212.00      573.00        0.00
     0     0     1216.00      579.00        0.00
     0     0     1218.00      585.00        0.00
     0     0     1222.00      589.00        0.00
     0     0     1222.00      595.00        0.00
     0     0     1222.00      601.00        0.00
     0     0     1220.00      607.00        0.00
     0     0     1216.00      613.00        0.00
     0     0     1216.00      619.00        0.00
     0     0     1212.00      623.00        0.00
     0     0     1206.00      627.00        0.00
     0     0     1202.00      631.00        0.00
     0     0     1198.00      635.00        0.00
     0     0     1194.00      639.00        0.00
     0     0     1190.00      643.00        0.00
     0     0     1188.00      649.00        0.00
     0     1     1042.00      497.00        0.00
     0     1     1038.00      505.00        0.00
     0     1     1038.00      511.00        0.00
     0     1     1038.00      517.00        0.00
     0     1     1038.00      523.00        0.00
     0     1     1040.00      529.00        0.00
     0     1     1042.00      535.00        0.00
     0     1     1044.00      541.00        0.00
     0     1     1040.00      545.00        0.00
     0     1     1034.00      537.00        0.00
     0     1     1030.00      533.00        0.00
     0     1     1024.00      529.00        0.00
     0     1     1020.00      523.00        0.00
     0     1     1014.00      519.00        0.00
     0     1     1008.00      517.00        0.00
     0     1     1004.00      513.00        0.00
     0     1      998.00      509.00        0.00
     0     1      992.00      505.00        0.00
     0     1      986.00      501.00        0.00
     0     1      980.00      497.00        0.00
     0     1      974.00      491.00        0.00
     0     1      970.00      487.00        0.00
     0     1      966.00      483.00        0.00
     0     1      962.00      475.00        0.00
     0     1      960.00      469.00        0.00
     0     1      956.00      463.00        0.00
     0     1      952.00      457.00        0.00
     0     1      948.00      453.00        0.00
     0     1      942.00      449.00        0.00
     0     1      936.00      449.00        0.00
     0     1      930.00      447.00        0.00
     0     1      924.00      447.00        0.00
     0     1      916.00      447.00        0.00
     0     1      910.00      445.00        0.00
     0     1      904.00      445.00        0.00
     0     1      900.00      441.00        0.00
     0     1      898.00      435.00        0.00
     0     1      896.00      429.00        0.00
     0     1      896.00      421.00        0.00
     0     1      896.00      415.00        0.00
     0     1      902.00      409.00        0.00
     0     1      904.00      403.00        0.00
     0     1      908.00      395.00        0.00
     0     1      910.00      389.00        0.00
     0     1      914.00      383.00        0.00
     0     1      916.00      375.00        0.00
     0     1      920.00      369.00        0.00
     0     1      926.00      363.00        0.00
     0     1      930.00      357.00        0.00
     0     1      932.00      351.00        0.00
     0     1      936.00      347.00        0.00
     0     1      940.00      341.00        0.00
     0     1      944.00      337.00        0.00
     0     1      946.00      331.00        0.00
     0     1      950.00      327.00        0.00
     0     1      956.00      325.00        0.00
     0     1      962.00      325.00        0.00
     0     1      968.00      325.00        0.00
     0     1      974.00      325.00        0.00
     0     1      980.00      327.00        0.00
     0     1      984.00      331.00        0.00
     0     1      992.00      333.00        0.00
     0     1     1000.00      335.00        0.00
     0     1     1008.00      337.00        0.00
     0     1     1014.00      337.00        0.00
     0     1     1018.00      341.00        0.00
     0     1     1022.00      345.00        0.00
     0     1     1026.00      349.00        0.00
     0     1     1028.00      355.00        0.00
     0     1     1030.00      363.00        0.00
     0     1     1030.00      371.00        0.00
     0     1     1032.00      377.00        0.00
     0     1     1036.00      385.00        0.00
     0     1     1036.00      391.00        0.00
     0     1     1036.00      397.00        0.00
     0     1     1036.00      405.00        0.00
     0     1     1034.00      411.00        0.00
     0     1     1032.00      417.00        0.00
     0     1     1030.00      423.00        0.00
     0     1     1026.00      427.00        0.00
     0     1     1022.00      431.00        0.00
     0     1     1022.00      437.00        0.00
     0     1     1026.00      443.00        0.00
     0     1     1028.00      449.00        0.00
     0     1     1032.00      455.00        0.00
     0     1     1034.00      461.00        0.00
     0     1     1038.00      467.00        0.00
     0     1     1038.00      473.00        0.00
     0     1     1040.00      479.00        0.00
     0     1     1040.00      485.00        0.00
     0     1     1042.00      491.00        0.00
     0     2     1782.00      755.00        0.00
     0     2     1772.00      759.00        0.00
     0     2     1764.00      759.00        0.00
     0     2     1758.00      759.00        0.00
     0     2     1752.00      755.00        0.00
     0     2     1744.00      753.00        0.00
     0     2     1738.00      749.00        0.00
     0     2     1732.00      745.00        0.00
     0     2     1728.00      741.00        0.00
     0     2     1722.00      733.00        0.00
     0     2     1716.00      727.00        0.00
     0     2     1710.00      723.00        0.00
     0     2     1704.00      721.00        0.00
     0     2     1698.00      719.00        0.00
     0     2     1690.00      719.00        0.00
     0     2     1684.00      719.00        0.00
     0     2     1674.00      719.00        0.00
     0     2     1664.00      719.00        0.00
     0     2     1656.00      719.00        0.00
     0     2     1646.00      719.00        0.00
     0     2     1638.00      721.00        0.00
     0     2     1632.00      721.00        0.00
     0     2     1624.00      721.00        0.00
     0     2     1618.00      721.00        0.00
     0     2     1612.00      721.00        0.00
     0     2     1606.00      721.00        0.00
     0     2     1600.00      721.00        0.00
     0     2     1592.00      721.00        0.00
     0     2     1586.00      719.00        0.00
     0     2     1580.00      717.00        0.00
     0     2     1574.00      715.00        0.00
     0     2     1568.00      713.00        0.00
     0     2     1562.00      711.00        0.00
     0     2     1556.00      709.00        0.00
     0     2     1550.00      709.00        0.00
     0     2     1544.00      707.00        0.00
     0     2     1538.00      705.00        0.00
     0     2     1532.00      701.00        0.00
     0     2     1528.00      693.00        0.00
     0     2     1528.00      687.00        0.00
     0     2     1528.00      681.00        0.00
     0     2     1532.00      677.00        0.00
     0     2     1538.00      671.00        0.00
     0     2     1546.00      669.00        0.00
     0     2     1552.00      669.00        0.00
     0     2     1558.00      669.00        0.00
     0     2     1564.00      667.00        0.00
     0     2     1570.00      665.00        0.00
     0     2     1576.00      665.00        0.00
     0     2     1582.00      665.00        0.00
     0     2     1588.00      663.00        0.00
     0     2     1596.00      663.00        0.00
     0     2     1604.00      663.00        0.00
     0     2     1610.00      663.00        0.00
     0     2     1616.00      663.00        0.00
     0     2     1624.00      665.00        0.00
     0     2     1632.00      665.00        0.00
     0     2     1638.00      665.00        0.00
     0     2     1646.00      667.00        0.00
     0     2     1652.00      667.00        0.00
     0     2     1658.00      669.00        0.00
     0     2     1664.00      669.00        0.00
     0     2     1672.00      671.00        0.00
     0     2     1682.00      673.00        0.00
     0     2     1690.00      675.00        0.00
     0     2     1698.00      675.00        0.00
     0     2     1704.00      677.00        0.00
     0     2     1712.00      677.00        0.00
     0     2     1720.00      677.00        0.00
     0     2     1728.00      677.00        0.00
     0     2     1736.00      677.00        0.00
     0     2     1744.00      677.00        0.00
     0     2     1752.00      677.00        0.00
     0     2     1762.00      677.00        0.00
     0     2     1768.00      675.00        0.00
     0     2     1776.00      675.00        0.00
     0     2     1782.00      673.00        0.00
     0     2     1788.00      673.00        0.00
     0     2     1794.00      671.00        0.00
     0     2     1800.00      671.00        0.00
     0     2     1806.00      673.00        0.00
     0     2     1806.00      679.00        0.00
     0     2     1806.00      685.00        0.00
     0     2     1806.00      691.00        0.00
     0     2     1806.00      697.00        0.00
     0     2     1806.00      703.00        0.00
     0     2     1808.00      709.00        0.00
     0     2     1812.00      713.00        0.00
     0     2     1816.00      719.00        0.00
     0     3     1882.00     1101.00        0.00
     0     3     1874.00     1103.00        0.00
     0     3     1866.00     1105.00        0.00
     0     3     1860.00     1105.00        0.00
     0     3     1852.00     1107.00        0.00
     0     3     1844.00     1107.00        0.00
     0     3     1838.00     1107.00        0.00
     0     3     1832.00     1105.00        0.00
     0     3     1826.00     1103.00        0.00
     0     3     1820.00     1101.00        0.00
     0     3     1814.00     1099.00        0.00
     0     3     1808.00     1097.00        0.00
     0     3     1802.00     1093.00        0.00
     0     3     1796.00     1093.00        0.00
     0     3     1790.00     1091.00        0.00
     0     3     1784.00     1089.00        0.00
     0     3     1778.00     1089.00        0.00
     0     3     1772.00     1089.00        0.00
     0     3     1766.00     1089.00        0.00
     0     3     1760.00     1089.00        0.00
     0     3     1754.00     1089.00        0.00
     0     3     1748.00     1089.00        0.00
     0     3     1742.00     1089.00        0.00
     0     3     1736.00     1091.00        0.00
     0     3     1730.00     1091.00        0.00
     0     3     1724.00     1093.00        0.00
     0     3     1716.00     1093.00        0.00
     0     3     1710.00     1095.00        0.00
     0     3     1704.00     1095.00        0.00
     0     3     1698.00     1097.00        0.00
     0     3     1690.00     1099.00        0.00
     0     3     1684.00     1101.00        0.00
     0     3     1678.00     1101.00        0.00
     0     3     1672.00     1101.00        0.00
     0     3     1664.00     1103.00        0.00
     0     3     1658.00     1103.00        0.00
     0     3     1650.00     1103.00        0.00
     0     3     1644.00     1105.00        0.00
     0     3     1638.00     1105.00        0.00
     0     3     1632.00     1107.00        0.00
     0     3     1626.00     1107.00        0.00
     0     3     1620.00     1107.00        0.00
     0     3     1612.00     1109.00        0.00
     0     3     1606.00     1109.00        0.00
     0     3     1600.00     1109.00        0.00
     0     3     1592.00     1109.00        0.00
     0     3     1584.00     1109.00        0.00
     0     3     1578.00     1109.00        0.00
     0     3     1570.00     1109.00        0.00
     0     3     1564.00     1109.00        0.00
     0     3     1558.00     1107.00        0.00
     0     3     1552.00     1107.00        0.00
     0     3     1546.00     1105.00        0.00
     0     3     1540.00     1103.00        0.00
     0     3     1532.00     1101.00        0.00
     0     3     1524.00     1099.00        0.00
     0     3     1516.00     1099.00        0.00
     0     3     1510.00     1097.00        0.00
     0     3     1500.00     1097.00        0.00
     0     3     1494.00     1095.00        0.00
     0     3     1488.00     1095.00        0.00
     0     3     1482.00     1093.00        0.00
     0     3     1476.00     1093.00        0.00
     0     3     1468.00     1091.00        0.00
     0     3     1462.00     1089.00        0.00
     0     3     1454.00     1087.00        0.00
     0     3     1448.00     1087.00        0.00
     0     3     1442.00     1085.00        0.00
     0     3     1436.00     1085.00        0.00
     0     3     1430.00     1083.00        0.00
     0     3     1424.00     1081.00        0.00
     0     3     1416.00     1079.00        0.00
     0     3     1410.00     1079.00        0.00
     0     3     1404.00     1077.00        0.00
     0     3     1396.00     1077.00        0.00
     0     3     1390.00     1077.00        0.00
     0     3     1382.00     1075.00        0.00
     0     3     1376.00     1075.00        0.00
     0     3     1370.00     1075.00        0.00
     0     3     1364.00     1077.00        0.00
     0     3     1356.00     1077.00        0.00
     0     3     1350.00     1077.00        0.00
     0     3     1340.00     1079.00        0.00
     0     3     1334.00     1079.00        0.00
     0     3     1328.00     1081.00        0.00
     0     3     1320.00     1083.00        0.00
     0     3     1312.00     1085.00        0.00
     0     3     1306.00     1087.00        0.00
     0     3     1300.00     1083.00        0.00
     0     3     1296.00     1077.00        0.00
     0     3     1292.00     1073.00        0.00
     0     3     1288.00     1069.00        0.00
     0     3     1286.00     1061.00        0.00
     0     3     1282.00     1055.00        0.00
     0     3     1280.00     1049.00        0.00
     0     3     1276.00     1045.00        0.00
     0     3     1282.00     1045.00        0.00
     0     3     1290.00     1047.00        0.00
     0     3     1296.00     1051.00        0.00
     0     3     1302.00     1053.00        0.00
     0     3     1308.00     1055.00        0.00
     0     3     1312.00     1059.00        0.00
     0     3     1318.00     1061.00        0.00
     0     3     1324.00     1061.00        0.00
     0     3     1330.00     1063.00        0.00
     0     3     1336.00     1065.00        0.00
     0     3     1342.00     1067.00        0.00
     0     3     1348.00     1069.00        0.00
     0     3     1354.00     1071.00        0.00
     0     3     1360.00     1073.00        0.00
     0     3     1366.00     1073.00        0.00
     0     3     1372.00     1073.00        0.00
     0     3     1378.00     1075.00        0.00
     0     3     1384.00     1075.00        0.00
     0     3     1392.00     1077.00        0.00
     0     3     1398.00     1077.00        0.00
     0     3     1404.00     1079.00        0.00
     0     3     1410.00     1079.00        0.00
     0     3     1416.00     1079.00        0.00
     0     3     1422.00     1081.00        0.00
     0     3     1428.00     1081.00        0.00
     0     3     1436.00     1081.00        0.00
     0     3     1444.00     1083.00        0.00
     0     3     1450.00     1083.00        0.00
     0     3     1456.00     1085.00        0.00
     0     3     1462.00     1085.00        0.00
     0     3     1468.00     1085.00        0.00
     0     3     1474.00     1087.00        0.00
     0     3     1480.00     1087.00        0.00
     0     3     1490.00     1087.00        0.00
     0     3     1496.00     1089.00        0.00
     0     3     1504.00     1091.00        0.00
     0     3     1512.00     1093.00        0.00
     0     3     1518.00     1095.00        0.00
     0     3     1524.00     1095.00        0.00
     0     3     1532.00     1097.00        0.00
     0     3     1538.00     1097.00        0.00
     0     3     1546.00     1097.00        0.00
     0     3     1552.00     1097.00        0.00
     0     3     1558.00     1097.00        0.00
     0     3     1564.00     1097.00        0.00
     0     3     1570.00     1097.00        0.00
     0     3     1576.00     1097.00        0.00
     0     3     1582.00     1097.00        0.00
     0     3     1590.00     1095.00        0.00
     0     3     1598.00     1093.00        0.00
     0     3     1606.00     1093.00        0.00
     0     3     1614.00     1089.00        0.00
     0     3     1622.00     1089.00        0.00
     0     3     1628.00     1087.00        0.00
     0     3     1634.00     1085.00        0.00
     0     3     1640.00     1085.00        0.00
     0     3     1648.00     1083.00        0.00
     0     3     1656.00     1083.00        0.00
     0     3     1662.00     1081.00        0.00
     0     3     1672.00     1081.00        0.00
     0     3     1678.00     1079.00        0.00
     0     3     1684.00     1079.00        0.00
     0     3     1694.00     1077.00        0.00
     0     3     1700.00     1075.00        0.00
     0     3     1708.00     1075.00        0.00
     0     3     1714.00     1073.00        0.00
     0     3     1722.00     1071.00        0.00
     0     3     1728.00     1069.00        0.00
     0     3     1734.00     1067.00        0.00
     0     3     1740.00     1065.00        0.00
     0     3     1752.00     1061.00        0.00
     0     3     1758.00     1061.00        0.00
     0     3     1766.00     1057.00        0.00
     0     3     1774.00     1055.00        0.00
     0     3     1784.00     1051.00        0.00
     0     3     1790.00     1047.00        0.00
     0     3     1796.00     1045.00        0.00
     0     3     1802.00     1043.00        0.00
     0     3     1810.00     1037.00        0.00
     0     3     1816.00     1035.00        0.00
     0     3     1824.00     1031.00        0.00
     0     3     1834.00     1025.00        0.00
     0     3     1842.00     1023.00        0.00
     0     3     1852.00     1019.00        0.00
     0     3     1858.00     1015.00        0.00
     0     3     1866.00     1011.00        0.00
     0     3     1872.00     1009.00        0.00
     0     3     1878.00     1007.00        0.00
     0     3     1882.00     1003.00        0.00
     0     3     1890.00      999.00        0.00
     0     3     1894.00      995.00        0.00
     0     3     1896.00      989.00        0.00
     0     3     1896.00      983.00        0.00
     0     3     1898.00      977.00        0.00
     0     3     1898.00      971.00        0.00
     0     3     1900.00      965.00        0.00
     0     3     1902.00      959.00        0.00
     0     3     1906.00      955.00        0.00
     0     3     1912.00      953.00        0.00
     0     3     1918.00      953.00        0.00
     0     3     1924.00      955.00        0.00
     0     3     1930.00      959.00        0.00
     0     3     1934.00      963.00        0.00
     0     3     1938.00      969.00        0.00
     0     3     1938.00      975.00        0.00
     0     3     1940.00      981.00        0.00
     0     3     1942.00      989.00        0.00
     0     3     1942.00      995.00        0.00
     0     3     1942.00     1003.00        0.00
     0     3     1942.00     1009.00        0.00
     0     3     1942.00     1015.00        0.00
     0     3     1942.00     1021.00        0.00
     0     3     1942.00     1027.00        0.00
     0     3     1942.00     1033.00        0.00
     0     3     1942.00     1039.00        0.00
     0     3     1942.00     1045.00        0.00
     0     3     1940.00     1051.00        0.00
     0     3     1938.00     1057.00        0.00
     0     4     1324.00     1103.00        0.00
     0     4     1330.00     1111.00        0.00
     0     4     1334.00     1115.00        0.00
     0     4     1340.00     1121.00        0.00
     0     4     1342.00     1127.00        0.00
     0     4     1342.00     1133.00        0.00
     0     4     1338.00     1137.00        0.00
     0     4     1334.00     1143.00        0.00
     0     4     1330.00     1147.00        0.00
     0     4     1324.00     1151.00        0.00
     0     4     1318.00     1151.00        0.00
     0     4     1312.00     1151.00        0.00
     0     4     1308.00     1147.00        0.00
     0     4     1304.00     1141.00        0.00
     0     4     1302.00     1133.00        0.00
     0     4     1298.00     1125.00        0.00
     0     4     1296.00     1119.00        0.00
     0     4     1294.00     1113.00        0.00
     0     4     1292.00     1107.00        0.00
     0     4     1290.00     1099.00        0.00
     0     4     1288.00     1093.00        0.00
     0     4     1286.00     1087.00        0.00
     0     4     1284.00     1081.00        0.00
     0     4     1282.00     1075.00        0.00
     0     4     1278.00     1069.00        0.00
     0     4     1274.00     1065.00        0.00
     0     4     1272.00     1059.00        0.00
     0     4     1268.00     1055.00        0.00
     0     4     1264.00     1049.00        0.00
     0     4     1260.00     1043.00        0.00
     0     4     1254.00     1037.00        0.00
     0     4     1250.00     1031.00        0.00
     0     4     1246.00     1025.00        0.00
     0     4     1242.00     1021.00        0.00
     0     4     1238.00     1017.00        0.00
     0     4     1234.00     1013.00        0.00
     0     4     1230.00     1009.00        0.00
     0     4     1224.00     1003.00        0.00
     0     4     1218.00      997.00        0.00
     0     4     1214.00      993.00        0.00
     0     4     1210.00      987.00        0.00
     0     4     1204.00      983.00        0.00
     0     4     1200.00      977.00        0.00
     0     4     1194.00      975.00        0.00
     0     4     1190.00      969.00        0.00
     0     4     1186.00      965.00        0.00
     0     4     1180.00      961.00        0.00
     0     4     1176.00      957.00        0.00
     0     4     1170.00      951.00        0.00
     0     4     1166.00      947.00        0.00
     0     4     1162.00      943.00        0.00
     0     4     1152.00      935.00        0.00
     0     4     1146.00      927.00        0.00
     0     4     1140.00      919.00        0.00
     0     4     1136.00      913.00        0.00
     0     4     1132.00      905.00        0.00
     0     4     1130.00      899.00        0.00
     0     4     1130.00      893.00        0.00
     0     4     1126.00      887.00        0.00
     0     4     1124.00      877.00        0.00
     0     4     1122.00      871.00        0.00
     0     4     1120.00      863.00        0.00
     0     4     1116.00      857.00        0.00
     0     4     1116.00      849.00        0.00
     0     4     1114.00      841.00        0.00
     0     4     1110.00      837.00        0.00
     0     4     1108.00      831.00        0.00
     0     4     1104.00      825.00        0.00
     0     4     1100.00      821.00        0.00
     0     4     1096.00      813.00        0.00
     0     4     1092.00      809.00        0.00
     0     4     1088.00      805.00        0.00
     0     4     1088.00      799.00        0.00
     0     4     1088.00      793.00        0.00
     0     4     1088.00      787.00        0.00
     0     4     1090.00      779.00        0.00
     0     4     1094.00      773.00        0.00
     0     4     1096.00      767.00        0.00
     0     4     1098.00      761.00        0.00
     0     4     1102.00      757.00        0.00
     0     4     1106.00      753.00        0.00
     0     4     1110.00      745.00        0.00
     0     4     1114.00      739.00        0.00
     0     4     1116.00      733.00        0.00
     0     4     1120.00      727.00        0.00
     0     4     1124.00      723.00        0.00
     0     4     1128.00      715.00        0.00
     0     4     1130.00      707.00        0.00
     0     4     1134.00      711.00        0.00
     0     4     1136.00      719.00        0.00
     0     4     1136.00      729.00        0.00
     0     4     1136.00      735.00        0.00
     0     4     1136.00      743.00        0.00
     0     4     1134.00      749.00        0.00
     0     4     1132.00      755.00        0.00
     0     4     1130.00      761.00        0.00
     0     4     1126.00      765.00        0.00
     0     4     1126.00      771.00        0.00
     0     4     1124.00      777.00        0.00
     0     4     1126.00      783.00        0.00
     0     4     1128.00      789.00        0.00
     0     4     1130.00      795.00        0.00
     0     4     1132.00      803.00        0.00
     0     4     1134.00      809.00        0.00
     0     4     1138.00      819.00        0.00
     0     4     1142.00      827.00        0.00
     0     4     1146.00      835.00        0.00
     0     4     1146.00      841.00        0.00
     0     4     1150.00      851.00        0.00
     0     4     1154.00      855.00        0.00
     0     4     1158.00      865.00        0.00
     0     4     1160.00      871.00        0.00
     0     4     1164.00      877.00        0.00
     0     4     1168.00      887.00        0.00
     0     4     1170.00      893.00        0.00
     0     4     1172.00      899.00        0.00
     0     4     1174.00      905.00        0.00
     0     4     1178.00      913.00        0.00
     0     4     1182.00      921.00        0.00
     0     4     1188.00      927.00        0.00
     0     4     1192.00      933.00        0.00
     0     4     1196.00      937.00        0.00
     0     4     1204.00      943.00        0.00
     0     4     1210.00      947.00        0.00
     0     4     1216.00      953.00        0.00
     0     4     1220.00      957.00        0.00
     0     4     1224.00      963.00        0.00
     0     4     1228.00      969.00        0.00
     0     4     1232.00      973.00        0.00
     0     4     1236.00      977.00        0.00
     0     4     1240.00      983.00        0.00
     0     4     1244.00      987.00        0.00
     0     4     1248.00      993.00        0.00
     0     4     1252.00      999.00        0.00
     0     4     1254.00     1005.00        0.00
     0     4     1256.00     1011.00        0.00
     0     4     1258.00     1019.00        0.00
     0     4     1260.00     1025.00        0.00
     0     4     1262.00     1031.00        0.00
     0     4     1264.00     1037.00        0.00
     0     4     1268.00     1041.00        0.00
     0     4     1270.00     1049.00        0.00
     0     4     1272.00     1057.00        0.00
     0     4     1276.00     1063.00        0.00
     0     4     1276.00     1069.00        0.00
     0     4     1280.00     1073.00        0.00
     0     4     1284.00     1077.00        0.00
     0     4     1288.00     1083.00        0.00
     0     4     1294.00     1085.00        0.00
