     0     0      464.00     1171.00        0.00
     0     0      456.00     1179.00        0.00
     0     0      452.00     1183.00        0.00
     0     0      448.00     1189.00        0.00
     0     0      442.00     1191.00        0.00
     0     0      434.00     1195.00        0.00
     0     0      428.00     1195.00        0.00
     0     0      420.00     1195.00        0.00
     0     0      414.00     1193.00        0.00
     0     0      408.00     1191.00        0.00
     0     0      402.00     1189.00        0.00
     0     0      398.00     1185.00        0.00
     0     0      392.00     1181.00        0.00
     0     0      388.00     1177.00        0.00
     0     0      382.00     1175.00        0.00
     0     0      376.00     1173.00        0.00
     0     0      370.00     1169.00        0.00
     0     0      364.00     1169.00        0.00
     0     0      358.00     1169.00        0.00
     0     0      350.00     1169.00        0.00
     0     0      344.00     1169.00        0.00
     0     0      336.00     1169.00        0.00
     0     0      330.00     1167.00        0.00
     0     0      326.00     1163.00        0.00
     0     0      324.00     1157.00        0.00
     0     0      324.00     1151.00        0.00
     0     0      324.00     1145.00        0.00
     0     0      320.00     1141.00        0.00
     0     0      314.00     1139.00        0.00
     0     0      308.00     1137.00        0.00
     0     0      302.00     1137.00        0.00
     0     0      296.00     1137.00        0.00
     0     0      290.00     1133.00        0.00
     0     0      286.00     1129.00        0.00
     0     0      286.00     1123.00        0.00
     0     0      282.00     1117.00        0.00
     0     0      282.00     1111.00        0.00
     0     0      280.00     1105.00        0.00
     0     0      278.00     1099.00        0.00
     0     0      278.00     1093.00        0.00
     0     0      282.00     1087.00        0.00
     0     0      286.00     1081.00        0.00
     0     0      290.00     1075.00        0.00
     0     0      292.00     1069.00        0.00
     0     0      294.00     1063.00        0.00
     0     0      298.00     1059.00        0.00
     0     0      304.00     1051.00        0.00
     0     0      308.00     1047.00        0.00
     0     0      312.00     1043.00        0.00
     0     0      316.00     1039.00        0.00
     0     0      318.00     1033.00        0.00
     0     0      318.00     1027.00        0.00
     0     0      320.00     1021.00        0.00
     0     0      324.00     1017.00        0.00
     0     0      330.00     1015.00        0.00
     0     0      336.00     1015.00        0.00
     0     0      344.00     1015.00        0.00
     0     0      350.00     1015.00        0.00
     0     0      354.00     1019.00        0.00
     0     0      360.00     1023.00        0.00
     0     0      368.00     1027.00        0.00
     0     0      374.00     1029.00        0.00
     0     0      380.00     1031.00        0.00
     0     0      386.00     1031.00        0.00
     0     0      392.00     1031.00        0.00
     0     0      398.00     1031.00        0.00
     0     0      404.00     1031.00        0.00
     0     0      410.00     1031.00        0.00
     0     0      416.00     1031.00        0.00
     0     0      422.00     1031.00        0.00
     0     0      432.00     1029.00        0.00
     0     0      440.00     1029.00        0.00
     0     0      446.00     1029.00        0.00
     0     0      452.00     1029.00        0.00
     0     0      458.00     1029.00        0.00
     0     0      464.00     1031.00        0.00
     0     0      470.00     1033.00        0.00
     0     0      474.00     1037.00        0.00
     0     0      480.00     1041.00        0.00
     0     0      486.00     1047.00        0.00
     0     0      490.00     1053.00        0.00
     0     0      492.00     1061.00        0.00
     0     0      494.00     1067.00        0.00
     0     0      494.00     1073.00        0.00
     0     0      492.00     1079.00        0.00
     0     0      492.00     1085.00        0.00
     0     0      494.00     1091.00        0.00
     0     0      496.00     1097.00        0.00
     0     0      498.00     1103.00        0.00
     0     0      498.00     1109.00        0.00
     0     0      498.00     1115.00        0.00
     0     0      498.00     1121.00        0.00
     0     0      498.00     1127.00        0.00
     0     0      496.00     1133.00        0.00
     0     0      494.00     1139.00        0.00
     0     1      298.00      731.00        0.00
     0     1      298.00      741.00        0.00
     0     1      298.00      747.00        0.00
     0     1      298.00      753.00        0.00
     0     1      302.00      759.00        0.00
     0     1      304.00      765.00        0.00
     0     1      308.00      771.00        0.00
     0     1      310.00      777.00        0.00
     0     1      312.00      783.00        0.00
     0     1      314.00      789.00        0.00
     0     1      316.00      795.00        0.00
     0     1      316.00      801.00        0.00
     0     1      312.00      807.00        0.00
     0     1      308.00      811.00        0.00
     0     1      306.00      817.00        0.00
     0     1      302.00      821.00        0.00
     0     1      298.00      825.00        0.00
     0     1      294.00      829.00        0.00
     0     1      290.00      833.00        0.00
     0     1      286.00      837.00        0.00
     0     1      282.00      843.00        0.00
     0     1      278.00      847.00        0.00
     0     1      272.00      851.00        0.00
     0     1      268.00      857.00        0.00
     0     1      264.00      863.00        0.00
     0     1      262.00      869.00        0.00
     0     1      258.00      875.00        0.00
     0     1      254.00      879.00        0.00
     0     1      248.00      875.00        0.00
     0     1      240.00      871.00        0.00
     0     1      234.00      867.00        0.00
     0     1      230.00      861.00        0.00
     0     1      226.00      857.00        0.00
     0     1      224.00      851.00        0.00
     0     1      222.00      843.00        0.00
     0     1      218.00      835.00        0.00
     0     1      216.00      829.00        0.00
     0     1      214.00      821.00        0.00
     0     1      212.00      813.00        0.00
     0     1      208.00      805.00        0.00
     0     1      206.00      799.00        0.00
     0     1      204.00      791.00        0.00
     0     1      202.00      785.00        0.00
     0     1      200.00      779.00        0.00
     0     1      200.00      773.00        0.00
     0     1      198.00      767.00        0.00
     0     1      198.00      759.00        0.00
     0     1      198.00      753.00        0.00
     0     1      198.00      747.00        0.00
     0     1      198.00      741.00        0.00
     0     1      198.00      735.00        0.00
     0     1      198.00      727.00        0.00
     0     1      202.00      723.00        0.00
     0     1      208.00      725.00        0.00
     0     1      214.00      727.00        0.00
     0     1      220.00      727.00        0.00
     0     1      226.00      727.00        0.00
     0     1      230.00      723.00        0.00
     0     1      236.00      721.00        0.00
     0     1      242.00      719.00        0.00
     0     1      248.00      717.00        0.00
     0     1      254.00      715.00        0.00
     0     1      260.00      713.00        0.00
     0     1      266.00      713.00        0.00
     0     1      272.00      713.00        0.00
     0     1      278.00      713.00        0.00
     0     2      482.00      631.00        0.00
     0     2      480.00      637.00        0.00
     0     2      480.00      643.00        0.00
     0     2      482.00      649.00        0.00
     0     2      486.00      653.00        0.00
     0     2      488.00      659.00        0.00
     0     2      490.00      665.00        0.00
     0     2      492.00      671.00        0.00
     0     2      494.00      677.00        0.00
     0     2      496.00      683.00        0.00
     0     2      498.00      689.00        0.00
     0     2      498.00      695.00        0.00
     0     2      498.00      701.00        0.00
     0     2      498.00      707.00        0.00
     0     2      500.00      713.00        0.00
     0     2      502.00      719.00        0.00
     0     2      504.00      725.00        0.00
     0     2      506.00      731.00        0.00
     0     2      510.00      737.00        0.00
     0     2      512.00      743.00        0.00
     0     2      512.00      749.00        0.00
     0     2      510.00      755.00        0.00
     0     2      504.00      757.00        0.00
     0     2      498.00      757.00        0.00
     0     2      492.00      759.00        0.00
     0     2      486.00      761.00        0.00
     0     2      480.00      761.00        0.00
     0     2      472.00      761.00        0.00
     0     2      466.00      761.00        0.00
     0     2      460.00      761.00        0.00
     0     2      454.00      759.00        0.00
     0     2      448.00      755.00        0.00
     0     2      444.00      751.00        0.00
     0     2      440.00      745.00        0.00
     0     2      438.00      739.00        0.00
     0     2      434.00      733.00        0.00
     0     2      430.00      727.00        0.00
     0     2      428.00      721.00        0.00
     0     2      424.00      715.00        0.00
     0     2      422.00      709.00        0.00
     0     2      418.00      703.00        0.00
     0     2      418.00      697.00        0.00
     0     2      418.00      691.00        0.00
     0     2      418.00      683.00        0.00
     0     2      418.00      677.00        0.00
     0     2      420.00      671.00        0.00
     0     2      422.00      663.00        0.00
     0     2      424.00      657.00        0.00
     0     2      426.00      651.00        0.00
     0     2      428.00      645.00        0.00
     0     2      430.00      639.00        0.00
     0     2      434.00      631.00        0.00
     0     2      438.00      625.00        0.00
     0     2      442.00      621.00        0.00
     0     2      446.00      617.00        0.00
     0     2      448.00      611.00        0.00
     0     2      452.00      607.00        0.00
     0     2      456.00      603.00        0.00
     0     2      460.00      599.00        0.00
     0     2      464.00      595.00        0.00
     0     2      468.00      589.00        0.00
     0     2      472.00      585.00        0.00
     0     2      478.00      581.00        0.00
     0     2      484.00      575.00        0.00
     0     2      488.00      569.00        0.00
     0     2      490.00      563.00        0.00
     0     2      494.00      559.00        0.00
     0     2      496.00      553.00        0.00
     0     2      500.00      545.00        0.00
     0     2      504.00      539.00        0.00
     0     2      506.00      533.00        0.00
     0     2      510.00      529.00        0.00
     0     2      508.00      537.00        0.00
     0     2      504.00      543.00        0.00
     0     2      500.00      551.00        0.00
     0     2      496.00      557.00        0.00
     0     2      492.00      561.00        0.00
     0     2      490.00      567.00        0.00
     0     2      486.00      571.00        0.00
     0     2      484.00      577.00        0.00
     0     2      480.00      583.00        0.00
     0     2      478.00      589.00        0.00
     0     2      476.00      595.00        0.00
     0     3      806.00      663.00        0.00
     0     3      818.00      671.00        0.00
     0     3      824.00      677.00        0.00
     0     3      830.00      681.00        0.00
     0     3      838.00      685.00        0.00
     0     3      846.00      689.00        0.00
     0     3      852.00      695.00        0.00
     0     3      856.00      699.00        0.00
     0     3      860.00      705.00        0.00
     0     3      862.00      711.00        0.00
     0     3      866.00      717.00        0.00
     0     3      870.00      723.00        0.00
     0     3      874.00      731.00        0.00
     0     3      876.00      737.00        0.00
     0     3      880.00      745.00        0.00
     0     3      884.00      751.00        0.00
     0     3      890.00      759.00        0.00
     0     3      894.00      763.00        0.00
     0     3      898.00      767.00        0.00
     0     3      902.00      773.00        0.00
     0     3      908.00      779.00        0.00
     0     3      912.00      783.00        0.00
     0     3      916.00      787.00        0.00
     0     3      920.00      791.00        0.00
     0     3      924.00      795.00        0.00
     0     3      928.00      799.00        0.00
     0     3      934.00      805.00        0.00
     0     3      938.00      809.00        0.00
     0     3      942.00      813.00        0.00
     0     3      946.00      819.00        0.00
     0     3      950.00      823.00        0.00
     0     3      956.00      829.00        0.00
     0     3      958.00      835.00        0.00
     0     3      964.00      841.00        0.00
     0     3      968.00      849.00        0.00
     0     3      972.00      857.00        0.00
     0     3      978.00      865.00        0.00
     0     3      982.00      871.00        0.00
     0     3      988.00      879.00        0.00
     0     3      992.00      885.00        0.00
     0     3      996.00      889.00        0.00
     0     3     1000.00      893.00        0.00
     0     3     1002.00      899.00        0.00
     0     3     1006.00      905.00        0.00
     0     3     1010.00      911.00        0.00
     0     3     1012.00      917.00        0.00
     0     3     1016.00      921.00        0.00
     0     3     1020.00      929.00        0.00
     0     3     1024.00      935.00        0.00
     0     3     1030.00      941.00        0.00
     0     3     1032.00      947.00        0.00
     0     3     1036.00      951.00        0.00
     0     3     1042.00      957.00        0.00
     0     3     1046.00      961.00        0.00
     0     3     1050.00      967.00        0.00
     0     3     1052.00      973.00        0.00
     0     3     1056.00      977.00        0.00
     0     3     1060.00      983.00        0.00
     0     3     1062.00      989.00        0.00
     0     3     1066.00      993.00        0.00
     0     3     1068.00     1001.00        0.00
     0     3     1072.00     1009.00        0.00
     0     3     1072.00     1015.00        0.00
     0     3     1072.00     1021.00        0.00
     0     3     1066.00     1023.00        0.00
     0     3     1060.00     1021.00        0.00
     0     3     1056.00     1025.00        0.00
     0     3     1056.00     1031.00        0.00
     0     3     1056.00     1037.00        0.00
     0     3     1052.00     1041.00        0.00
     0     3     1048.00     1037.00        0.00
     0     3     1044.00     1031.00        0.00
     0     3     1040.00     1025.00        0.00
     0     3     1034.00     1017.00        0.00
     0     3     1030.00     1013.00        0.00
     0     3     1028.00     1005.00        0.00
     0     3     1024.00     1001.00        0.00
     0     3     1018.00      995.00        0.00
     0     3     1014.00      991.00        0.00
     0     3     1008.00      987.00        0.00
     0     3     1004.00      983.00        0.00
     0     3      998.00      979.00        0.00
     0     3      994.00      975.00        0.00
     0     3      990.00      971.00        0.00
     0     3      986.00      967.00        0.00
     0     3      982.00      963.00        0.00
     0     3      978.00      957.00        0.00
     0     3      974.00      953.00        0.00
     0     3      970.00      947.00        0.00
     0     3      966.00      941.00        0.00
     0     3      962.00      935.00        0.00
     0     3      958.00      929.00        0.00
     0     3      956.00      921.00        0.00
     0     3      954.00      915.00        0.00
     0     3      952.00      909.00        0.00
     0     3      950.00      903.00        0.00
     0     3      948.00      897.00        0.00
     0     3      944.00      891.00        0.00
     0     3      942.00      885.00        0.00
     0     3      938.00      877.00        0.00
     0     3      934.00      871.00        0.00
     0     3      932.00      865.00        0.00
     0     3      928.00      859.00        0.00
     0     3      926.00      853.00        0.00
     0     3      922.00      845.00        0.00
     0     3      918.00      839.00        0.00
     0     3      916.00      833.00        0.00
     0     3      912.00      827.00        0.00
     0     3      910.00      821.00        0.00
     0     3      906.00      817.00        0.00
     0     3      902.00      811.00        0.00
     0     3      900.00      805.00        0.00
     0     3      896.00      801.00        0.00
     0     3      892.00      795.00        0.00
     0     3      888.00      791.00        0.00
     0     3      884.00      787.00        0.00
     0     3      880.00      783.00        0.00
     0     3      876.00      777.00        0.00
     0     3      872.00      773.00        0.00
     0     3      868.00      767.00        0.00
     0     3      864.00      763.00        0.00
     0     3      860.00      759.00        0.00
     0     3      856.00      753.00        0.00
     0     3      852.00      747.00        0.00
     0     3      848.00      743.00        0.00
     0     3      844.00      739.00        0.00
     0     3      840.00      733.00        0.00
     0     3      838.00      727.00        0.00
     0     3      834.00      723.00        0.00
     0     3      828.00      721.00        0.00
     0     3      822.00      719.00        0.00
     0     3      816.00      717.00        0.00
     0     3      810.00      715.00        0.00
     0     3      806.00      711.00        0.00
     0     4      850.00      419.00        0.00
     0     4      840.00      417.00        0.00
     0     4      834.00      415.00        0.00
     0     4      828.00      413.00        0.00
     0     4      824.00      409.00        0.00
     0     4      818.00      403.00        0.00
     0     4      814.00      397.00        0.00
     0     4      812.00      391.00        0.00
     0     4      810.00      385.00        0.00
     0     4      808.00      379.00        0.00
     0     4      812.00      373.00        0.00
     0     4      818.00      371.00        0.00
     0     4      826.00      371.00        0.00
     0     4      832.00      371.00        0.00
     0     4      840.00      371.00        0.00
     0     4      846.00      371.00        0.00
     0     4      852.00      375.00        0.00
     0     4      858.00      377.00        0.00
     0     4      862.00      381.00        0.00
     0     4      866.00      385.00        0.00
     0     4      870.00      389.00        0.00
     0     4      874.00      393.00        0.00
     0     4      880.00      397.00        0.00
     0     4      884.00      401.00        0.00
     0     4      890.00      405.00        0.00
     0     4      896.00      407.00        0.00
     0     4      902.00      411.00        0.00
     0     4      908.00      413.00        0.00
     0     4      914.00      415.00        0.00
     0     4      922.00      417.00        0.00
     0     4      928.00      419.00        0.00
     0     4      934.00      421.00        0.00
     0     4      940.00      423.00        0.00
     0     4      946.00      425.00        0.00
     0     4      952.00      427.00        0.00
     0     4      956.00      431.00        0.00
     0     4      962.00      433.00        0.00
     0     4      968.00      435.00        0.00
     0     4      976.00      439.00        0.00
     0     4      982.00      441.00        0.00
     0     4      988.00      443.00        0.00
     0     4      998.00      445.00        0.00
     0     4     1006.00      447.00        0.00
     0     4     1012.00      449.00        0.00
     0     4     1020.00      451.00        0.00
     0     4     1028.00      451.00        0.00
     0     4     1034.00      451.00        0.00
     0     4     1040.00      451.00        0.00
     0     4     1046.00      453.00        0.00
     0     4     1052.00      453.00        0.00
     0     4     1062.00      453.00        0.00
     0     4     1068.00      453.00        0.00
     0     4     1074.00      453.00        0.00
     0     4     1080.00      453.00        0.00
     0     4     1086.00      453.00        0.00
     0     4     1092.00      453.00        0.00
     0     4     1098.00      453.00        0.00
     0     4     1104.00      451.00        0.00
     0     4     1110.00      449.00        0.00
     0     4     1116.00      449.00        0.00
     0     4     1122.00      447.00        0.00
     0     4     1130.00      447.00        0.00
     0     4     1136.00      445.00        0.00
     0     4     1142.00      441.00        0.00
     0     4     1148.00      439.00        0.00
     0     4     1154.00      439.00        0.00
     0     4     1158.00      443.00        0.00
     0     4     1162.00      449.00        0.00
     0     4     1162.00      455.00        0.00
     0     4     1162.00      463.00        0.00
     0     4     1164.00      471.00        0.00
     0     4     1162.00      477.00        0.00
     0     4     1162.00      483.00        0.00
     0     4     1158.00      487.00        0.00
     0     4     1156.00      493.00        0.00
     0     4     1152.00      497.00        0.00
     0     4     1148.00      503.00        0.00
     0     4     1144.00      507.00        0.00
     0     4     1138.00      511.00        0.00
     0     4     1132.00      517.00        0.00
     0     4     1128.00      523.00        0.00
     0     4     1124.00      527.00        0.00
     0     4     1120.00      533.00        0.00
     0     4     1116.00      539.00        0.00
     0     4     1112.00      543.00        0.00
     0     4     1108.00      547.00        0.00
     0     4     1104.00      551.00        0.00
     0     4     1100.00      555.00        0.00
     0     4     1094.00      557.00        0.00
     0     4     1088.00      555.00        0.00
     0     4     1086.00      549.00        0.00
     0     4     1086.00      543.00        0.00
     0     4     1084.00      537.00        0.00
     0     4     1080.00      533.00        0.00
     0     4     1076.00      529.00        0.00
     0     4     1070.00      527.00        0.00
     0     4     1064.00      525.00        0.00
     0     4     1058.00      523.00        0.00
     0     4     1050.00      521.00        0.00
     0     4     1042.00      521.00        0.00
     0     4     1036.00      521.00        0.00
     0     4     1030.00      519.00        0.00
     0     4     1022.00      517.00        0.00
     0     4     1014.00      515.00        0.00
     0     4     1008.00      513.00        0.00
     0     4     1000.00      511.00        0.00
     0     4      994.00      509.00        0.00
     0     4      986.00      505.00        0.00
     0     4      980.00      501.00        0.00
     0     4      974.00      499.00        0.00
     0     4      968.00      495.00        0.00
     0     4      962.00      493.00        0.00
     0     4      956.00      491.00        0.00
     0     4      952.00      487.00        0.00
     0     4      946.00      483.00        0.00
     0     4      942.00      479.00        0.00
     0     4      938.00      475.00        0.00
     0     4      934.00      471.00        0.00
     0     4      930.00      467.00        0.00
     0     4      928.00      461.00        0.00
     0     4      924.00      457.00        0.00
     0     4      920.00      453.00        0.00
     0     4      914.00      449.00        0.00
     0     4      910.00      445.00        0.00
     0     4      906.00      441.00        0.00
     0     4      902.00      437.00        0.00
     0     4      898.00      433.00        0.00
     0     4      892.00      431.00        0.00
     0     4      888.00      427.00        0.00
     0     4      882.00      425.00        0.00
     0     5     1624.00     1285.00        0.00
     0     5     1622.00     1279.00        0.00
     0     5     1618.00     1273.00        0.00
     0     5     1616.00     1265.00        0.00
     0     5     1614.00     1255.00        0.00
     0     5     1610.00     1243.00        0.00
     0     5     1608.00     1233.00        0.00
     0     5     1606.00     1219.00        0.00
     0     5     1604.00     1209.00        0.00
     0     5     1600.00     1199.00        0.00
     0     5     1598.00     1187.00        0.00
     0     5     1594.00     1177.00        0.00
     0     5     1590.00     1171.00        0.00
     0     5     1588.00     1163.00        0.00
     0     5     1588.00     1155.00        0.00
     0     5     1586.00     1149.00        0.00
     0     5     1584.00     1143.00        0.00
     0     5     1584.00     1137.00        0.00
     0     5     1580.00     1129.00        0.00
     0     5     1578.00     1123.00        0.00
     0     5     1576.00     1117.00        0.00
     0     5     1570.00     1111.00        0.00
     0     5     1568.00     1105.00        0.00
     0     5     1566.00     1099.00        0.00
     0     5     1562.00     1095.00        0.00
     0     5     1560.00     1087.00        0.00
     0     5     1558.00     1081.00        0.00
     0     5     1556.00     1075.00        0.00
     0     5     1552.00     1065.00        0.00
     0     5     1552.00     1059.00        0.00
     0     5     1548.00     1053.00        0.00
     0     5     1546.00     1047.00        0.00
     0     5     1544.00     1039.00        0.00
     0     5     1540.00     1031.00        0.00
     0     5     1536.00     1025.00        0.00
     0     5     1534.00     1019.00        0.00
     0     5     1530.00     1015.00        0.00
     0     5     1526.00     1011.00        0.00
     0     5     1522.00     1005.00        0.00
     0     5     1518.00      999.00        0.00
     0     5     1516.00      993.00        0.00
     0     5     1516.00      987.00        0.00
     0     5     1516.00      981.00        0.00
     0     5     1520.00      977.00        0.00
     0     5     1524.00      973.00        0.00
     0     5     1530.00      969.00        0.00
     0     5     1534.00      965.00        0.00
     0     5     1540.00      961.00        0.00
     0     5     1548.00      957.00        0.00
     0     5     1556.00      953.00        0.00
     0     5     1562.00      951.00        0.00
     0     5     1570.00      947.00        0.00
     0     5     1576.00      945.00        0.00
     0     5     1582.00      943.00        0.00
     0     5     1590.00      941.00        0.00
     0     5     1596.00      941.00        0.00
     0     5     1604.00      941.00        0.00
     0     5     1612.00      939.00        0.00
     0     5     1618.00      939.00        0.00
     0     5     1624.00      939.00        0.00
     0     5     1630.00      939.00        0.00
     0     5     1638.00      939.00        0.00
     0     5     1646.00      943.00        0.00
     0     5     1652.00      945.00        0.00
     0     5     1658.00      949.00        0.00
     0     5     1664.00      953.00        0.00
     0     5     1670.00      957.00        0.00
     0     5     1676.00      963.00        0.00
     0     5     1682.00      967.00        0.00
     0     5     1686.00      971.00        0.00
     0     5     1690.00      975.00        0.00
     0     5     1694.00      981.00        0.00
     0     5     1696.00      987.00        0.00
     0     5     1698.00      993.00        0.00
     0     5     1700.00     1001.00        0.00
     0     5     1700.00     1007.00        0.00
     0     5     1698.00     1013.00        0.00
     0     5     1698.00     1019.00        0.00
     0     5     1696.00     1025.00        0.00
     0     5     1694.00     1031.00        0.00
     0     5     1688.00     1039.00        0.00
     0     5     1684.00     1045.00        0.00
     0     5     1678.00     1049.00        0.00
     0     5     1674.00     1053.00        0.00
     0     5     1666.00     1055.00        0.00
     0     5     1662.00     1059.00        0.00
     0     5     1656.00     1061.00        0.00
     0     5     1648.00     1065.00        0.00
     0     5     1640.00     1069.00        0.00
     0     5     1636.00     1073.00        0.00
     0     5     1630.00     1077.00        0.00
     0     5     1626.00     1081.00        0.00
     0     5     1624.00     1087.00        0.00
     0     5     1622.00     1093.00        0.00
     0     5     1620.00     1099.00        0.00
     0     5     1620.00     1105.00        0.00
     0     5     1620.00     1111.00        0.00
     0     5     1620.00     1117.00        0.00
     0     5     1620.00     1123.00        0.00
     0     5     1622.00     1129.00        0.00
     0     5     1622.00     1135.00        0.00
     0     5     1624.00     1141.00        0.00
     0     5     1624.00     1147.00        0.00
     0     5     1624.00     1153.00        0.00
     0     5     1624.00     1159.00        0.00
     0     5     1626.00     1165.00        0.00
     0     5     1626.00     1171.00        0.00
     0     5     1626.00     1177.00        0.00
     0     5     1626.00     1183.00        0.00
     0     5     1624.00     1189.00        0.00
     0     5     1622.00     1195.00        0.00
     0     5     1622.00     1201.00        0.00
     0     5     1622.00     1207.00        0.00
     0     5     1622.00     1213.00        0.00
     0     5     1622.00     1219.00        0.00
