     0     0       32.00     1219.00        0.00
     0     0       38.00     1221.00        0.00
     0     0       44.00     1221.00        0.00
     0     0       50.00     1223.00        0.00
     0     0       56.00     1223.00        0.00
     0     0       62.00     1223.00        0.00
     0     0       68.00     1223.00        0.00
     0     0       74.00     1223.00        0.00
     0     0       80.00     1223.00        0.00
     0     0       88.00     1223.00        0.00
     0     0       96.00     1223.00        0.00
     0     0      104.00     1223.00        0.00
     0     0      114.00     1223.00        0.00
     0     0      124.00     1221.00        0.00
     0     0      130.00     1221.00        0.00
     0     0      136.00     1221.00        0.00
     0     0      144.00     1221.00        0.00
     0     0      158.00     1221.00        0.00
     0     0      170.00     1219.00        0.00
     0     0      182.00     1219.00        0.00
     0     0      190.00     1219.00        0.00
     0     0      200.00     1219.00        0.00
     0     0      208.00     1219.00        0.00
     0     0      218.00     1219.00        0.00
     0     0      228.00     1219.00        0.00
     0     0      234.00     1217.00        0.00
     0     0      240.00     1217.00        0.00
     0     0      248.00     1217.00        0.00
     0     0      260.00     1217.00        0.00
     0     0      266.00     1217.00        0.00
     0     0      272.00     1217.00        0.00
     0     0      280.00     1217.00        0.00
     0     0      288.00     1215.00        0.00
     0     0      294.00     1215.00        0.00
     0     0      304.00     1213.00        0.00
     0     0      316.00     1211.00        0.00
     0     0      328.00     1209.00        0.00
     0     0      338.00     1209.00        0.00
     0     0      344.00     1207.00        0.00
     0     0      350.00     1207.00        0.00
     0     0      358.00     1207.00        0.00
     0     0      364.00     1205.00        0.00
     0     0      370.00     1205.00        0.00
     0     0      378.00     1205.00        0.00
     0     0      384.00     1205.00        0.00
     0     0      390.00     1205.00        0.00
     0     0      396.00     1205.00        0.00
     0     0      402.00     1205.00        0.00
     0     0      412.00     1205.00        0.00
     0     0      418.00     1205.00        0.00
     0     0      426.00     1205.00        0.00
     0     0      434.00     1207.00        0.00
     0     0      440.00     1209.00        0.00
     0     0      446.00     1209.00        0.00
     0     0      454.00     1211.00        0.00
     0     0      464.00     1213.00        0.00
     0     0      470.00     1213.00        0.00
     0     0      478.00     1215.00        0.00
     0     0      492.00     1215.00        0.00
     0     0      502.00     1217.00        0.00
     0     0      510.00     1217.00        0.00
     0     0      520.00     1217.00        0.00
     0     0      534.00     1221.00        0.00
     0     0      542.00     1221.00        0.00
     0     0      550.00     1223.00        0.00
     0     0      566.00     1225.00        0.00
     0     0      572.00     1227.00        0.00
     0     0      580.00     1229.00        0.00
     0     0      590.00     1231.00        0.00
     0     0      600.00     1231.00        0.00
     0     0      608.00     1233.00        0.00
     0     0      618.00     1233.00        0.00
     0     0      628.00     1233.00        0.00
     0     0      638.00     1233.00        0.00
     0     0      652.00     1233.00        0.00
     0     0      660.00     1233.00        0.00
     0     0      666.00     1233.00        0.00
     0     0      680.00     1231.00        0.00
     0     0      686.00     1231.00        0.00
     0     0      694.00     1229.00        0.00
     0     0      700.00     1225.00        0.00
     0     0      706.00     1223.00        0.00
     0     0      712.00     1221.00        0.00
     0     0      722.00     1217.00        0.00
     0     0      728.00     1217.00        0.00
     0     0      734.00     1215.00        0.00
     0     0      742.00     1213.00        0.00
     0     0      752.00     1211.00        0.00
     0     0      758.00     1209.00        0.00
     0     0      766.00     1211.00        0.00
     0     0      772.00     1213.00        0.00
     0     0      780.00     1215.00        0.00
     0     0      786.00     1221.00        0.00
     0     0      792.00     1227.00        0.00
     0     0      796.00     1231.00        0.00
     0     0      798.00     1237.00        0.00
     0     0      802.00     1243.00        0.00
     0     0      802.00     1249.00        0.00
     0     0      804.00     1255.00        0.00
     0     0      804.00     1261.00        0.00
     0     0      804.00     1267.00        0.00
     0     0      802.00     1273.00        0.00
     0     0      802.00     1279.00        0.00
     0     0      798.00     1285.00        0.00
     0     0      794.00     1289.00        0.00
     0     0      790.00     1293.00        0.00
     0     0      784.00     1295.00        0.00
     0     0      778.00     1295.00        0.00
     0     0      770.00     1295.00        0.00
     0     0      764.00     1295.00        0.00
     0     0      756.00     1295.00        0.00
     0     0      750.00     1295.00        0.00
     0     0      742.00     1295.00        0.00
     0     0      736.00     1295.00        0.00
     0     0      730.00     1293.00        0.00
     0     0      722.00     1293.00        0.00
     0     0      714.00     1291.00        0.00
     0     0      704.00     1291.00        0.00
     0     0      696.00     1289.00        0.00
     0     0      686.00     1287.00        0.00
     0     0      676.00     1285.00        0.00
     0     0      666.00     1283.00        0.00
     0     0      660.00     1283.00        0.00
     0     0      652.00     1281.00        0.00
     0     0      642.00     1279.00        0.00
     0     0      634.00     1277.00        0.00
     0     0      628.00     1275.00        0.00
     0     0      622.00     1273.00        0.00
     0     0      616.00     1271.00        0.00
     0     0      610.00     1269.00        0.00
     0     0      604.00     1269.00        0.00
     0     0      596.00     1267.00        0.00
     0     0      590.00     1265.00        0.00
     0     0      582.00     1265.00        0.00
     0     0      574.00     1263.00        0.00
     0     0      566.00     1261.00        0.00
     0     0      560.00     1259.00        0.00
     0     0      552.00     1259.00        0.00
     0     0      546.00     1257.00        0.00
     0     0      538.00     1257.00        0.00
     0     0      532.00     1257.00        0.00
     0     0      526.00     1255.00        0.00
     0     0      520.00     1255.00        0.00
     0     0      512.00     1255.00        0.00
     0     0      506.00     1255.00        0.00
     0     0      500.00     1255.00        0.00
     0     0      492.00     1255.00        0.00
     0     0      486.00     1257.00        0.00
     0     0      478.00     1257.00        0.00
     0     0      472.00     1257.00        0.00
     0     0      466.00     1259.00        0.00
     0     0      460.00     1261.00        0.00
     0     0      454.00     1261.00        0.00
     0     0      448.00     1263.00        0.00
     0     0      442.00     1263.00        0.00
     0     0      434.00     1263.00        0.00
     0     0      428.00     1263.00        0.00
     0     0      422.00     1263.00        0.00
     0     0      412.00     1263.00        0.00
     0     0      406.00     1263.00        0.00
     0     0      400.00     1263.00        0.00
     0     0      392.00     1261.00        0.00
     0     0      386.00     1261.00        0.00
     0     0      380.00     1261.00        0.00
     0     0      372.00     1259.00        0.00
     0     0      366.00     1257.00        0.00
     0     0      360.00     1255.00        0.00
     0     0      354.00     1255.00        0.00
     0     0      348.00     1253.00        0.00
     0     0      340.00     1251.00        0.00
     0     0      332.00     1249.00        0.00
     0     0      326.00     1247.00        0.00
     0     0      320.00     1245.00        0.00
     0     0      312.00     1243.00        0.00
     0     0      304.00     1243.00        0.00
     0     0      296.00     1241.00        0.00
     0     0      290.00     1241.00        0.00
     0     0      284.00     1239.00        0.00
     0     0      278.00     1237.00        0.00
     0     0      270.00     1237.00        0.00
     0     0      264.00     1235.00        0.00
     0     0      256.00     1235.00        0.00
     0     0      250.00     1233.00        0.00
     0     0      244.00     1233.00        0.00
     0     0      238.00     1233.00        0.00
     0     1      870.00      893.00        0.00
     0     1      850.00      889.00        0.00
     0     1      842.00      885.00        0.00
     0     1      834.00      881.00        0.00
     0     1      828.00      877.00        0.00
     0     1      824.00      873.00        0.00
     0     1      820.00      869.00        0.00
     0     1      816.00      863.00        0.00
     0     1      814.00      857.00        0.00
     0     1      812.00      851.00        0.00
     0     1      812.00      845.00        0.00
     0     1      814.00      837.00        0.00
     0     1      818.00      831.00        0.00
     0     1      822.00      827.00        0.00
     0     1      842.00      809.00        0.00
     0     1      846.00      803.00        0.00
     0     1      852.00      801.00        0.00
     0     1      858.00      799.00        0.00
     0     1      864.00      797.00        0.00
     0     1      870.00      797.00        0.00
     0     1      876.00      797.00        0.00
     0     1      884.00      797.00        0.00
     0     1      890.00      797.00        0.00
     0     1      896.00      801.00        0.00
     0     1      904.00      805.00        0.00
     0     1      908.00      809.00        0.00
     0     1      912.00      817.00        0.00
     0     1      916.00      823.00        0.00
     0     1      918.00      829.00        0.00
     0     1      922.00      837.00        0.00
     0     1      922.00      843.00        0.00
     0     1      926.00      847.00        0.00
     0     1      926.00      853.00        0.00
     0     1      928.00      859.00        0.00
     0     1      928.00      865.00        0.00
     0     1      930.00      871.00        0.00
     0     1      932.00      877.00        0.00
     0     1      936.00      885.00        0.00
     0     1      940.00      891.00        0.00
     0     1      944.00      895.00        0.00
     0     1      950.00      903.00        0.00
     0     1      954.00      911.00        0.00
     0     1      958.00      915.00        0.00
     0     1      962.00      921.00        0.00
     0     1      966.00      925.00        0.00
     0     1      970.00      929.00        0.00
     0     1      974.00      935.00        0.00
     0     1      978.00      941.00        0.00
     0     1      982.00      945.00        0.00
     0     1      984.00      951.00        0.00
     0     1      990.00      955.00        0.00
     0     1      996.00      961.00        0.00
     0     1     1002.00      965.00        0.00
     0     1     1006.00      969.00        0.00
     0     1     1010.00      975.00        0.00
     0     1     1014.00      981.00        0.00
     0     1     1018.00      987.00        0.00
     0     1     1022.00      993.00        0.00
     0     1     1024.00      999.00        0.00
     0     1     1026.00     1007.00        0.00
     0     1     1028.00     1015.00        0.00
     0     1     1030.00     1021.00        0.00
     0     1     1032.00     1027.00        0.00
     0     1     1034.00     1033.00        0.00
     0     1     1036.00     1041.00        0.00
     0     1     1038.00     1049.00        0.00
     0     1     1042.00     1055.00        0.00
     0     1     1046.00     1063.00        0.00
     0     1     1048.00     1069.00        0.00
     0     1     1050.00     1077.00        0.00
     0     1     1054.00     1083.00        0.00
     0     1     1056.00     1089.00        0.00
     0     1     1058.00     1095.00        0.00
     0     1     1062.00     1103.00        0.00
     0     1     1064.00     1109.00        0.00
     0     1     1066.00     1115.00        0.00
     0     1     1066.00     1121.00        0.00
     0     1     1070.00     1127.00        0.00
     0     1     1072.00     1133.00        0.00
     0     1     1076.00     1139.00        0.00
     0     1     1078.00     1145.00        0.00
     0     1     1082.00     1149.00        0.00
     0     1     1086.00     1157.00        0.00
     0     1     1088.00     1163.00        0.00
     0     1     1092.00     1171.00        0.00
     0     1     1094.00     1179.00        0.00
     0     1     1098.00     1183.00        0.00
     0     1     1100.00     1189.00        0.00
     0     1     1104.00     1195.00        0.00
     0     1     1106.00     1201.00        0.00
     0     1     1108.00     1207.00        0.00
     0     1     1110.00     1213.00        0.00
     0     1     1112.00     1219.00        0.00
     0     1     1116.00     1225.00        0.00
     0     1     1118.00     1231.00        0.00
     0     1     1122.00     1237.00        0.00
     0     1     1124.00     1245.00        0.00
     0     1     1126.00     1251.00        0.00
     0     1     1130.00     1257.00        0.00
     0     1     1130.00     1265.00        0.00
     0     1     1132.00     1271.00        0.00
     0     1     1132.00     1277.00        0.00
     0     1     1132.00     1283.00        0.00
     0     1     1132.00     1289.00        0.00
     0     1     1126.00     1289.00        0.00
     0     1     1120.00     1283.00        0.00
     0     1     1116.00     1277.00        0.00
     0     1     1112.00     1271.00        0.00
     0     1     1108.00     1265.00        0.00
     0     1     1104.00     1259.00        0.00
     0     1     1100.00     1253.00        0.00
     0     1     1098.00     1247.00        0.00
     0     1     1096.00     1241.00        0.00
     0     1     1094.00     1233.00        0.00
     0     1     1092.00     1227.00        0.00
     0     1     1090.00     1221.00        0.00
     0     1     1088.00     1213.00        0.00
     0     1     1086.00     1205.00        0.00
     0     1     1084.00     1197.00        0.00
     0     1     1082.00     1191.00        0.00
     0     1     1080.00     1185.00        0.00
     0     1     1076.00     1181.00        0.00
     0     1     1074.00     1175.00        0.00
     0     1     1072.00     1169.00        0.00
     0     1     1068.00     1161.00        0.00
     0     1     1066.00     1155.00        0.00
     0     1     1062.00     1149.00        0.00
     0     1     1058.00     1145.00        0.00
     0     1     1056.00     1139.00        0.00
     0     1     1052.00     1133.00        0.00
     0     1     1048.00     1129.00        0.00
     0     1     1046.00     1123.00        0.00
     0     1     1042.00     1119.00        0.00
     0     1     1040.00     1113.00        0.00
     0     1     1036.00     1109.00        0.00
     0     1     1034.00     1103.00        0.00
     0     1     1030.00     1097.00        0.00
     0     1     1026.00     1093.00        0.00
     0     1     1024.00     1087.00        0.00
     0     1     1020.00     1083.00        0.00
     0     1     1018.00     1077.00        0.00
     0     1     1014.00     1073.00        0.00
     0     1     1012.00     1065.00        0.00
     0     1     1008.00     1059.00        0.00
     0     1     1004.00     1055.00        0.00
     0     1     1002.00     1049.00        0.00
     0     1      998.00     1043.00        0.00
     0     1      996.00     1037.00        0.00
     0     1      992.00     1031.00        0.00
     0     1      988.00     1025.00        0.00
     0     1      986.00     1019.00        0.00
     0     1      982.00     1015.00        0.00
     0     1      978.00     1009.00        0.00
     0     1      976.00     1003.00        0.00
     0     1      972.00      999.00        0.00
     0     1      970.00      993.00        0.00
     0     1      966.00      989.00        0.00
     0     1      962.00      985.00        0.00
     0     1      958.00      979.00        0.00
     0     1      954.00      975.00        0.00
     0     1      950.00      969.00        0.00
     0     1      946.00      965.00        0.00
     0     1      942.00      961.00        0.00
     0     1      938.00      957.00        0.00
     0     1      936.00      951.00        0.00
     0     1      932.00      947.00        0.00
     0     1      928.00      943.00        0.00
     0     1      926.00      937.00        0.00
     0     1      922.00      931.00        0.00
     0     1      918.00      925.00        0.00
     0     1      914.00      919.00        0.00
     0     1      912.00      913.00        0.00
     0     1      908.00      907.00        0.00
     0     1      904.00      901.00        0.00
     0     1      900.00      897.00        0.00
     0     1      898.00      891.00        0.00
     0     2      994.00      541.00        0.00
     0     2     1000.00      545.00        0.00
     0     2     1006.00      547.00        0.00
     0     2     1012.00      549.00        0.00
     0     2     1018.00      551.00        0.00
     0     2     1024.00      555.00        0.00
     0     2     1028.00      559.00        0.00
     0     2     1034.00      563.00        0.00
     0     2     1040.00      567.00        0.00
     0     2     1044.00      571.00        0.00
     0     2     1052.00      575.00        0.00
     0     2     1056.00      581.00        0.00
     0     2     1060.00      585.00        0.00
     0     2     1066.00      589.00        0.00
     0     2     1070.00      593.00        0.00
     0     2     1076.00      595.00        0.00
     0     2     1080.00      599.00        0.00
     0     2     1086.00      603.00        0.00
     0     2     1092.00      607.00        0.00
     0     2     1098.00      611.00        0.00
     0     2     1106.00      615.00        0.00
     0     2     1110.00      619.00        0.00
     0     2     1118.00      623.00        0.00
     0     2     1122.00      627.00        0.00
     0     2     1126.00      631.00        0.00
     0     2     1130.00      637.00        0.00
     0     2     1136.00      641.00        0.00
     0     2     1140.00      645.00        0.00
     0     2     1146.00      647.00        0.00
     0     2     1152.00      651.00        0.00
     0     2     1158.00      653.00        0.00
     0     2     1164.00      653.00        0.00
     0     2     1170.00      655.00        0.00
     0     2     1178.00      657.00        0.00
     0     2     1186.00      659.00        0.00
     0     2     1194.00      663.00        0.00
     0     2     1200.00      665.00        0.00
     0     2     1208.00      669.00        0.00
     0     2     1216.00      673.00        0.00
     0     2     1222.00      677.00        0.00
     0     2     1228.00      681.00        0.00
     0     2     1234.00      685.00        0.00
     0     2     1238.00      689.00        0.00
     0     2     1242.00      693.00        0.00
     0     2     1248.00      699.00        0.00
     0     2     1252.00      703.00        0.00
     0     2     1256.00      709.00        0.00
     0     2     1260.00      713.00        0.00
     0     2     1264.00      719.00        0.00
     0     2     1266.00      725.00        0.00
     0     2     1270.00      729.00        0.00
     0     2     1276.00      735.00        0.00
     0     2     1280.00      739.00        0.00
     0     2     1284.00      743.00        0.00
     0     2     1288.00      747.00        0.00
     0     2     1292.00      751.00        0.00
     0     2     1296.00      755.00        0.00
     0     2     1302.00      759.00        0.00
     0     2     1306.00      763.00        0.00
     0     2     1312.00      767.00        0.00
     0     2     1316.00      771.00        0.00
     0     2     1324.00      775.00        0.00
     0     2     1328.00      779.00        0.00
     0     2     1332.00      783.00        0.00
     0     2     1326.00      785.00        0.00
     0     2     1320.00      781.00        0.00
     0     2     1314.00      779.00        0.00
     0     2     1308.00      779.00        0.00
     0     2     1306.00      787.00        0.00
     0     2     1310.00      793.00        0.00
     0     2     1312.00      801.00        0.00
     0     2     1316.00      807.00        0.00
     0     2     1320.00      813.00        0.00
     0     2     1324.00      817.00        0.00
     0     2     1328.00      823.00        0.00
     0     2     1332.00      827.00        0.00
     0     2     1338.00      829.00        0.00
     0     2     1342.00      833.00        0.00
     0     2     1346.00      837.00        0.00
     0     2     1350.00      841.00        0.00
     0     2     1354.00      845.00        0.00
     0     2     1358.00      849.00        0.00
     0     2     1362.00      853.00        0.00
     0     2     1366.00      859.00        0.00
     0     2     1368.00      865.00        0.00
     0     2     1372.00      873.00        0.00
     0     2     1368.00      877.00        0.00
     0     2     1362.00      875.00        0.00
     0     2     1356.00      871.00        0.00
     0     2     1352.00      867.00        0.00
     0     2     1346.00      863.00        0.00
     0     2     1340.00      859.00        0.00
     0     2     1332.00      853.00        0.00
     0     2     1328.00      849.00        0.00
     0     2     1322.00      843.00        0.00
     0     2     1314.00      837.00        0.00
     0     2     1310.00      831.00        0.00
     0     2     1306.00      827.00        0.00
     0     2     1302.00      823.00        0.00
     0     2     1296.00      817.00        0.00
     0     2     1292.00      813.00        0.00
     0     2     1288.00      809.00        0.00
     0     2     1284.00      805.00        0.00
     0     2     1278.00      801.00        0.00
     0     2     1274.00      797.00        0.00
     0     2     1270.00      793.00        0.00
     0     2     1266.00      789.00        0.00
     0     2     1262.00      785.00        0.00
     0     2     1258.00      781.00        0.00
     0     2     1254.00      777.00        0.00
     0     2     1250.00      771.00        0.00
     0     2     1246.00      767.00        0.00
     0     2     1242.00      761.00        0.00
     0     2     1236.00      757.00        0.00
     0     2     1232.00      753.00        0.00
     0     2     1228.00      749.00        0.00
     0     2     1224.00      745.00        0.00
     0     2     1218.00      741.00        0.00
     0     2     1214.00      737.00        0.00
     0     2     1210.00      731.00        0.00
     0     2     1204.00      727.00        0.00
     0     2     1200.00      723.00        0.00
     0     2     1196.00      719.00        0.00
     0     2     1188.00      715.00        0.00
     0     2     1182.00      709.00        0.00
     0     2     1176.00      705.00        0.00
     0     2     1168.00      701.00        0.00
     0     2     1164.00      697.00        0.00
     0     2     1160.00      693.00        0.00
     0     2     1156.00      689.00        0.00
     0     2     1152.00      683.00        0.00
     0     2     1150.00      677.00        0.00
     0     2     1146.00      673.00        0.00
     0     2     1144.00      667.00        0.00
     0     2     1142.00      661.00        0.00
     0     2     1138.00      657.00        0.00
     0     3      950.00      403.00        0.00
     0     3      960.00      405.00        0.00
     0     3      964.00      409.00        0.00
     0     3      970.00      413.00        0.00
     0     3      974.00      417.00        0.00
     0     3      976.00      423.00        0.00
     0     3      980.00      429.00        0.00
     0     3      982.00      435.00        0.00
     0     3      984.00      441.00        0.00
     0     3      988.00      449.00        0.00
     0     3      988.00      455.00        0.00
     0     3      988.00      461.00        0.00
     0     3      986.00      467.00        0.00
     0     3      982.00      471.00        0.00
     0     3      978.00      475.00        0.00
     0     3      972.00      477.00        0.00
     0     3      966.00      479.00        0.00
     0     3      960.00      483.00        0.00
     0     3      954.00      487.00        0.00
     0     3      948.00      489.00        0.00
     0     3      944.00      495.00        0.00
     0     3      940.00      499.00        0.00
     0     3      936.00      507.00        0.00
     0     3      934.00      513.00        0.00
     0     3      930.00      519.00        0.00
     0     3      928.00      525.00        0.00
     0     3      926.00      531.00        0.00
     0     3      924.00      537.00        0.00
     0     3      920.00      543.00        0.00
     0     3      916.00      549.00        0.00
     0     3      914.00      555.00        0.00
     0     3      912.00      561.00        0.00
     0     3      908.00      565.00        0.00
     0     3      904.00      569.00        0.00
     0     3      898.00      573.00        0.00
     0     3      894.00      577.00        0.00
     0     3      888.00      579.00        0.00
     0     3      750.00      843.00        0.00
     0     3      874.00      581.00        0.00
     0     3      862.00      549.00        0.00
     0     3      856.00      529.00        0.00
     0     3      856.00      523.00        0.00
     0     3      856.00      517.00        0.00
     0     3      856.00      511.00        0.00
     0     3      856.00      505.00        0.00
     0     3      858.00      499.00        0.00
     0     3      862.00      493.00        0.00
     0     3      864.00      487.00        0.00
     0     3      868.00      483.00        0.00
     0     3      872.00      479.00        0.00
     0     3      878.00      477.00        0.00
     0     3      884.00      475.00        0.00
     0     3      888.00      471.00        0.00
     0     3      894.00      469.00        0.00
     0     3      900.00      465.00        0.00
     0     3      906.00      463.00        0.00
     0     3      910.00      459.00        0.00
     0     3      914.00      455.00        0.00
     0     3      918.00      451.00        0.00
     0     3      924.00      449.00        0.00
     0     3      928.00      445.00        0.00
     0     3      930.00      439.00        0.00
     0     4     1400.00      279.00        0.00
     0     4     1404.00      297.00        0.00
     0     4     1406.00      305.00        0.00
     0     4     1408.00      313.00        0.00
     0     4     1410.00      321.00        0.00
     0     4     1414.00      327.00        0.00
     0     4     1418.00      333.00        0.00
     0     4     1422.00      341.00        0.00
     0     4     1426.00      347.00        0.00
     0     4     1430.00      353.00        0.00
     0     4     1434.00      359.00        0.00
     0     4     1438.00      365.00        0.00
     0     4     1442.00      371.00        0.00
     0     4     1446.00      375.00        0.00
     0     4     1450.00      379.00        0.00
     0     4     1454.00      383.00        0.00
     0     4     1458.00      387.00        0.00
     0     4     1462.00      391.00        0.00
     0     4     1466.00      395.00        0.00
     0     4     1470.00      399.00        0.00
     0     4     1474.00      403.00        0.00
     0     4     1482.00      407.00        0.00
     0     4     1486.00      413.00        0.00
     0     4     1490.00      417.00        0.00
     0     4     1494.00      421.00        0.00
     0     4     1496.00      427.00        0.00
     0     4     1500.00      433.00        0.00
     0     4     1504.00      437.00        0.00
     0     4     1510.00      441.00        0.00
     0     4     1514.00      447.00        0.00
     0     4     1520.00      451.00        0.00
     0     4     1524.00      455.00        0.00
     0     4     1528.00      459.00        0.00
     0     4     1534.00      463.00        0.00
     0     4     1538.00      467.00        0.00
     0     4     1544.00      471.00        0.00
     0     4     1550.00      477.00        0.00
     0     4     1556.00      481.00        0.00
     0     4     1552.00      485.00        0.00
     0     4     1544.00      485.00        0.00
     0     4     1538.00      483.00        0.00
     0     4     1532.00      481.00        0.00
     0     4     1522.00      477.00        0.00
     0     4     1512.00      475.00        0.00
     0     4     1504.00      473.00        0.00
     0     4     1494.00      471.00        0.00
     0     4     1488.00      469.00        0.00
     0     4     1482.00      467.00        0.00
     0     4     1476.00      463.00        0.00
     0     4     1468.00      461.00        0.00
     0     4     1462.00      459.00        0.00
     0     4     1454.00      455.00        0.00
     0     4     1446.00      453.00        0.00
     0     4     1438.00      449.00        0.00
     0     4     1430.00      445.00        0.00
     0     4     1424.00      441.00        0.00
     0     4     1418.00      439.00        0.00
     0     4     1410.00      433.00        0.00
     0     4     1406.00      429.00        0.00
     0     4     1402.00      425.00        0.00
     0     4     1398.00      421.00        0.00
     0     4     1392.00      417.00        0.00
     0     4     1388.00      409.00        0.00
     0     4     1386.00      401.00        0.00
     0     4     1382.00      395.00        0.00
     0     4     1378.00      389.00        0.00
     0     4     1372.00      385.00        0.00
     0     4     1368.00      379.00        0.00
     0     4     1362.00      375.00        0.00
     0     4     1360.00      369.00        0.00
     0     4     1358.00      363.00        0.00
     0     4     1358.00      357.00        0.00
     0     4     1360.00      349.00        0.00
     0     4     1364.00      343.00        0.00
     0     4     1366.00      337.00        0.00
     0     4     1368.00      331.00        0.00
     0     4     1368.00      325.00        0.00
     0     4     1368.00      319.00        0.00
     0     4     1364.00      313.00        0.00
     0     4     1362.00      307.00        0.00
     0     4     1360.00      301.00        0.00
     0     4     1360.00      295.00        0.00
     0     4     1360.00      289.00        0.00
     0     4     1366.00      285.00        0.00
