     0     0     1656.00     1185.00        0.00
     0     0     1650.00     1189.00        0.00
     0     0     1644.00     1189.00        0.00
     0     0     1638.00     1189.00        0.00
     0     0     1632.00     1191.00        0.00
     0     0     1624.00     1191.00        0.00
     0     0     1616.00     1191.00        0.00
     0     0     1610.00     1191.00        0.00
     0     0     1604.00     1189.00        0.00
     0     0     1598.00     1189.00        0.00
     0     0     1590.00     1187.00        0.00
     0     0     1584.00     1185.00        0.00
     0     0     1578.00     1185.00        0.00
     0     0     1570.00     1183.00        0.00
     0     0     1560.00     1183.00        0.00
     0     0     1554.00     1181.00        0.00
     0     0     1546.00     1181.00        0.00
     0     0     1540.00     1181.00        0.00
     0     0     1532.00     1179.00        0.00
     0     0     1524.00     1177.00        0.00
     0     0     1516.00     1177.00        0.00
     0     0     1506.00     1175.00        0.00
     0     0     1496.00     1175.00        0.00
     0     0     1490.00     1173.00        0.00
     0     0     1482.00     1173.00        0.00
     0     0     1476.00     1173.00        0.00
     0     0     1470.00     1173.00        0.00
     0     0     1462.00     1173.00        0.00
     0     0     1456.00     1173.00        0.00
     0     0     1446.00     1173.00        0.00
     0     0     1438.00     1171.00        0.00
     0     0     1430.00     1171.00        0.00
     0     0     1420.00     1171.00        0.00
     0     0     1410.00     1171.00        0.00
     0     0     1400.00     1171.00        0.00
     0     0     1390.00     1171.00        0.00
     0     0     1382.00     1171.00        0.00
     0     0     1374.00     1171.00        0.00
     0     0     1366.00     1171.00        0.00
     0     0     1356.00     1171.00        0.00
     0     0     1348.00     1171.00        0.00
     0     0     1342.00     1171.00        0.00
     0     0     1336.00     1171.00        0.00
     0     0     1330.00     1171.00        0.00
     0     0     1322.00     1171.00        0.00
     0     0     1316.00     1171.00        0.00
     0     0     1310.00     1171.00        0.00
     0     0     1300.00     1171.00        0.00
     0     0     1294.00     1171.00        0.00
     0     0     1286.00     1171.00        0.00
     0     0     1274.00     1171.00        0.00
     0     0     1262.00     1173.00        0.00
     0     0     1256.00     1173.00        0.00
     0     0     1250.00     1173.00        0.00
     0     0     1244.00     1173.00        0.00
     0     0     1238.00     1173.00        0.00
     0     0     1232.00     1173.00        0.00
     0     0     1226.00     1173.00        0.00
     0     0     1218.00     1171.00        0.00
     0     0     1208.00     1171.00        0.00
     0     0     1198.00     1169.00        0.00
     0     0     1188.00     1169.00        0.00
     0     0     1180.00     1167.00        0.00
     0     0     1170.00     1165.00        0.00
     0     0     1162.00     1165.00        0.00
     0     0     1156.00     1163.00        0.00
     0     0     1148.00     1163.00        0.00
     0     0     1142.00     1163.00        0.00
     0     0     1134.00     1163.00        0.00
     0     0     1124.00     1161.00        0.00
     0     0     1116.00     1161.00        0.00
     0     0     1110.00     1161.00        0.00
     0     0     1102.00     1161.00        0.00
     0     0     1092.00     1161.00        0.00
     0     0     1082.00     1159.00        0.00
     0     0     1076.00     1159.00        0.00
     0     0     1068.00     1159.00        0.00
     0     0     1062.00     1157.00        0.00
     0     0     1056.00     1157.00        0.00
     0     0     1050.00     1157.00        0.00
     0     0     1044.00     1157.00        0.00
     0     0     1036.00     1155.00        0.00
     0     0     1026.00     1153.00        0.00
     0     0     1016.00     1153.00        0.00
     0     0     1010.00     1153.00        0.00
     0     0     1004.00     1153.00        0.00
     0     0      998.00     1153.00        0.00
     0     0      992.00     1153.00        0.00
     0     0      986.00     1153.00        0.00
     0     0      978.00     1153.00        0.00
     0     0      968.00     1153.00        0.00
     0     0      960.00     1157.00        0.00
     0     0      954.00     1159.00        0.00
     0     0      948.00     1159.00        0.00
     0     0      942.00     1159.00        0.00
     0     0      936.00     1159.00        0.00
     0     0      930.00     1159.00        0.00
     0     0      920.00     1161.00        0.00
     0     0      914.00     1163.00        0.00
     0     0      908.00     1163.00        0.00
     0     0      900.00     1163.00        0.00
     0     0      892.00     1163.00        0.00
     0     0      886.00     1163.00        0.00
     0     0      880.00     1163.00        0.00
     0     0      872.00     1163.00        0.00
     0     0      866.00     1163.00        0.00
     0     0      860.00     1165.00        0.00
     0     0      852.00     1165.00        0.00
     0     0      844.00     1165.00        0.00
     0     0      834.00     1167.00        0.00
     0     0      826.00     1167.00        0.00
     0     0      818.00     1167.00        0.00
     0     0      812.00     1169.00        0.00
     0     0      806.00     1169.00        0.00
     0     0      798.00     1171.00        0.00
     0     0      790.00     1173.00        0.00
     0     0      784.00     1175.00        0.00
     0     0      778.00     1177.00        0.00
     0     0      770.00     1177.00        0.00
     0     0      756.00     1177.00        0.00
     0     0      740.00     1177.00        0.00
     0     0      726.00     1179.00        0.00
     0     0      716.00     1181.00        0.00
     0     0      706.00     1183.00        0.00
     0     0      698.00     1183.00        0.00
     0     0      692.00     1183.00        0.00
     0     0      686.00     1183.00        0.00
     0     0      680.00     1183.00        0.00
     0     0      670.00     1183.00        0.00
     0     0      656.00     1183.00        0.00
     0     0      638.00     1183.00        0.00
     0     0      628.00     1183.00        0.00
     0     0      616.00     1185.00        0.00
     0     0      606.00     1187.00        0.00
     0     0      594.00     1189.00        0.00
     0     0      586.00     1189.00        0.00
     0     0      578.00     1191.00        0.00
     0     0      572.00     1191.00        0.00
     0     0      566.00     1191.00        0.00
     0     0      560.00     1193.00        0.00
     0     0      554.00     1193.00        0.00
     0     0      548.00     1193.00        0.00
     0     0      542.00     1195.00        0.00
     0     0      534.00     1195.00        0.00
     0     0      528.00     1197.00        0.00
     0     0      522.00     1197.00        0.00
     0     0      516.00     1199.00        0.00
     0     0      510.00     1203.00        0.00
     0     0      502.00     1205.00        0.00
     0     0      492.00     1209.00        0.00
     0     0      480.00     1211.00        0.00
     0     0      468.00     1213.00        0.00
     0     0      458.00     1217.00        0.00
     0     0      448.00     1219.00        0.00
     0     0      440.00     1223.00        0.00
     0     0      432.00     1225.00        0.00
     0     0      426.00     1227.00        0.00
     0     0      420.00     1229.00        0.00
     0     0      414.00     1231.00        0.00
     0     0      408.00     1233.00        0.00
     0     0      402.00     1233.00        0.00
     0     0      394.00     1237.00        0.00
     0     0      388.00     1239.00        0.00
     0     0      380.00     1241.00        0.00
     0     0      374.00     1245.00        0.00
     0     0      366.00     1249.00        0.00
     0     0      360.00     1251.00        0.00
     0     0      352.00     1255.00        0.00
     0     0      346.00     1257.00        0.00
     0     0      338.00     1259.00        0.00
     0     0      328.00     1263.00        0.00
     0     0      322.00     1265.00        0.00
     0     0      316.00     1269.00        0.00
     0     0      310.00     1271.00        0.00
     0     0      302.00     1275.00        0.00
     0     0      292.00     1279.00        0.00
     0     0      286.00     1283.00        0.00
     0     0      276.00     1287.00        0.00
     0     0      270.00     1289.00        0.00
     0     0      264.00     1291.00        0.00
     0     0      254.00     1293.00        0.00
     0     0      248.00     1295.00        0.00
     0     0      240.00     1297.00        0.00
     0     0      234.00     1299.00        0.00
     0     0      228.00     1301.00        0.00
     0     0      222.00     1301.00        0.00
     0     0      216.00     1303.00        0.00
     0     0      210.00     1303.00        0.00
     0     0      202.00     1305.00        0.00
     0     0      196.00     1307.00        0.00
     0     0      186.00     1307.00        0.00
     0     0      178.00     1309.00        0.00
     0     0      172.00     1311.00        0.00
     0     0      168.00     1315.00        0.00
     0     0      164.00     1319.00        0.00
     0     0      158.00     1321.00        0.00
     0     0      150.00     1321.00        0.00
     0     0      144.00     1321.00        0.00
     0     0      138.00     1321.00        0.00
     0     0      132.00     1321.00        0.00
     0     0      126.00     1321.00        0.00
     0     0      122.00     1317.00        0.00
     0     0      118.00     1313.00        0.00
     0     0      118.00     1307.00        0.00
     0     0      122.00     1303.00        0.00
     0     0      128.00     1299.00        0.00
     0     0      136.00     1297.00        0.00
     0     0      142.00     1295.00        0.00
     0     0      148.00     1293.00        0.00
     0     0      154.00     1291.00        0.00
     0     0      162.00     1289.00        0.00
     0     0      168.00     1287.00        0.00
     0     0      174.00     1283.00        0.00
     0     0      182.00     1281.00        0.00
     0     0      188.00     1277.00        0.00
     0     0      196.00     1273.00        0.00
     0     0      204.00     1269.00        0.00
     0     0      212.00     1265.00        0.00
     0     0      220.00     1259.00        0.00
     0     0      226.00     1253.00        0.00
     0     0      230.00     1249.00        0.00
     0     0      236.00     1245.00        0.00
     0     0      242.00     1241.00        0.00
     0     0      250.00     1237.00        0.00
     0     0      256.00     1233.00        0.00
     0     0      262.00     1233.00        0.00
     0     0      268.00     1233.00        0.00
     0     0      274.00     1229.00        0.00
     0     0      280.00     1227.00        0.00
     0     0      286.00     1225.00        0.00
     0     0      294.00     1223.00        0.00
     0     0      302.00     1223.00        0.00
     0     0      312.00     1223.00        0.00
     0     0      318.00     1223.00        0.00
     0     0      326.00     1221.00        0.00
     0     0      334.00     1221.00        0.00
     0     0      340.00     1221.00        0.00
     0     0      346.00     1221.00        0.00
     0     0      352.00     1221.00        0.00
     0     0      358.00     1221.00        0.00
     0     0      366.00     1219.00        0.00
     0     0      374.00     1219.00        0.00
     0     0      382.00     1217.00        0.00
     0     0      388.00     1215.00        0.00
     0     0      398.00     1213.00        0.00
     0     0      408.00     1211.00        0.00
     0     0      414.00     1209.00        0.00
     0     0      420.00     1209.00        0.00
     0     0      428.00     1209.00        0.00
     0     0      436.00     1209.00        0.00
     0     0      442.00     1207.00        0.00
     0     0      448.00     1205.00        0.00
     0     0      454.00     1203.00        0.00
     0     0      464.00     1203.00        0.00
     0     0      470.00     1201.00        0.00
     0     0      478.00     1199.00        0.00
     0     0      486.00     1197.00        0.00
     0     0      494.00     1195.00        0.00
     0     0      504.00     1193.00        0.00
     0     0      510.00     1191.00        0.00
     0     0      516.00     1189.00        0.00
     0     0      522.00     1189.00        0.00
     0     0      530.00     1189.00        0.00
     0     0      536.00     1187.00        0.00
     0     0      542.00     1185.00        0.00
     0     0      548.00     1185.00        0.00
     0     0      554.00     1185.00        0.00
     0     0      562.00     1183.00        0.00
     0     0      572.00     1183.00        0.00
     0     0      580.00     1181.00        0.00
     0     0      590.00     1179.00        0.00
     0     0      596.00     1179.00        0.00
     0     0      602.00     1179.00        0.00
     0     0      608.00     1177.00        0.00
     0     0      616.00     1177.00        0.00
     0     0      622.00     1177.00        0.00
     0     0      630.00     1177.00        0.00
     0     0      638.00     1175.00        0.00
     0     0      646.00     1175.00        0.00
     0     0      654.00     1175.00        0.00
     0     0      666.00     1175.00        0.00
     0     0      674.00     1175.00        0.00
     0     0      682.00     1175.00        0.00
     0     0      690.00     1175.00        0.00
     0     0      696.00     1175.00        0.00
     0     0      702.00     1175.00        0.00
     0     0      710.00     1175.00        0.00
     0     0      718.00     1175.00        0.00
     0     0      726.00     1175.00        0.00
     0     0      732.00     1175.00        0.00
     0     0      738.00     1173.00        0.00
     0     0      744.00     1173.00        0.00
     0     0      750.00     1173.00        0.00
     0     0      756.00     1171.00        0.00
     0     0      762.00     1169.00        0.00
     0     0      770.00     1169.00        0.00
     0     0      780.00     1169.00        0.00
     0     0      786.00     1167.00        0.00
     0     0      794.00     1167.00        0.00
     0     0      802.00     1165.00        0.00
     0     0      810.00     1165.00        0.00
     0     0      818.00     1163.00        0.00
     0     0      826.00     1163.00        0.00
     0     0      836.00     1161.00        0.00
     0     0      846.00     1161.00        0.00
     0     0      856.00     1161.00        0.00
     0     0      868.00     1161.00        0.00
     0     0      876.00     1161.00        0.00
     0     0      884.00     1161.00        0.00
     0     0      890.00     1159.00        0.00
     0     0      896.00     1159.00        0.00
     0     0      902.00     1159.00        0.00
     0     0      908.00     1157.00        0.00
     0     0      914.00     1155.00        0.00
     0     0      920.00     1153.00        0.00
     0     0      926.00     1153.00        0.00
     0     0      932.00     1151.00        0.00
     0     0      938.00     1149.00        0.00
     0     0      944.00     1149.00        0.00
     0     0      952.00     1149.00        0.00
     0     0      960.00     1149.00        0.00
     0     0      966.00     1149.00        0.00
     0     0      972.00     1147.00        0.00
     0     0      980.00     1147.00        0.00
     0     0      988.00     1147.00        0.00
     0     0      996.00     1147.00        0.00
     0     0     1004.00     1145.00        0.00
     0     0     1010.00     1145.00        0.00
     0     0     1020.00     1145.00        0.00
     0     0     1030.00     1145.00        0.00
     0     0     1042.00     1147.00        0.00
     0     0     1050.00     1147.00        0.00
     0     0     1060.00     1147.00        0.00
     0     0     1068.00     1147.00        0.00
     0     0     1074.00     1147.00        0.00
     0     0     1080.00     1149.00        0.00
     0     0     1086.00     1151.00        0.00
     0     0     1094.00     1151.00        0.00
     0     0     1100.00     1153.00        0.00
     0     0     1108.00     1155.00        0.00
     0     0     1118.00     1157.00        0.00
     0     0     1124.00     1157.00        0.00
     0     0     1132.00     1159.00        0.00
     0     0     1138.00     1159.00        0.00
     0     0     1144.00     1159.00        0.00
     0     0     1150.00     1157.00        0.00
     0     0     1156.00     1155.00        0.00
     0     0     1162.00     1153.00        0.00
     0     0     1168.00     1151.00        0.00
     0     0     1174.00     1149.00        0.00
     0     0     1182.00     1149.00        0.00
     0     0     1194.00     1147.00        0.00
     0     0     1200.00     1147.00        0.00
     0     0     1208.00     1147.00        0.00
     0     0     1216.00     1147.00        0.00
     0     0     1226.00     1149.00        0.00
     0     0     1236.00     1149.00        0.00
     0     0     1246.00     1151.00        0.00
     0     0     1252.00     1151.00        0.00
     0     0     1258.00     1151.00        0.00
     0     0     1264.00     1153.00        0.00
     0     0     1272.00     1155.00        0.00
     0     0     1278.00     1157.00        0.00
     0     0     1286.00     1157.00        0.00
     0     0     1292.00     1159.00        0.00
     0     0     1298.00     1163.00        0.00
     0     0     1304.00     1165.00        0.00
     0     0     1310.00     1167.00        0.00
     0     0     1316.00     1167.00        0.00
     0     0     1322.00     1167.00        0.00
     0     0     1332.00     1167.00        0.00
     0     0     1344.00     1167.00        0.00
     0     0     1352.00     1165.00        0.00
     0     0     1362.00     1165.00        0.00
     0     0     1370.00     1165.00        0.00
     0     0     1376.00     1165.00        0.00
     0     0     1384.00     1165.00        0.00
     0     0     1392.00     1163.00        0.00
     0     0     1400.00     1163.00        0.00
     0     0     1408.00     1163.00        0.00
     0     0     1418.00     1163.00        0.00
     0     0     1424.00     1163.00        0.00
     0     0     1430.00     1163.00        0.00
     0     0     1444.00     1163.00        0.00
     0     0     1452.00     1163.00        0.00
     0     0     1462.00     1163.00        0.00
     0     0     1470.00     1163.00        0.00
     0     0     1478.00     1163.00        0.00
     0     0     1486.00     1163.00        0.00
     0     0     1494.00     1163.00        0.00
     0     0     1500.00     1163.00        0.00
     0     0     1510.00     1163.00        0.00
     0     0     1520.00     1163.00        0.00
     0     0     1528.00     1163.00        0.00
     0     0     1540.00     1163.00        0.00
     0     0     1548.00     1163.00        0.00
     0     0     1556.00     1163.00        0.00
     0     0     1562.00     1161.00        0.00
     0     0     1568.00     1161.00        0.00
     0     0     1574.00     1161.00        0.00
     0     0     1580.00     1161.00        0.00
     0     0     1588.00     1161.00        0.00
     0     0     1594.00     1161.00        0.00
     0     0     1602.00     1163.00        0.00
     0     0     1608.00     1163.00        0.00
     0     0     1616.00     1165.00        0.00
     0     0     1624.00     1165.00        0.00
     0     0     1630.00     1165.00        0.00
     0     0     1636.00     1165.00        0.00
     0     1      918.00      975.00        0.00
     0     1      916.00      993.00        0.00
     0     1      916.00      999.00        0.00
     0     1      914.00     1005.00        0.00
     0     1      912.00     1013.00        0.00
     0     1      910.00     1019.00        0.00
     0     1      908.00     1025.00        0.00
     0     1      904.00     1031.00        0.00
     0     1      902.00     1037.00        0.00
     0     1      896.00     1041.00        0.00
     0     1      892.00     1047.00        0.00
     0     1      886.00     1049.00        0.00
     0     1      878.00     1051.00        0.00
     0     1      872.00     1053.00        0.00
     0     1      862.00     1053.00        0.00
     0     1      854.00     1053.00        0.00
     0     1      846.00     1053.00        0.00
     0     1      838.00     1053.00        0.00
     0     1      832.00     1053.00        0.00
     0     1      826.00     1053.00        0.00
     0     1      818.00     1049.00        0.00
     0     1      808.00     1017.00        0.00
     0     1      804.00     1003.00        0.00
     0     1      804.00      997.00        0.00
     0     1      804.00      991.00        0.00
     0     1      804.00      985.00        0.00
     0     1      804.00      977.00        0.00
     0     1      804.00      969.00        0.00
     0     1      804.00      963.00        0.00
     0     1      804.00      957.00        0.00
     0     1      804.00      951.00        0.00
     0     1      804.00      945.00        0.00
     0     1      804.00      939.00        0.00
     0     1      804.00      933.00        0.00
     0     1      804.00      927.00        0.00
     0     1      802.00      919.00        0.00
     0     1      802.00      913.00        0.00
     0     1      802.00      907.00        0.00
     0     1      802.00      901.00        0.00
     0     1      800.00      895.00        0.00
     0     1      798.00      889.00        0.00
     0     1      796.00      883.00        0.00
     0     1      792.00      879.00        0.00
     0     1      788.00      875.00        0.00
     0     1      784.00      871.00        0.00
     0     1      780.00      867.00        0.00
     0     1      776.00      863.00        0.00
     0     1      770.00      859.00        0.00
     0     1      764.00      855.00        0.00
     0     1      758.00      853.00        0.00
     0     1      752.00      849.00        0.00
     0     1      744.00      845.00        0.00
     0     1      738.00      843.00        0.00
     0     1      730.00      841.00        0.00
     0     1      724.00      839.00        0.00
     0     1      714.00      835.00        0.00
     0     1      704.00      833.00        0.00
     0     1      698.00      831.00        0.00
     0     1      692.00      831.00        0.00
     0     1      686.00      829.00        0.00
     0     1      680.00      827.00        0.00
     0     1      672.00      825.00        0.00
     0     1      664.00      823.00        0.00
     0     1      658.00      823.00        0.00
     0     1      648.00      823.00        0.00
     0     1      640.00      821.00        0.00
     0     1      628.00      821.00        0.00
     0     1      622.00      819.00        0.00
     0     1      616.00      819.00        0.00
     0     1      602.00      817.00        0.00
     0     1      594.00      815.00        0.00
     0     1      586.00      815.00        0.00
     0     1      578.00      813.00        0.00
     0     1      570.00      811.00        0.00
     0     1      562.00      809.00        0.00
     0     1      556.00      809.00        0.00
     0     1      550.00      807.00        0.00
     0     1      540.00      805.00        0.00
     0     1      532.00      805.00        0.00
     0     1      524.00      805.00        0.00
     0     1      518.00      805.00        0.00
     0     1      510.00      805.00        0.00
     0     1      498.00      805.00        0.00
     0     1      492.00      805.00        0.00
     0     1      484.00      805.00        0.00
     0     1      474.00      805.00        0.00
     0     1      468.00      805.00        0.00
     0     1      462.00      801.00        0.00
     0     1      456.00      799.00        0.00
     0     1      462.00      797.00        0.00
     0     1      468.00      797.00        0.00
     0     1      474.00      797.00        0.00
     0     1      482.00      799.00        0.00
     0     1      488.00      799.00        0.00
     0     1      496.00      803.00        0.00
     0     1      502.00      803.00        0.00
     0     1      510.00      803.00        0.00
     0     1      516.00      805.00        0.00
     0     1      524.00      805.00        0.00
     0     1      530.00      807.00        0.00
     0     1      538.00      809.00        0.00
     0     1      544.00      809.00        0.00
     0     1      550.00      809.00        0.00
     0     1      558.00      809.00        0.00
     0     1      566.00      809.00        0.00
     0     1      572.00      809.00        0.00
     0     1      578.00      809.00        0.00
     0     1      584.00      809.00        0.00
     0     1      594.00      811.00        0.00
     0     1      602.00      811.00        0.00
     0     1      610.00      813.00        0.00
     0     1      618.00      815.00        0.00
     0     1      626.00      817.00        0.00
     0     1      632.00      817.00        0.00
     0     1      640.00      819.00        0.00
     0     1      650.00      819.00        0.00
     0     1      660.00      821.00        0.00
     0     1      672.00      821.00        0.00
     0     1      680.00      823.00        0.00
     0     1      690.00      823.00        0.00
     0     1      700.00      823.00        0.00
     0     1      708.00      823.00        0.00
     0     1      718.00      823.00        0.00
     0     1      728.00      823.00        0.00
     0     1      736.00      823.00        0.00
     0     1      746.00      823.00        0.00
     0     1      756.00      823.00        0.00
     0     1      762.00      823.00        0.00
     0     1      770.00      823.00        0.00
     0     1      778.00      823.00        0.00
     0     1      786.00      825.00        0.00
     0     1      794.00      825.00        0.00
     0     1      802.00      825.00        0.00
     0     1      810.00      827.00        0.00
     0     1      818.00      827.00        0.00
     0     1      826.00      827.00        0.00
     0     1      836.00      829.00        0.00
     0     1      844.00      831.00        0.00
     0     1      850.00      833.00        0.00
     0     1      856.00      833.00        0.00
     0     1      864.00      833.00        0.00
     0     1      872.00      835.00        0.00
     0     1      878.00      835.00        0.00
     0     1      884.00      835.00        0.00
     0     1      890.00      835.00        0.00
     0     1      898.00      833.00        0.00
     0     1      906.00      829.00        0.00
     0     1      912.00      829.00        0.00
     0     1      918.00      827.00        0.00
     0     1      924.00      827.00        0.00
     0     1      930.00      827.00        0.00
     0     1      936.00      827.00        0.00
     0     1      942.00      825.00        0.00
     0     1      950.00      825.00        0.00
     0     1      952.00      831.00        0.00
     0     1      948.00      835.00        0.00
     0     1      942.00      841.00        0.00
     0     1      938.00      845.00        0.00
     0     1      934.00      849.00        0.00
     0     1      930.00      853.00        0.00
     0     1      924.00      859.00        0.00
     0     1      920.00      863.00        0.00
     0     1      914.00      869.00        0.00
     0     1      910.00      873.00        0.00
     0     1      906.00      879.00        0.00
     0     1      902.00      883.00        0.00
     0     1      900.00      889.00        0.00
     0     1      898.00      895.00        0.00
     0     1      896.00      903.00        0.00
     0     1      896.00      909.00        0.00
     0     1      896.00      915.00        0.00
     0     1      912.00      939.00        0.00
     0     2     1096.00      803.00        0.00
     0     2     1080.00      805.00        0.00
     0     2     1072.00      807.00        0.00
     0     2     1066.00      807.00        0.00
     0     2     1060.00      807.00        0.00
     0     2     1052.00      807.00        0.00
     0     2     1042.00      807.00        0.00
     0     2     1030.00      807.00        0.00
     0     2     1022.00      807.00        0.00
     0     2     1014.00      807.00        0.00
     0     2     1006.00      809.00        0.00
     0     2     1000.00      809.00        0.00
     0     2      992.00      811.00        0.00
     0     2      986.00      813.00        0.00
     0     2      980.00      813.00        0.00
     0     2      974.00      815.00        0.00
     0     2      968.00      815.00        0.00
     0     2      962.00      817.00        0.00
     0     2      954.00      817.00        0.00
     0     2      948.00      819.00        0.00
     0     2      938.00      819.00        0.00
     0     2      932.00      819.00        0.00
     0     2      924.00      815.00        0.00
     0     2      920.00      811.00        0.00
     0     2      916.00      801.00        0.00
     0     2      914.00      793.00        0.00
     0     2      914.00      783.00        0.00
     0     2      912.00      775.00        0.00
     0     2      910.00      765.00        0.00
     0     2      912.00      755.00        0.00
     0     2      916.00      745.00        0.00
     0     2      924.00      735.00        0.00
     0     2      932.00      727.00        0.00
     0     2      938.00      719.00        0.00
     0     2      944.00      713.00        0.00
     0     2      954.00      705.00        0.00
     0     2      958.00      699.00        0.00
     0     2      962.00      695.00        0.00
     0     2      968.00      691.00        0.00
     0     2      974.00      687.00        0.00
     0     2      980.00      687.00        0.00
     0     2      994.00      685.00        0.00
     0     2     1000.00      685.00        0.00
     0     2     1004.00      689.00        0.00
     0     2     1010.00      695.00        0.00
     0     2     1016.00      699.00        0.00
     0     2     1020.00      703.00        0.00
     0     2     1024.00      709.00        0.00
     0     2     1030.00      713.00        0.00
     0     2     1034.00      717.00        0.00
     0     2     1042.00      721.00        0.00
     0     2     1046.00      725.00        0.00
     0     2     1054.00      727.00        0.00
     0     2     1060.00      727.00        0.00
     0     2     1070.00      725.00        0.00
     0     2     1078.00      723.00        0.00
     0     2     1086.00      721.00        0.00
     0     2     1098.00      721.00        0.00
     0     2     1110.00      717.00        0.00
     0     2     1118.00      717.00        0.00
     0     2     1126.00      715.00        0.00
     0     2     1132.00      715.00        0.00
     0     2     1138.00      715.00        0.00
     0     2     1144.00      715.00        0.00
     0     2     1150.00      719.00        0.00
     0     2     1154.00      723.00        0.00
     0     2     1160.00      727.00        0.00
     0     2     1164.00      731.00        0.00
     0     2     1168.00      735.00        0.00
     0     2     1170.00      741.00        0.00
     0     2     1170.00      749.00        0.00
     0     2     1170.00      755.00        0.00
     0     2     1170.00      761.00        0.00
     0     2     1168.00      767.00        0.00
     0     3      380.00      871.00        0.00
     0     3      390.00      881.00        0.00
     0     3      394.00      885.00        0.00
     0     3      398.00      889.00        0.00
     0     3      404.00      889.00        0.00
     0     3      408.00      893.00        0.00
     0     3      414.00      895.00        0.00
     0     3      420.00      899.00        0.00
     0     3      424.00      903.00        0.00
     0     3      428.00      911.00        0.00
     0     3      430.00      917.00        0.00
     0     3      428.00      923.00        0.00
     0     3      424.00      929.00        0.00
     0     3      422.00      935.00        0.00
     0     3      422.00      941.00        0.00
     0     3      422.00      947.00        0.00
     0     3      424.00      955.00        0.00
     0     3      424.00      961.00        0.00
     0     3      424.00      967.00        0.00
     0     3      426.00      973.00        0.00
     0     3      430.00      981.00        0.00
     0     3      432.00      987.00        0.00
     0     3      436.00      991.00        0.00
     0     3      440.00      997.00        0.00
     0     3      444.00     1003.00        0.00
     0     3      444.00     1009.00        0.00
     0     3      444.00     1015.00        0.00
     0     3      440.00     1021.00        0.00
     0     3      434.00     1025.00        0.00
     0     3      430.00     1031.00        0.00
     0     3      426.00     1035.00        0.00
     0     3      424.00     1041.00        0.00
     0     3      424.00     1047.00        0.00
     0     3      424.00     1053.00        0.00
     0     3      424.00     1061.00        0.00
     0     3      424.00     1069.00        0.00
     0     3      426.00     1077.00        0.00
     0     3      426.00     1083.00        0.00
     0     3      426.00     1089.00        0.00
     0     3      424.00     1095.00        0.00
     0     3      420.00     1099.00        0.00
     0     3      414.00     1103.00        0.00
     0     3      408.00     1105.00        0.00
     0     3      402.00     1107.00        0.00
     0     3      396.00     1107.00        0.00
     0     3      390.00     1109.00        0.00
     0     3      382.00     1109.00        0.00
     0     3      374.00     1109.00        0.00
     0     3      368.00     1105.00        0.00
     0     3      364.00     1101.00        0.00
     0     3      360.00     1097.00        0.00
     0     3      356.00     1091.00        0.00
     0     3      354.00     1083.00        0.00
     0     3      354.00     1077.00        0.00
     0     3      350.00     1071.00        0.00
     0     3      348.00     1063.00        0.00
     0     3      346.00     1057.00        0.00
     0     3      346.00     1051.00        0.00
     0     3      344.00     1043.00        0.00
     0     3      342.00     1037.00        0.00
     0     3      340.00     1029.00        0.00
     0     3      338.00     1023.00        0.00
     0     3      336.00     1017.00        0.00
     0     3      334.00     1009.00        0.00
     0     3      334.00     1003.00        0.00
     0     3      332.00      997.00        0.00
     0     3      330.00      991.00        0.00
     0     3      328.00      985.00        0.00
     0     3      328.00      979.00        0.00
     0     3      328.00      973.00        0.00
     0     3      332.00      965.00        0.00
     0     3      334.00      959.00        0.00
     0     3      336.00      953.00        0.00
     0     3      340.00      949.00        0.00
     0     3      344.00      943.00        0.00
     0     3      348.00      937.00        0.00
     0     3      350.00      931.00        0.00
     0     3      354.00      927.00        0.00
     0     3      354.00      921.00        0.00
     0     3      358.00      917.00        0.00
     0     3      360.00      911.00        0.00
     0     3      360.00      905.00        0.00
     0     3      360.00      899.00        0.00
     0     3      360.00      893.00        0.00
     0     3      364.00      889.00        0.00
     0     3      368.00      885.00        0.00
     0     3      368.00      879.00        0.00
     0     3      368.00      871.00        0.00
     0     3      368.00      865.00        0.00
     0     3      368.00      859.00        0.00
     0     3      368.00      851.00        0.00
     0     3      368.00      843.00        0.00
     0     3      368.00      837.00        0.00
     0     3      368.00      829.00        0.00
     0     3      368.00      823.00        0.00
     0     3      368.00      815.00        0.00
     0     3      368.00      809.00        0.00
     0     3      368.00      803.00        0.00
     0     3      368.00      795.00        0.00
     0     3      366.00      789.00        0.00
     0     3      366.00      783.00        0.00
     0     3      364.00      775.00        0.00
     0     3      362.00      769.00        0.00
     0     3      360.00      763.00        0.00
     0     3      358.00      757.00        0.00
     0     3      356.00      751.00        0.00
     0     3      356.00      745.00        0.00
     0     3      356.00      739.00        0.00
     0     3      358.00      745.00        0.00
     0     3      358.00      751.00        0.00
     0     3      360.00      757.00        0.00
     0     3      362.00      763.00        0.00
     0     3      364.00      769.00        0.00
     0     3      368.00      773.00        0.00
     0     3      370.00      779.00        0.00
     0     3      370.00      785.00        0.00
     0     3      370.00      791.00        0.00
     0     3      370.00      797.00        0.00
     0     3      370.00      803.00        0.00
     0     3      370.00      809.00        0.00
     0     3      370.00      815.00        0.00
     0     3      370.00      821.00        0.00
     0     3      372.00      827.00        0.00
     0     3      372.00      833.00        0.00
     0     3      374.00      839.00        0.00
     0     4      358.00      737.00        0.00
     0     4      358.00      725.00        0.00
     0     4      358.00      715.00        0.00
     0     4      358.00      705.00        0.00
     0     4      358.00      695.00        0.00
     0     4      358.00      685.00        0.00
     0     4      358.00      679.00        0.00
     0     4      358.00      671.00        0.00
     0     4      358.00      665.00        0.00
     0     4      358.00      659.00        0.00
     0     4      356.00      653.00        0.00
     0     4      356.00      647.00        0.00
     0     4      356.00      641.00        0.00
     0     4      356.00      635.00        0.00
     0     4      354.00      629.00        0.00
     0     4      354.00      623.00        0.00
     0     4      354.00      617.00        0.00
     0     4      352.00      611.00        0.00
     0     4      350.00      605.00        0.00
     0     4      350.00      599.00        0.00
     0     4      348.00      593.00        0.00
     0     4      346.00      587.00        0.00
     0     4      344.00      581.00        0.00
     0     4      342.00      573.00        0.00
     0     4      338.00      567.00        0.00
     0     4      334.00      561.00        0.00
     0     4      330.00      557.00        0.00
     0     4      326.00      551.00        0.00
     0     4      322.00      547.00        0.00
     0     4      318.00      543.00        0.00
     0     4      314.00      539.00        0.00
     0     4      308.00      533.00        0.00
     0     4      302.00      527.00        0.00
     0     4      298.00      521.00        0.00
     0     4      292.00      515.00        0.00
     0     4      288.00      509.00        0.00
     0     4      284.00      505.00        0.00
     0     4      278.00      503.00        0.00
     0     4      274.00      499.00        0.00
     0     4      268.00      495.00        0.00
     0     4      264.00      489.00        0.00
     0     4      260.00      485.00        0.00
     0     4      258.00      479.00        0.00
     0     4      262.00      473.00        0.00
     0     4      268.00      467.00        0.00
     0     4      274.00      463.00        0.00
     0     4      278.00      457.00        0.00
     0     4      284.00      453.00        0.00
     0     4      286.00      447.00        0.00
     0     4      286.00      441.00        0.00
     0     4      288.00      433.00        0.00
     0     4      286.00      427.00        0.00
     0     4      284.00      421.00        0.00
     0     4      284.00      413.00        0.00
     0     4      282.00      407.00        0.00
     0     4      280.00      401.00        0.00
     0     4      280.00      393.00        0.00
     0     4      282.00      387.00        0.00
     0     4      288.00      383.00        0.00
     0     4      292.00      379.00        0.00
     0     4      304.00      377.00        0.00
     0     4      312.00      375.00        0.00
     0     4      320.00      373.00        0.00
     0     4      330.00      373.00        0.00
     0     4      336.00      371.00        0.00
     0     4      346.00      371.00        0.00
     0     4      352.00      371.00        0.00
     0     4      358.00      371.00        0.00
     0     4      366.00      371.00        0.00
     0     4      372.00      371.00        0.00
     0     4      382.00      369.00        0.00
     0     4      388.00      369.00        0.00
     0     4      396.00      373.00        0.00
     0     4      402.00      375.00        0.00
     0     4      408.00      379.00        0.00
     0     4      416.00      385.00        0.00
     0     4      420.00      389.00        0.00
     0     4      424.00      395.00        0.00
     0     4      426.00      401.00        0.00
     0     4      424.00      407.00        0.00
     0     4      420.00      411.00        0.00
     0     4      414.00      417.00        0.00
     0     4      410.00      423.00        0.00
     0     4      406.00      427.00        0.00
     0     4      402.00      431.00        0.00
     0     4      398.00      435.00        0.00
     0     4      394.00      441.00        0.00
     0     4      390.00      447.00        0.00
     0     4      388.00      453.00        0.00
     0     4      386.00      459.00        0.00
     0     4      384.00      465.00        0.00
     0     4      382.00      475.00        0.00
     0     4      378.00      483.00        0.00
     0     4      376.00      491.00        0.00
     0     4      374.00      497.00        0.00
     0     4      372.00      503.00        0.00
     0     4      370.00      509.00        0.00
     0     4      368.00      517.00        0.00
     0     4      364.00      525.00        0.00
     0     4      364.00      531.00        0.00
     0     4      362.00      537.00        0.00
     0     4      362.00      543.00        0.00
     0     4      360.00      549.00        0.00
     0     4      360.00      555.00        0.00
     0     4      358.00      561.00        0.00
     0     4      356.00      567.00        0.00
     0     4      356.00      573.00        0.00
     0     4      354.00      579.00        0.00
     0     4      354.00      585.00        0.00
     0     4      354.00      591.00        0.00
     0     4      354.00      597.00        0.00
     0     4      356.00      603.00        0.00
     0     4      356.00      609.00        0.00
     0     4      356.00      615.00        0.00
     0     4      358.00      621.00        0.00
     0     4      358.00      627.00        0.00
     0     5      740.00      663.00        0.00
     0     5      746.00      661.00        0.00
     0     5      754.00      659.00        0.00
     0     5      760.00      657.00        0.00
     0     5      766.00      657.00        0.00
     0     5      772.00      655.00        0.00
     0     5      778.00      653.00        0.00
     0     5      784.00      651.00        0.00
     0     5      790.00      649.00        0.00
     0     5      796.00      647.00        0.00
     0     5      800.00      643.00        0.00
     0     5      806.00      639.00        0.00
     0     5      810.00      635.00        0.00
     0     5      816.00      629.00        0.00
     0     5      822.00      625.00        0.00
     0     5      826.00      621.00        0.00
     0     5      832.00      615.00        0.00
     0     5      836.00      609.00        0.00
     0     5      840.00      605.00        0.00
     0     5      844.00      601.00        0.00
     0     5      850.00      595.00        0.00
     0     5      854.00      591.00        0.00
     0     5      858.00      583.00        0.00
     0     5      860.00      577.00        0.00
     0     5      862.00      571.00        0.00
     0     5      866.00      563.00        0.00
     0     5      868.00      555.00        0.00
     0     5      872.00      545.00        0.00
     0     5      874.00      535.00        0.00
     0     5      878.00      527.00        0.00
     0     5      882.00      519.00        0.00
     0     5      886.00      513.00        0.00
     0     5      888.00      507.00        0.00
     0     5      892.00      503.00        0.00
     0     5      894.00      497.00        0.00
     0     5      894.00      491.00        0.00
     0     5      898.00      485.00        0.00
     0     5      900.00      479.00        0.00
     0     5      902.00      471.00        0.00
     0     5      904.00      465.00        0.00
     0     5      906.00      459.00        0.00
     0     5      910.00      453.00        0.00
     0     5      910.00      447.00        0.00
     0     5      914.00      441.00        0.00
     0     5      918.00      433.00        0.00
     0     5      920.00      427.00        0.00
     0     5      924.00      419.00        0.00
     0     5      926.00      413.00        0.00
     0     5      930.00      407.00        0.00
     0     5      932.00      401.00        0.00
     0     5      934.00      393.00        0.00
     0     5      936.00      385.00        0.00
     0     5      942.00      377.00        0.00
     0     5      946.00      371.00        0.00
     0     5      948.00      365.00        0.00
     0     5      952.00      357.00        0.00
     0     5      954.00      349.00        0.00
     0     5      954.00      341.00        0.00
     0     5      956.00      335.00        0.00
     0     5      958.00      327.00        0.00
     0     5      960.00      321.00        0.00
     0     5      968.00      286.00        0.00
     0     5      970.00      280.00        0.00
     0     5      970.00      274.00        0.00
     0     5      970.00      268.00        0.00
     0     5      972.00      262.00        0.00
     0     5      972.00      254.00        0.00
     0     5      972.00      248.00        0.00
     0     5      974.00      242.00        0.00
     0     5      974.00      236.00        0.00
     0     5      976.00      228.00        0.00
     0     5      976.00      222.00        0.00
     0     5      978.00      216.00        0.00
     0     5      980.00      210.00        0.00
     0     5      984.00      204.00        0.00
     0     5      984.00      198.00        0.00
     0     5      986.00      192.00        0.00
     0     5      990.00      186.00        0.00
     0     5      994.00      178.00        0.00
     0     5      996.00      170.00        0.00
     0     5     1000.00      162.00        0.00
     0     5     1004.00      154.00        0.00
     0     5     1008.00      146.00        0.00
     0     5     1010.00      140.00        0.00
     0     5     1014.00      134.00        0.00
     0     5     1016.00      128.00        0.00
     0     5     1018.00      122.00        0.00
     0     5     1022.00      114.00        0.00
     0     5     1026.00      108.00        0.00
     0     5     1028.00      100.00        0.00
     0     5     1030.00       94.00        0.00
     0     5     1034.00       88.00        0.00
     0     5     1036.00       80.00        0.00
     0     5     1038.00       74.00        0.00
     0     5     1038.00       68.00        0.00
     0     5     1038.00       60.00        0.00
     0     5     1038.00       54.00        0.00
     0     5     1038.00       48.00        0.00
     0     5     1038.00       42.00        0.00
     0     5     1038.00       34.00        0.00
     0     5     1038.00       28.00        0.00
     0     5     1036.00       22.00        0.00
     0     5     1034.00       14.00        0.00
     0     5     1034.00        8.00        0.00
     0     5     1030.00        4.00        0.00
     0     5     1024.00        2.00        0.00
     0     5     1018.00        2.00        0.00
     0     5     1014.00        6.00        0.00
     0     5     1010.00       10.00        0.00
     0     5     1004.00       14.00        0.00
     0     5     1002.00       20.00        0.00
     0     5      994.00       26.00        0.00
     0     5      990.00       30.00        0.00
     0     5      986.00       36.00        0.00
     0     5      976.00       44.00        0.00
     0     5      970.00       50.00        0.00
     0     5      966.00       56.00        0.00
     0     5      962.00       62.00        0.00
     0     5      960.00       68.00        0.00
     0     5      956.00       76.00        0.00
     0     5      956.00       84.00        0.00
     0     5      956.00       94.00        0.00
     0     5      956.00      100.00        0.00
     0     5      956.00      106.00        0.00
     0     5      958.00      112.00        0.00
     0     5      960.00      118.00        0.00
     0     5      962.00      124.00        0.00
     0     5      964.00      132.00        0.00
     0     5      966.00      138.00        0.00
     0     5      968.00      144.00        0.00
     0     5      968.00      150.00        0.00
     0     5      970.00      156.00        0.00
     0     5      970.00      162.00        0.00
     0     5      972.00      170.00        0.00
     0     5      972.00      178.00        0.00
     0     5      974.00      184.00        0.00
     0     5      974.00      190.00        0.00
     0     5      974.00      196.00        0.00
     0     5      974.00      202.00        0.00
     0     5      974.00      208.00        0.00
     0     5      972.00      216.00        0.00
     0     5      972.00      222.00        0.00
     0     5      970.00      228.00        0.00
     0     5      970.00      234.00        0.00
     0     5      968.00      240.00        0.00
     0     5      968.00      246.00        0.00
     0     5      966.00      252.00        0.00
     0     5      966.00      260.00        0.00
     0     5      964.00      268.00        0.00
     0     5      962.00      276.00        0.00
     0     5      962.00      282.00        0.00
     0     5      962.00      290.00        0.00
     0     5      962.00      296.00        0.00
     0     5      960.00      304.00        0.00
     0     5      958.00      310.00        0.00
     0     5      958.00      316.00        0.00
     0     5      956.00      324.00        0.00
     0     5      954.00      330.00        0.00
     0     5      954.00      336.00        0.00
     0     5      952.00      342.00        0.00
     0     5      948.00      346.00        0.00
     0     5      946.00      352.00        0.00
     0     5      944.00      358.00        0.00
     0     5      940.00      364.00        0.00
     0     5      938.00      370.00        0.00
     0     5      938.00      376.00        0.00
     0     5      936.00      382.00        0.00
     0     5      932.00      390.00        0.00
     0     5      930.00      398.00        0.00
     0     5      926.00      404.00        0.00
     0     5      924.00      410.00        0.00
     0     5      922.00      418.00        0.00
     0     5      918.00      428.00        0.00
     0     5      914.00      436.00        0.00
     0     5      914.00      442.00        0.00
     0     5      912.00      450.00        0.00
     0     5      910.00      456.00        0.00
     0     5      908.00      462.00        0.00
     0     5      904.00      470.00        0.00
     0     5      902.00      476.00        0.00
     0     5      900.00      482.00        0.00
     0     5      896.00      488.00        0.00
     0     5      894.00      496.00        0.00
     0     5      890.00      502.00        0.00
     0     5      886.00      506.00        0.00
     0     5      882.00      512.00        0.00
     0     5      876.00      520.00        0.00
     0     5      872.00      526.00        0.00
     0     5      870.00      532.00        0.00
     0     5      868.00      538.00        0.00
     0     5      848.00      582.00        0.00
     0     5      842.00      586.00        0.00
     0     5      838.00      590.00        0.00
     0     5      832.00      594.00        0.00
     0     5      828.00      598.00        0.00
     0     5      824.00      604.00        0.00
     0     5      820.00      608.00        0.00
     0     5      816.00      612.00        0.00
     0     5      812.00      616.00        0.00
     0     5      808.00      620.00        0.00
     0     5      806.00      626.00        0.00
     0     5      804.00      632.00        0.00
     0     5      802.00      638.00        0.00
     0     5      798.00      642.00        0.00
     0     5      794.00      646.00        0.00
     0     5      790.00      652.00        0.00
