     0     0      248.00     1091.00        0.00
     0     0      228.00     1097.00        0.00
     0     0      220.00     1101.00        0.00
     0     0      214.00     1101.00        0.00
     0     0      206.00     1101.00        0.00
     0     0      200.00     1101.00        0.00
     0     0      194.00     1101.00        0.00
     0     0      190.00     1097.00        0.00
     0     0      190.00     1089.00        0.00
     0     0      194.00     1081.00        0.00
     0     0      198.00     1071.00        0.00
     0     0      204.00     1061.00        0.00
     0     0      208.00     1051.00        0.00
     0     0      214.00     1043.00        0.00
     0     0      220.00     1033.00        0.00
     0     0      224.00     1023.00        0.00
     0     0      228.00     1017.00        0.00
     0     0      234.00     1011.00        0.00
     0     0      238.00     1007.00        0.00
     0     0      242.00     1001.00        0.00
     0     0      248.00      995.00        0.00
     0     0      254.00      991.00        0.00
     0     0      260.00      985.00        0.00
     0     0      264.00      979.00        0.00
     0     0      270.00      973.00        0.00
     0     0      276.00      969.00        0.00
     0     0      282.00      963.00        0.00
     0     0      288.00      959.00        0.00
     0     0      294.00      953.00        0.00
     0     0      302.00      951.00        0.00
     0     0      308.00      949.00        0.00
     0     0      314.00      947.00        0.00
     0     0      320.00      945.00        0.00
     0     0      324.00      941.00        0.00
     0     0      332.00      937.00        0.00
     0     0      338.00      933.00        0.00
     0     0      342.00      929.00        0.00
     0     0      346.00      925.00        0.00
     0     0      350.00      921.00        0.00
     0     0      354.00      915.00        0.00
     0     0      358.00      909.00        0.00
     0     0      362.00      903.00        0.00
     0     0      366.00      899.00        0.00
     0     0      370.00      895.00        0.00
     0     0      376.00      893.00        0.00
     0     0      382.00      895.00        0.00
     0     0      386.00      901.00        0.00
     0     0      386.00      907.00        0.00
     0     0      386.00      913.00        0.00
     0     0      384.00      921.00        0.00
     0     0      382.00      927.00        0.00
     0     0      378.00      933.00        0.00
     0     0      374.00      937.00        0.00
     0     0      372.00      943.00        0.00
     0     0      368.00      947.00        0.00
     0     0      364.00      951.00        0.00
     0     0      362.00      957.00        0.00
     0     0      358.00      963.00        0.00
     0     0      356.00      969.00        0.00
     0     0      352.00      975.00        0.00
     0     0      350.00      981.00        0.00
     0     0      348.00      987.00        0.00
     0     0      346.00      993.00        0.00
     0     0      344.00      999.00        0.00
     0     0      340.00     1007.00        0.00
     0     0      336.00     1015.00        0.00
     0     0      334.00     1023.00        0.00
     0     0      328.00     1031.00        0.00
     0     0      324.00     1039.00        0.00
     0     0      318.00     1045.00        0.00
     0     0      316.00     1051.00        0.00
     0     0      312.00     1057.00        0.00
     0     0      308.00     1061.00        0.00
     0     0      306.00     1067.00        0.00
     0     0      302.00     1071.00        0.00
     0     0      298.00     1075.00        0.00
     0     0      294.00     1079.00        0.00
     0     0      290.00     1083.00        0.00
     0     1       16.00     1081.00        0.00
     0     1       22.00     1085.00        0.00
     0     1       28.00     1089.00        0.00
     0     1       36.00     1093.00        0.00
     0     1       42.00     1097.00        0.00
     0     1       48.00     1099.00        0.00
     0     1       54.00     1103.00        0.00
     0     1       64.00     1105.00        0.00
     0     1       72.00     1107.00        0.00
     0     1       82.00     1109.00        0.00
     0     1       88.00     1111.00        0.00
     0     1      118.00     1111.00        0.00
     0     1      126.00     1115.00        0.00
     0     1      132.00     1115.00        0.00
     0     1      138.00     1117.00        0.00
     0     1      144.00     1119.00        0.00
     0     1      152.00     1121.00        0.00
     0     1      160.00     1121.00        0.00
     0     1      168.00     1123.00        0.00
     0     1      174.00     1125.00        0.00
     0     1      180.00     1125.00        0.00
     0     1      188.00     1127.00        0.00
     0     1      194.00     1127.00        0.00
     0     1      202.00     1129.00        0.00
     0     1      208.00     1129.00        0.00
     0     1      214.00     1129.00        0.00
     0     1      220.00     1129.00        0.00
     0     1      226.00     1129.00        0.00
     0     1      234.00     1129.00        0.00
     0     1      240.00     1129.00        0.00
     0     1      246.00     1129.00        0.00
     0     1      252.00     1129.00        0.00
     0     1      258.00     1129.00        0.00
     0     1      264.00     1129.00        0.00
     0     1      272.00     1129.00        0.00
     0     1      278.00     1129.00        0.00
     0     1      286.00     1129.00        0.00
     0     1      292.00     1129.00        0.00
     0     1      300.00     1129.00        0.00
     0     1      306.00     1129.00        0.00
     0     1      314.00     1129.00        0.00
     0     1      320.00     1129.00        0.00
     0     1      328.00     1131.00        0.00
     0     1      336.00     1131.00        0.00
     0     1      342.00     1131.00        0.00
     0     1      348.00     1131.00        0.00
     0     1      354.00     1131.00        0.00
     0     1      360.00     1133.00        0.00
     0     1      366.00     1135.00        0.00
     0     1      370.00     1139.00        0.00
     0     1      376.00     1141.00        0.00
     0     1      382.00     1145.00        0.00
     0     1      390.00     1147.00        0.00
     0     1      396.00     1149.00        0.00
     0     1      406.00     1153.00        0.00
     0     1      412.00     1155.00        0.00
     0     1      418.00     1157.00        0.00
     0     1      426.00     1159.00        0.00
     0     1      432.00     1159.00        0.00
     0     1      438.00     1161.00        0.00
     0     1      444.00     1161.00        0.00
     0     1      454.00     1161.00        0.00
     0     1      460.00     1161.00        0.00
     0     1      468.00     1161.00        0.00
     0     1      474.00     1161.00        0.00
     0     1      480.00     1161.00        0.00
     0     1      488.00     1161.00        0.00
     0     1      496.00     1161.00        0.00
     0     1      502.00     1161.00        0.00
     0     1      512.00     1161.00        0.00
     0     1      518.00     1161.00        0.00
     0     1      524.00     1159.00        0.00
     0     1      530.00     1159.00        0.00
     0     1      536.00     1157.00        0.00
     0     1      542.00     1155.00        0.00
     0     1      550.00     1153.00        0.00
     0     1      556.00     1151.00        0.00
     0     1      562.00     1149.00        0.00
     0     1      568.00     1149.00        0.00
     0     1      576.00     1147.00        0.00
     0     1      584.00     1147.00        0.00
     0     1      590.00     1147.00        0.00
     0     1      596.00     1147.00        0.00
     0     1      602.00     1147.00        0.00
     0     1      608.00     1147.00        0.00
     0     1      616.00     1147.00        0.00
     0     1      626.00     1147.00        0.00
     0     1      632.00     1147.00        0.00
     0     1      638.00     1149.00        0.00
     0     1      646.00     1149.00        0.00
     0     1      652.00     1149.00        0.00
     0     1      660.00     1151.00        0.00
     0     1      672.00     1153.00        0.00
     0     1      682.00     1153.00        0.00
     0     1      688.00     1155.00        0.00
     0     1      696.00     1157.00        0.00
     0     1      702.00     1159.00        0.00
     0     1      708.00     1161.00        0.00
     0     1      714.00     1163.00        0.00
     0     1      720.00     1167.00        0.00
     0     1      726.00     1169.00        0.00
     0     1      732.00     1173.00        0.00
     0     1      738.00     1175.00        0.00
     0     1      746.00     1177.00        0.00
     0     1      754.00     1179.00        0.00
     0     1      760.00     1181.00        0.00
     0     1      768.00     1183.00        0.00
     0     1      778.00     1187.00        0.00
     0     1      784.00     1189.00        0.00
     0     1      798.00     1193.00        0.00
     0     1      804.00     1197.00        0.00
     0     1      810.00     1199.00        0.00
     0     1      816.00     1199.00        0.00
     0     1      822.00     1199.00        0.00
     0     1      830.00     1199.00        0.00
     0     1      840.00     1197.00        0.00
     0     1      846.00     1195.00        0.00
     0     1      852.00     1191.00        0.00
     0     1      856.00     1185.00        0.00
     0     1      856.00     1177.00        0.00
     0     1      856.00     1171.00        0.00
     0     1      858.00     1165.00        0.00
     0     1      858.00     1159.00        0.00
     0     1      858.00     1153.00        0.00
     0     1      858.00     1147.00        0.00
     0     1      858.00     1141.00        0.00
     0     1      854.00     1135.00        0.00
     0     1      848.00     1129.00        0.00
     0     1      842.00     1121.00        0.00
     0     1      834.00     1117.00        0.00
     0     1      828.00     1115.00        0.00
     0     1      820.00     1113.00        0.00
     0     1      814.00     1109.00        0.00
     0     1      808.00     1107.00        0.00
     0     1      802.00     1103.00        0.00
     0     1      796.00     1099.00        0.00
     0     1      790.00     1097.00        0.00
     0     1      784.00     1097.00        0.00
     0     1      776.00     1097.00        0.00
     0     1      770.00     1097.00        0.00
     0     1      764.00     1097.00        0.00
     0     1      758.00     1097.00        0.00
     0     1      752.00     1099.00        0.00
     0     1      746.00     1099.00        0.00
     0     1      740.00     1101.00        0.00
     0     1      734.00     1103.00        0.00
     0     1      728.00     1103.00        0.00
     0     1      722.00     1105.00        0.00
     0     1      716.00     1107.00        0.00
     0     1      710.00     1109.00        0.00
     0     1      704.00     1111.00        0.00
     0     1      696.00     1115.00        0.00
     0     1      690.00     1117.00        0.00
     0     1      684.00     1117.00        0.00
     0     1      678.00     1119.00        0.00
     0     1      672.00     1119.00        0.00
     0     1      666.00     1119.00        0.00
     0     1      660.00     1121.00        0.00
     0     1      652.00     1121.00        0.00
     0     1      646.00     1121.00        0.00
     0     1      638.00     1121.00        0.00
     0     1      630.00     1121.00        0.00
     0     1      624.00     1119.00        0.00
     0     1      616.00     1119.00        0.00
     0     1      610.00     1119.00        0.00
     0     1      604.00     1117.00        0.00
     0     1      594.00     1117.00        0.00
     0     1      588.00     1115.00        0.00
     0     1      578.00     1113.00        0.00
     0     1      570.00     1113.00        0.00
     0     1      562.00     1113.00        0.00
     0     1      554.00     1111.00        0.00
     0     1      546.00     1111.00        0.00
     0     1      540.00     1111.00        0.00
     0     1      532.00     1109.00        0.00
     0     1      524.00     1109.00        0.00
     0     1      518.00     1109.00        0.00
     0     1      510.00     1109.00        0.00
     0     1      504.00     1107.00        0.00
     0     1      498.00     1107.00        0.00
     0     1      492.00     1107.00        0.00
     0     1      484.00     1107.00        0.00
     0     1      478.00     1105.00        0.00
     0     1      472.00     1105.00        0.00
     0     1      464.00     1103.00        0.00
     0     1      458.00     1103.00        0.00
     0     1      452.00     1101.00        0.00
     0     1      446.00     1101.00        0.00
     0     1      440.00     1099.00        0.00
     0     1      432.00     1099.00        0.00
     0     1      426.00     1099.00        0.00
     0     1      420.00     1099.00        0.00
     0     1      414.00     1099.00        0.00
     0     1      408.00     1101.00        0.00
     0     1      404.00     1105.00        0.00
     0     1      398.00     1107.00        0.00
     0     1      392.00     1111.00        0.00
     0     1      386.00     1113.00        0.00
     0     1      380.00     1113.00        0.00
     0     1      374.00     1115.00        0.00
     0     1      368.00     1117.00        0.00
     0     1      362.00     1117.00        0.00
     0     1      356.00     1119.00        0.00
     0     1      350.00     1119.00        0.00
     0     1      344.00     1119.00        0.00
     0     1      338.00     1119.00        0.00
     0     1      332.00     1121.00        0.00
     0     1      326.00     1121.00        0.00
     0     1      320.00     1121.00        0.00
     0     1      314.00     1123.00        0.00
     0     1      306.00     1123.00        0.00
     0     1      300.00     1123.00        0.00
     0     1      294.00     1123.00        0.00
     0     1      288.00     1123.00        0.00
     0     1      282.00     1123.00        0.00
     0     1      276.00     1123.00        0.00
     0     1      270.00     1123.00        0.00
     0     1      262.00     1123.00        0.00
     0     1      254.00     1123.00        0.00
     0     1      246.00     1123.00        0.00
     0     1      238.00     1123.00        0.00
     0     1      230.00     1123.00        0.00
     0     1      224.00     1123.00        0.00
     0     1      218.00     1123.00        0.00
     0     1      212.00     1123.00        0.00
     0     1      204.00     1123.00        0.00
     0     1      198.00     1123.00        0.00
     0     1      192.00     1123.00        0.00
     0     1      184.00     1123.00        0.00
     0     1      176.00     1123.00        0.00
     0     1      170.00     1123.00        0.00
     0     1      160.00     1121.00        0.00
     0     1      152.00     1119.00        0.00
     0     1      146.00     1117.00        0.00
     0     1      138.00     1115.00        0.00
     0     1      132.00     1111.00        0.00
     0     1      126.00     1109.00        0.00
     0     1      120.00     1107.00        0.00
     0     1      114.00     1105.00        0.00
     0     1      108.00     1101.00        0.00
     0     1      100.00     1101.00        0.00
     0     1       94.00     1099.00        0.00
     0     1       88.00     1099.00        0.00
     0     1       82.00     1097.00        0.00
     0     1       76.00     1097.00        0.00
     0     1       70.00     1097.00        0.00
     0     1       64.00     1097.00        0.00
     0     1       58.00     1095.00        0.00
     0     1       52.00     1093.00        0.00
     0     1       46.00     1089.00        0.00
     0     2      674.00      915.00        0.00
     0     2      636.00      949.00        0.00
     0     2      618.00      955.00        0.00
     0     2      610.00      959.00        0.00
     0     2      598.00      961.00        0.00
     0     2      592.00      961.00        0.00
     0     2      584.00      961.00        0.00
     0     2      576.00      961.00        0.00
     0     2      570.00      961.00        0.00
     0     2      564.00      961.00        0.00
     0     2      558.00      961.00        0.00
     0     2      552.00      959.00        0.00
     0     2      546.00      957.00        0.00
     0     2      540.00      955.00        0.00
     0     2      534.00      953.00        0.00
     0     2      528.00      953.00        0.00
     0     2      524.00      949.00        0.00
     0     2      518.00      947.00        0.00
     0     2      514.00      943.00        0.00
     0     2      508.00      941.00        0.00
     0     2      502.00      937.00        0.00
     0     2      496.00      933.00        0.00
     0     2      492.00      927.00        0.00
     0     2      492.00      921.00        0.00
     0     2      492.00      915.00        0.00
     0     2      494.00      909.00        0.00
     0     2      496.00      903.00        0.00
     0     2      500.00      897.00        0.00
     0     2      506.00      893.00        0.00
     0     2      512.00      893.00        0.00
     0     2      520.00      893.00        0.00
     0     2      526.00      893.00        0.00
     0     2      532.00      893.00        0.00
     0     2      542.00      895.00        0.00
     0     2      548.00      897.00        0.00
     0     2      554.00      897.00        0.00
     0     2      560.00      899.00        0.00
     0     2      568.00      901.00        0.00
     0     2      574.00      903.00        0.00
     0     2      582.00      903.00        0.00
     0     2      590.00      903.00        0.00
     0     2      596.00      903.00        0.00
     0     2      604.00      903.00        0.00
     0     2      610.00      901.00        0.00
     0     2      618.00      899.00        0.00
     0     2      626.00      895.00        0.00
     0     2      636.00      891.00        0.00
     0     2      642.00      889.00        0.00
     0     2      648.00      885.00        0.00
     0     2      654.00      879.00        0.00
     0     2      662.00      875.00        0.00
     0     2      666.00      871.00        0.00
     0     2      676.00      865.00        0.00
     0     2      680.00      861.00        0.00
     0     2      684.00      857.00        0.00
     0     2      690.00      853.00        0.00
     0     2      696.00      849.00        0.00
     0     2      700.00      845.00        0.00
     0     2      702.00      839.00        0.00
     0     2      706.00      835.00        0.00
     0     2      710.00      829.00        0.00
     0     2      714.00      823.00        0.00
     0     2      718.00      819.00        0.00
     0     2      722.00      813.00        0.00
     0     2      726.00      807.00        0.00
     0     2      730.00      803.00        0.00
     0     2      734.00      797.00        0.00
     0     2      738.00      793.00        0.00
     0     2      742.00      787.00        0.00
     0     2      746.00      781.00        0.00
     0     2      750.00      777.00        0.00
     0     2      754.00      773.00        0.00
     0     2      758.00      769.00        0.00
     0     2      764.00      765.00        0.00
     0     2      770.00      759.00        0.00
     0     2      776.00      757.00        0.00
     0     2      782.00      753.00        0.00
     0     2      788.00      751.00        0.00
     0     2      792.00      747.00        0.00
     0     2      798.00      747.00        0.00
     0     2      804.00      747.00        0.00
     0     2      810.00      747.00        0.00
     0     2      816.00      751.00        0.00
     0     2      822.00      755.00        0.00
     0     2      828.00      759.00        0.00
     0     2      832.00      763.00        0.00
     0     2      834.00      769.00        0.00
     0     2      836.00      775.00        0.00
     0     2      836.00      781.00        0.00
     0     2      832.00      789.00        0.00
     0     2      830.00      795.00        0.00
     0     2      826.00      801.00        0.00
     0     2      824.00      807.00        0.00
     0     2      820.00      815.00        0.00
     0     2      816.00      821.00        0.00
     0     2      810.00      829.00        0.00
     0     2      806.00      833.00        0.00
     0     2      802.00      839.00        0.00
     0     2      796.00      843.00        0.00
     0     2      792.00      847.00        0.00
     0     2      786.00      853.00        0.00
     0     2      780.00      857.00        0.00
     0     2      776.00      861.00        0.00
     0     2      770.00      865.00        0.00
     0     2      766.00      869.00        0.00
     0     2      760.00      873.00        0.00
     0     2      754.00      877.00        0.00
     0     2      750.00      881.00        0.00
     0     2      746.00      887.00        0.00
     0     2      740.00      891.00        0.00
     0     2      736.00      895.00        0.00
     0     2      732.00      899.00        0.00
     0     2      728.00      903.00        0.00
     0     2      724.00      907.00        0.00
     0     2      720.00      913.00        0.00
     0     2      714.00      917.00        0.00
     0     2      710.00      921.00        0.00
     0     2      704.00      923.00        0.00
     0     3      754.00      741.00        0.00
     0     3      734.00      741.00        0.00
     0     3      728.00      741.00        0.00
     0     3      722.00      741.00        0.00
     0     3      716.00      741.00        0.00
     0     3      710.00      741.00        0.00
     0     3      704.00      741.00        0.00
     0     3      698.00      741.00        0.00
     0     3      690.00      741.00        0.00
     0     3      684.00      741.00        0.00
     0     3      678.00      741.00        0.00
     0     3      670.00      741.00        0.00
     0     3      664.00      741.00        0.00
     0     3      658.00      743.00        0.00
     0     3      652.00      743.00        0.00
     0     3      644.00      743.00        0.00
     0     3      638.00      743.00        0.00
     0     3      630.00      745.00        0.00
     0     3      622.00      747.00        0.00
     0     3      616.00      749.00        0.00
     0     3      610.00      751.00        0.00
     0     3      600.00      753.00        0.00
     0     3      594.00      755.00        0.00
     0     3      588.00      755.00        0.00
     0     3      582.00      757.00        0.00
     0     3      576.00      757.00        0.00
     0     3      570.00      757.00        0.00
     0     3      564.00      759.00        0.00
     0     3      558.00      761.00        0.00
     0     3      550.00      763.00        0.00
     0     3      542.00      765.00        0.00
     0     3      536.00      767.00        0.00
     0     3      528.00      769.00        0.00
     0     3      520.00      771.00        0.00
     0     3      514.00      773.00        0.00
     0     3      506.00      775.00        0.00
     0     3      498.00      779.00        0.00
     0     3      490.00      781.00        0.00
     0     3      482.00      783.00        0.00
     0     3      474.00      785.00        0.00
     0     3      466.00      789.00        0.00
     0     3      460.00      791.00        0.00
     0     3      454.00      793.00        0.00
     0     3      448.00      797.00        0.00
     0     3      440.00      801.00        0.00
     0     3      436.00      805.00        0.00
     0     3      430.00      807.00        0.00
     0     3      424.00      811.00        0.00
     0     3      418.00      815.00        0.00
     0     3      412.00      819.00        0.00
     0     3      406.00      821.00        0.00
     0     3      400.00      823.00        0.00
     0     3      394.00      827.00        0.00
     0     3      386.00      827.00        0.00
     0     3      380.00      829.00        0.00
     0     3      372.00      829.00        0.00
     0     3      364.00      829.00        0.00
     0     3      356.00      829.00        0.00
     0     3      348.00      827.00        0.00
     0     3      342.00      825.00        0.00
     0     3      334.00      821.00        0.00
     0     3      328.00      821.00        0.00
     0     3      320.00      819.00        0.00
     0     3      310.00      817.00        0.00
     0     3      302.00      815.00        0.00
     0     3      298.00      809.00        0.00
     0     3      294.00      803.00        0.00
     0     3      292.00      797.00        0.00
     0     3      290.00      791.00        0.00
     0     3      290.00      783.00        0.00
     0     3      290.00      775.00        0.00
     0     3      290.00      769.00        0.00
     0     3      292.00      761.00        0.00
     0     3      294.00      755.00        0.00
     0     3      298.00      749.00        0.00
     0     3      302.00      743.00        0.00
     0     3      308.00      737.00        0.00
     0     3      314.00      733.00        0.00
     0     3      322.00      731.00        0.00
     0     3      330.00      727.00        0.00
     0     3      338.00      725.00        0.00
     0     3      346.00      725.00        0.00
     0     3      352.00      723.00        0.00
     0     3      360.00      723.00        0.00
     0     3      366.00      723.00        0.00
     0     3      372.00      721.00        0.00
     0     3      378.00      721.00        0.00
     0     3      384.00      721.00        0.00
     0     3      390.00      723.00        0.00
     0     3      398.00      725.00        0.00
     0     3      404.00      727.00        0.00
     0     3      412.00      727.00        0.00
     0     3      420.00      729.00        0.00
     0     3      428.00      729.00        0.00
     0     3      436.00      729.00        0.00
     0     3      444.00      729.00        0.00
     0     3      452.00      731.00        0.00
     0     3      462.00      731.00        0.00
     0     3      468.00      731.00        0.00
     0     3      476.00      731.00        0.00
     0     3      484.00      729.00        0.00
     0     3      494.00      729.00        0.00
     0     3      502.00      727.00        0.00
     0     3      510.00      727.00        0.00
     0     3      518.00      727.00        0.00
     0     3      526.00      725.00        0.00
     0     3      532.00      723.00        0.00
     0     3      540.00      723.00        0.00
     0     3      548.00      721.00        0.00
     0     3      556.00      721.00        0.00
     0     3      564.00      721.00        0.00
     0     3      572.00      719.00        0.00
     0     3      580.00      719.00        0.00
     0     3      588.00      719.00        0.00
     0     3      596.00      719.00        0.00
     0     3      606.00      719.00        0.00
     0     3      612.00      719.00        0.00
     0     3      618.00      717.00        0.00
     0     3      624.00      717.00        0.00
     0     3      630.00      717.00        0.00
     0     3      636.00      717.00        0.00
     0     3      642.00      717.00        0.00
     0     3      648.00      717.00        0.00
     0     3      656.00      715.00        0.00
     0     3      664.00      713.00        0.00
     0     3      670.00      713.00        0.00
     0     3      680.00      709.00        0.00
     0     3      686.00      707.00        0.00
     0     3      690.00      703.00        0.00
     0     3      698.00      701.00        0.00
     0     3      704.00      699.00        0.00
     0     3      710.00      697.00        0.00
     0     3      718.00      695.00        0.00
     0     3      726.00      695.00        0.00
     0     3      734.00      695.00        0.00
     0     3      740.00      695.00        0.00
     0     3      746.00      695.00        0.00
     0     3      752.00      697.00        0.00
     0     3      758.00      697.00        0.00
     0     3      764.00      699.00        0.00
     0     3      770.00      701.00        0.00
     0     3      778.00      703.00        0.00
     0     3      784.00      707.00        0.00
     0     3      790.00      707.00        0.00
     0     3      796.00      709.00        0.00
     0     3      802.00      711.00        0.00
     0     3      808.00      713.00        0.00
     0     3      816.00      713.00        0.00
     0     3      822.00      715.00        0.00
     0     3      830.00      715.00        0.00
     0     3      836.00      717.00        0.00
     0     3      842.00      717.00        0.00
     0     3      848.00      717.00        0.00
     0     3      854.00      719.00        0.00
     0     3      860.00      721.00        0.00
     0     3      866.00      721.00        0.00
     0     3      874.00      721.00        0.00
     0     3      880.00      723.00        0.00
     0     3      886.00      725.00        0.00
     0     3      894.00      725.00        0.00
     0     3      900.00      725.00        0.00
     0     3      906.00      727.00        0.00
     0     3      912.00      729.00        0.00
     0     3      918.00      733.00        0.00
     0     3      924.00      735.00        0.00
     0     3      930.00      735.00        0.00
     0     3     1218.00      771.00        0.00
     0     3     1236.00      781.00        0.00
     0     3     1230.00      781.00        0.00
     0     3     1224.00      785.00        0.00
     0     3     1218.00      785.00        0.00
     0     3     1212.00      785.00        0.00
     0     3     1206.00      785.00        0.00
     0     3     1200.00      785.00        0.00
     0     3     1194.00      785.00        0.00
     0     3     1188.00      785.00        0.00
     0     3     1182.00      783.00        0.00
     0     3      908.00      741.00        0.00
     0     3      832.00      743.00        0.00
     0     4     1310.00      899.00        0.00
     0     4     1326.00      911.00        0.00
     0     4     1332.00      913.00        0.00
     0     4     1336.00      921.00        0.00
     0     4     1340.00      927.00        0.00
     0     4     1342.00      933.00        0.00
     0     4     1348.00      933.00        0.00
     0     4     1354.00      933.00        0.00
     0     4     1360.00      933.00        0.00
     0     4     1366.00      933.00        0.00
     0     4     1372.00      931.00        0.00
     0     4     1380.00      929.00        0.00
     0     4     1388.00      927.00        0.00
     0     4     1394.00      925.00        0.00
     0     4     1400.00      923.00        0.00
     0     4     1406.00      923.00        0.00
     0     4     1412.00      919.00        0.00
     0     4     1418.00      917.00        0.00
     0     4     1424.00      915.00        0.00
     0     4     1430.00      911.00        0.00
     0     4     1436.00      911.00        0.00
     0     4     1442.00      911.00        0.00
     0     4     1446.00      915.00        0.00
     0     4     1448.00      921.00        0.00
     0     4     1450.00      927.00        0.00
     0     4     1450.00      933.00        0.00
     0     4     1450.00      939.00        0.00
     0     4     1450.00      945.00        0.00
     0     4     1450.00      951.00        0.00
     0     4     1450.00      957.00        0.00
     0     4     1446.00      963.00        0.00
     0     4     1444.00      969.00        0.00
     0     4     1442.00      975.00        0.00
     0     4     1440.00      981.00        0.00
     0     4     1436.00      985.00        0.00
     0     4     1432.00      989.00        0.00
     0     4     1424.00      991.00        0.00
     0     4     1418.00      993.00        0.00
     0     4     1412.00      997.00        0.00
     0     4     1406.00      999.00        0.00
     0     4     1402.00     1003.00        0.00
     0     4     1396.00     1005.00        0.00
     0     4     1388.00     1007.00        0.00
     0     4     1382.00     1009.00        0.00
     0     4     1376.00     1011.00        0.00
     0     4     1368.00     1015.00        0.00
     0     4     1362.00     1017.00        0.00
     0     4     1358.00     1021.00        0.00
     0     4     1356.00     1027.00        0.00
     0     4     1354.00     1033.00        0.00
     0     4     1350.00     1037.00        0.00
     0     4     1346.00     1041.00        0.00
     0     4     1340.00     1041.00        0.00
     0     4     1334.00     1041.00        0.00
     0     4     1330.00     1037.00        0.00
     0     4     1324.00     1031.00        0.00
     0     4     1320.00     1023.00        0.00
     0     4     1318.00     1015.00        0.00
     0     4     1318.00     1009.00        0.00
     0     4     1316.00     1003.00        0.00
     0     4     1314.00      995.00        0.00
     0     4     1312.00      989.00        0.00
     0     4     1308.00      985.00        0.00
     0     4     1304.00      979.00        0.00
     0     4     1298.00      975.00        0.00
     0     4     1294.00      971.00        0.00
     0     4     1290.00      967.00        0.00
     0     4     1284.00      965.00        0.00
     0     4     1280.00      961.00        0.00
     0     4     1280.00      955.00        0.00
     0     4     1286.00      953.00        0.00
     0     4     1292.00      953.00        0.00
     0     4     1296.00      949.00        0.00
     0     4     1300.00      945.00        0.00
     0     4     1300.00      939.00        0.00
     0     5     1080.00      709.00        0.00
     0     5     1068.00      703.00        0.00
     0     5     1062.00      697.00        0.00
     0     5     1058.00      693.00        0.00
     0     5     1054.00      687.00        0.00
     0     5     1048.00      681.00        0.00
     0     5     1044.00      675.00        0.00
     0     5     1040.00      669.00        0.00
     0     5     1036.00      661.00        0.00
     0     5     1032.00      655.00        0.00
     0     5     1028.00      649.00        0.00
     0     5     1028.00      643.00        0.00
     0     5     1024.00      639.00        0.00
     0     5     1020.00      633.00        0.00
     0     5     1016.00      627.00        0.00
     0     5     1012.00      621.00        0.00
     0     5     1008.00      615.00        0.00
     0     5     1004.00      609.00        0.00
     0     5     1002.00      603.00        0.00
     0     5      998.00      595.00        0.00
     0     5      994.00      589.00        0.00
     0     5      990.00      581.00        0.00
     0     5      988.00      573.00        0.00
     0     5      988.00      567.00        0.00
     0     5      986.00      561.00        0.00
     0     5      984.00      553.00        0.00
     0     5      984.00      545.00        0.00
     0     5      982.00      537.00        0.00
     0     5      982.00      529.00        0.00
     0     5      980.00      521.00        0.00
     0     5      978.00      515.00        0.00
     0     5      978.00      509.00        0.00
     0     5      978.00      501.00        0.00
     0     5      976.00      493.00        0.00
     0     5      976.00      487.00        0.00
     0     5      976.00      481.00        0.00
     0     5      978.00      475.00        0.00
     0     5      978.00      469.00        0.00
     0     5      978.00      463.00        0.00
     0     5      978.00      455.00        0.00
     0     5      978.00      447.00        0.00
     0     5      978.00      441.00        0.00
     0     5      980.00      435.00        0.00
     0     5      984.00      429.00        0.00
     0     5      988.00      423.00        0.00
     0     5      990.00      417.00        0.00
     0     5      996.00      415.00        0.00
     0     5     1002.00      419.00        0.00
     0     5     1006.00      423.00        0.00
     0     5     1008.00      429.00        0.00
     0     5     1010.00      435.00        0.00
     0     5     1010.00      443.00        0.00
     0     5     1012.00      449.00        0.00
     0     5     1012.00      457.00        0.00
     0     5     1012.00      465.00        0.00
     0     5     1012.00      471.00        0.00
     0     5     1016.00      477.00        0.00
     0     5     1018.00      483.00        0.00
     0     5     1020.00      491.00        0.00
     0     5     1022.00      499.00        0.00
     0     5     1024.00      507.00        0.00
     0     5     1026.00      517.00        0.00
     0     5     1026.00      523.00        0.00
     0     5     1028.00      531.00        0.00
     0     5     1030.00      537.00        0.00
     0     5     1030.00      543.00        0.00
     0     5     1032.00      549.00        0.00
     0     5     1036.00      557.00        0.00
     0     5     1038.00      563.00        0.00
     0     5     1040.00      569.00        0.00
     0     5     1042.00      575.00        0.00
     0     5     1044.00      581.00        0.00
     0     5     1046.00      587.00        0.00
     0     5     1046.00      593.00        0.00
     0     5     1050.00      599.00        0.00
     0     5     1052.00      605.00        0.00
     0     5     1052.00      613.00        0.00
     0     5     1052.00      619.00        0.00
     0     5     1052.00      625.00        0.00
     0     5     1052.00      631.00        0.00
     0     5     1052.00      637.00        0.00
     0     5     1054.00      643.00        0.00
     0     5     1056.00      649.00        0.00
     0     5     1058.00      655.00        0.00
     0     6     1820.00      725.00        0.00
     0     6     1808.00      727.00        0.00
     0     6     1802.00      727.00        0.00
     0     6     1796.00      727.00        0.00
     0     6     1790.00      727.00        0.00
     0     6     1784.00      727.00        0.00
     0     6     1778.00      727.00        0.00
     0     6     1772.00      727.00        0.00
     0     6     1764.00      727.00        0.00
     0     6     1754.00      723.00        0.00
     0     6     1746.00      721.00        0.00
     0     6     1740.00      719.00        0.00
     0     6     1734.00      719.00        0.00
     0     6     1726.00      717.00        0.00
     0     6     1720.00      717.00        0.00
     0     6     1714.00      717.00        0.00
     0     6     1708.00      717.00        0.00
     0     6     1702.00      717.00        0.00
     0     6     1696.00      717.00        0.00
     0     6     1690.00      715.00        0.00
     0     6     1684.00      715.00        0.00
     0     6     1674.00      715.00        0.00
     0     6     1668.00      713.00        0.00
     0     6     1662.00      713.00        0.00
     0     6     1656.00      713.00        0.00
     0     6     1650.00      713.00        0.00
     0     6     1642.00      711.00        0.00
     0     6     1636.00      711.00        0.00
     0     6     1628.00      711.00        0.00
     0     6     1622.00      711.00        0.00
     0     6     1616.00      709.00        0.00
     0     6     1610.00      709.00        0.00
     0     6     1604.00      709.00        0.00
     0     6     1596.00      709.00        0.00
     0     6     1588.00      705.00        0.00
     0     6     1582.00      703.00        0.00
     0     6     1574.00      697.00        0.00
     0     6     1568.00      695.00        0.00
     0     6     1562.00      691.00        0.00
     0     6     1556.00      687.00        0.00
     0     6     1550.00      687.00        0.00
     0     6     1544.00      683.00        0.00
     0     6     1536.00      683.00        0.00
     0     6     1528.00      681.00        0.00
     0     6     1520.00      681.00        0.00
     0     6     1514.00      681.00        0.00
     0     6     1508.00      679.00        0.00
     0     6     1502.00      679.00        0.00
     0     6     1494.00      679.00        0.00
     0     6     1488.00      679.00        0.00
     0     6     1482.00      681.00        0.00
     0     6     1474.00      683.00        0.00
     0     6     1468.00      685.00        0.00
     0     6     1460.00      685.00        0.00
     0     6     1452.00      685.00        0.00
     0     6     1446.00      685.00        0.00
     0     6     1438.00      685.00        0.00
     0     6     1430.00      685.00        0.00
     0     6     1424.00      685.00        0.00
     0     6     1418.00      685.00        0.00
     0     6     1412.00      683.00        0.00
     0     6     1406.00      683.00        0.00
     0     6     1400.00      681.00        0.00
     0     6     1394.00      679.00        0.00
     0     6     1390.00      675.00        0.00
     0     6     1390.00      669.00        0.00
     0     6     1392.00      663.00        0.00
     0     6     1390.00      657.00        0.00
     0     6     1386.00      651.00        0.00
     0     6     1382.00      645.00        0.00
     0     6     1380.00      639.00        0.00
     0     6     1378.00      631.00        0.00
     0     6     1376.00      623.00        0.00
     0     6     1374.00      617.00        0.00
     0     6     1374.00      611.00        0.00
     0     6     1372.00      605.00        0.00
     0     6     1372.00      599.00        0.00
     0     6     1372.00      593.00        0.00
     0     6     1376.00      587.00        0.00
     0     6     1378.00      581.00        0.00
     0     6     1380.00      575.00        0.00
     0     6     1386.00      571.00        0.00
     0     6     1392.00      569.00        0.00
     0     6     1398.00      569.00        0.00
     0     6     1406.00      569.00        0.00
     0     6     1412.00      571.00        0.00
     0     6     1418.00      573.00        0.00
     0     6     1426.00      575.00        0.00
     0     6     1432.00      577.00        0.00
     0     6     1438.00      577.00        0.00
     0     6     1444.00      579.00        0.00
     0     6     1450.00      581.00        0.00
     0     6     1456.00      581.00        0.00
     0     6     1462.00      581.00        0.00
     0     6     1468.00      581.00        0.00
     0     6     1474.00      581.00        0.00
     0     6     1480.00      579.00        0.00
     0     6     1486.00      577.00        0.00
     0     6     1490.00      573.00        0.00
     0     6     1494.00      569.00        0.00
     0     6     1498.00      563.00        0.00
     0     6     1502.00      559.00        0.00
     0     6     1506.00      553.00        0.00
     0     6     1510.00      549.00        0.00
     0     6     1514.00      543.00        0.00
     0     6     1518.00      537.00        0.00
     0     6     1520.00      531.00        0.00
     0     6     1524.00      527.00        0.00
     0     6     1528.00      521.00        0.00
     0     6     1530.00      515.00        0.00
     0     6     1534.00      509.00        0.00
     0     6     1540.00      507.00        0.00
     0     6     1546.00      507.00        0.00
     0     6     1552.00      509.00        0.00
     0     6     1558.00      513.00        0.00
     0     6     1562.00      517.00        0.00
     0     6     1568.00      521.00        0.00
     0     6     1572.00      527.00        0.00
     0     6     1578.00      531.00        0.00
     0     6     1582.00      535.00        0.00
     0     6     1586.00      539.00        0.00
     0     6     1590.00      543.00        0.00
     0     6     1592.00      549.00        0.00
     0     6     1596.00      553.00        0.00
     0     6     1600.00      557.00        0.00
     0     6     1606.00      563.00        0.00
     0     6     1612.00      567.00        0.00
     0     6     1616.00      571.00        0.00
     0     6     1620.00      575.00        0.00
     0     6     1626.00      579.00        0.00
     0     6     1632.00      583.00        0.00
     0     6     1638.00      585.00        0.00
     0     6     1642.00      589.00        0.00
     0     6     1646.00      593.00        0.00
     0     6     1650.00      597.00        0.00
     0     6     1654.00      601.00        0.00
     0     6     1658.00      609.00        0.00
     0     6     1662.00      615.00        0.00
     0     6     1664.00      621.00        0.00
     0     6     1666.00      627.00        0.00
     0     6     1670.00      633.00        0.00
     0     6     1674.00      639.00        0.00
     0     6     1678.00      645.00        0.00
     0     6     1682.00      649.00        0.00
     0     6     1686.00      655.00        0.00
     0     6     1692.00      659.00        0.00
     0     6     1696.00      665.00        0.00
     0     6     1702.00      669.00        0.00
     0     6     1706.00      673.00        0.00
     0     6     1710.00      679.00        0.00
     0     6     1714.00      683.00        0.00
     0     6     1720.00      687.00        0.00
     0     6     1726.00      689.00        0.00
     0     6     1732.00      691.00        0.00
     0     6     1738.00      693.00        0.00
     0     6     1744.00      695.00        0.00
     0     6     1750.00      697.00        0.00
     0     6     1756.00      699.00        0.00
     0     6     1762.00      699.00        0.00
     0     6     1768.00      701.00        0.00
     0     6     1774.00      701.00        0.00
     0     6     1780.00      705.00        0.00
     0     6     1786.00      709.00        0.00
     0     6     1792.00      709.00        0.00
     0     6     1798.00      711.00        0.00
     0     6     1804.00      711.00        0.00
     0     7      268.00      729.00        0.00
     0     7      256.00      735.00        0.00
     0     7      250.00      737.00        0.00
     0     7      240.00      739.00        0.00
     0     7      234.00      739.00        0.00
     0     7      228.00      735.00        0.00
     0     7      224.00      731.00        0.00
     0     7      220.00      727.00        0.00
     0     7      218.00      719.00        0.00
     0     7      220.00      713.00        0.00
     0     7      224.00      705.00        0.00
     0     7      230.00      697.00        0.00
     0     7      236.00      689.00        0.00
     0     7      242.00      687.00        0.00
     0     7      248.00      683.00        0.00
     0     7      256.00      679.00        0.00
     0     7      262.00      675.00        0.00
     0     7      270.00      671.00        0.00
     0     7      276.00      669.00        0.00
     0     7      282.00      665.00        0.00
     0     7      290.00      661.00        0.00
     0     7      298.00      657.00        0.00
     0     7      304.00      655.00        0.00
     0     7      312.00      653.00        0.00
     0     7      320.00      649.00        0.00
     0     7      326.00      647.00        0.00
     0     7      334.00      645.00        0.00
     0     7      340.00      641.00        0.00
     0     7      346.00      637.00        0.00
     0     7      354.00      635.00        0.00
     0     7      358.00      631.00        0.00
     0     7      364.00      627.00        0.00
     0     7      370.00      623.00        0.00
     0     7      374.00      619.00        0.00
     0     7      380.00      615.00        0.00
     0     7      384.00      611.00        0.00
     0     7      390.00      607.00        0.00
     0     7      394.00      601.00        0.00
     0     7      398.00      595.00        0.00
     0     7      400.00      589.00        0.00
     0     7      404.00      585.00        0.00
     0     7      408.00      579.00        0.00
     0     7      412.00      573.00        0.00
     0     7      418.00      567.00        0.00
     0     7      422.00      563.00        0.00
     0     7      428.00      557.00        0.00
     0     7      434.00      551.00        0.00
     0     7      438.00      547.00        0.00
     0     7      444.00      541.00        0.00
     0     7      452.00      535.00        0.00
     0     7      456.00      531.00        0.00
     0     7      460.00      527.00        0.00
     0     7      466.00      521.00        0.00
     0     7      472.00      517.00        0.00
     0     7      480.00      513.00        0.00
     0     7      484.00      509.00        0.00
     0     7      490.00      505.00        0.00
     0     7      494.00      501.00        0.00
     0     7      500.00      499.00        0.00
     0     7      508.00      495.00        0.00
     0     7      512.00      491.00        0.00
     0     7      518.00      487.00        0.00
     0     7      524.00      481.00        0.00
     0     7      530.00      479.00        0.00
     0     7      538.00      475.00        0.00
     0     7      544.00      471.00        0.00
     0     7      552.00      469.00        0.00
     0     7      558.00      465.00        0.00
     0     7      564.00      461.00        0.00
     0     7      568.00      457.00        0.00
     0     7      574.00      455.00        0.00
     0     7      580.00      453.00        0.00
     0     7      586.00      449.00        0.00
     0     7      592.00      449.00        0.00
     0     7      598.00      447.00        0.00
     0     7      604.00      447.00        0.00
     0     7      610.00      447.00        0.00
     0     7      616.00      447.00        0.00
     0     7      622.00      445.00        0.00
     0     7      628.00      445.00        0.00
     0     7      636.00      445.00        0.00
     0     7      642.00      445.00        0.00
     0     7      648.00      445.00        0.00
     0     7      654.00      445.00        0.00
     0     7      660.00      447.00        0.00
     0     7      666.00      449.00        0.00
     0     7      672.00      453.00        0.00
     0     7      674.00      459.00        0.00
     0     7      676.00      465.00        0.00
     0     7      674.00      471.00        0.00
     0     7      670.00      475.00        0.00
     0     7      666.00      479.00        0.00
     0     7      662.00      483.00        0.00
     0     7      538.00      549.00        0.00
     0     7      402.00      629.00        0.00
