     0     0      212.00      947.00        0.00
     0     0      202.00      945.00        0.00
     0     0      194.00      945.00        0.00
     0     0      186.00      945.00        0.00
     0     0      180.00      945.00        0.00
     0     0      172.00      943.00        0.00
     0     0      166.00      941.00        0.00
     0     0      160.00      939.00        0.00
     0     0      152.00      937.00        0.00
     0     0      146.00      935.00        0.00
     0     0      140.00      933.00        0.00
     0     0      134.00      929.00        0.00
     0     0      130.00      925.00        0.00
     0     0      126.00      919.00        0.00
     0     0      126.00      911.00        0.00
     0     0      126.00      903.00        0.00
     0     0      128.00      897.00        0.00
     0     0      130.00      891.00        0.00
     0     0      132.00      885.00        0.00
     0     0      136.00      881.00        0.00
     0     0      142.00      879.00        0.00
     0     0      148.00      877.00        0.00
     0     0      154.00      875.00        0.00
     0     0      162.00      875.00        0.00
     0     0      170.00      875.00        0.00
     0     0      176.00      875.00        0.00
     0     0      182.00      877.00        0.00
     0     0      188.00      879.00        0.00
     0     0      194.00      881.00        0.00
     0     0      198.00      885.00        0.00
     0     0      202.00      889.00        0.00
     0     0      208.00      891.00        0.00
     0     0      212.00      895.00        0.00
     0     0      216.00      899.00        0.00
     0     0      222.00      903.00        0.00
     0     0      226.00      907.00        0.00
     0     0      234.00      911.00        0.00
     0     0      242.00      911.00        0.00
     0     0      250.00      913.00        0.00
     0     0      256.00      913.00        0.00
     0     0      262.00      915.00        0.00
     0     0      268.00      915.00        0.00
     0     0      274.00      917.00        0.00
     0     0      282.00      919.00        0.00
     0     0      290.00      921.00        0.00
     0     0      296.00      923.00        0.00
     0     0      302.00      925.00        0.00
     0     0      308.00      929.00        0.00
     0     0      316.00      933.00        0.00
     0     0      322.00      935.00        0.00
     0     0      330.00      939.00        0.00
     0     0      338.00      943.00        0.00
     0     0      344.00      945.00        0.00
     0     0      348.00      949.00        0.00
     0     0      354.00      951.00        0.00
     0     0      358.00      955.00        0.00
     0     0      366.00      959.00        0.00
     0     0      370.00      963.00        0.00
     0     0      378.00      967.00        0.00
     0     0      384.00      969.00        0.00
     0     0      388.00      973.00        0.00
     0     0      392.00      977.00        0.00
     0     0      396.00      981.00        0.00
     0     0      400.00      987.00        0.00
     0     0      404.00      991.00        0.00
     0     0      406.00      997.00        0.00
     0     0      410.00     1003.00        0.00
     0     0      412.00     1009.00        0.00
     0     0      412.00     1015.00        0.00
     0     0      412.00     1021.00        0.00
     0     0      410.00     1027.00        0.00
     0     0      406.00     1033.00        0.00
     0     0      400.00     1035.00        0.00
     0     0      392.00     1039.00        0.00
     0     0      386.00     1041.00        0.00
     0     0      380.00     1043.00        0.00
     0     0      374.00     1043.00        0.00
     0     0      368.00     1043.00        0.00
     0     0      362.00     1043.00        0.00
     0     0      356.00     1041.00        0.00
     0     0      350.00     1039.00        0.00
     0     0      342.00     1037.00        0.00
     0     0      338.00     1033.00        0.00
     0     0      332.00     1031.00        0.00
     0     0      326.00     1027.00        0.00
     0     0      322.00     1023.00        0.00
     0     0      314.00     1019.00        0.00
     0     0      308.00     1017.00        0.00
     0     0      304.00     1013.00        0.00
     0     1      438.00      875.00        0.00
     0     1      440.00      883.00        0.00
     0     1      440.00      889.00        0.00
     0     1      442.00      895.00        0.00
     0     1      442.00      901.00        0.00
     0     1      442.00      907.00        0.00
     0     1      442.00      913.00        0.00
     0     1      440.00      919.00        0.00
     0     1      434.00      923.00        0.00
     0     1      428.00      925.00        0.00
     0     1      422.00      927.00        0.00
     0     1      414.00      929.00        0.00
     0     1      408.00      929.00        0.00
     0     1      402.00      929.00        0.00
     0     1      396.00      929.00        0.00
     0     1      388.00      929.00        0.00
     0     1      382.00      927.00        0.00
     0     1      376.00      925.00        0.00
     0     1      370.00      923.00        0.00
     0     1      366.00      919.00        0.00
     0     1      362.00      915.00        0.00
     0     1      360.00      909.00        0.00
     0     1      356.00      905.00        0.00
     0     1      354.00      899.00        0.00
     0     1      354.00      893.00        0.00
     0     1      354.00      887.00        0.00
     0     1      356.00      881.00        0.00
     0     1      358.00      875.00        0.00
     0     1      362.00      871.00        0.00
     0     1      362.00      865.00        0.00
     0     1      364.00      859.00        0.00
     0     1      362.00      853.00        0.00
     0     1      362.00      847.00        0.00
     0     1      360.00      841.00        0.00
     0     1      356.00      837.00        0.00
     0     1      354.00      831.00        0.00
     0     1      352.00      825.00        0.00
     0     1      348.00      821.00        0.00
     0     1      346.00      815.00        0.00
     0     1      342.00      811.00        0.00
     0     1      340.00      805.00        0.00
     0     1      338.00      799.00        0.00
     0     1      336.00      793.00        0.00
     0     1      336.00      787.00        0.00
     0     1      338.00      781.00        0.00
     0     1      340.00      775.00        0.00
     0     1      346.00      771.00        0.00
     0     1      352.00      769.00        0.00
     0     1      358.00      769.00        0.00
     0     1      364.00      765.00        0.00
     0     1      368.00      761.00        0.00
     0     1      370.00      755.00        0.00
     0     1      370.00      749.00        0.00
     0     1      376.00      747.00        0.00
     0     1      382.00      751.00        0.00
     0     1      386.00      755.00        0.00
     0     1      390.00      761.00        0.00
     0     1      392.00      767.00        0.00
     0     1      396.00      773.00        0.00
     0     1      398.00      779.00        0.00
     0     1      398.00      785.00        0.00
     0     1      400.00      791.00        0.00
     0     1      402.00      797.00        0.00
     0     1      402.00      803.00        0.00
     0     1      404.00      809.00        0.00
     0     1      406.00      815.00        0.00
     0     1      408.00      821.00        0.00
     0     2      470.00      909.00        0.00
     0     2      476.00      917.00        0.00
     0     2      478.00      923.00        0.00
     0     2      478.00      929.00        0.00
     0     2      480.00      935.00        0.00
     0     2      480.00      941.00        0.00
     0     2      478.00      947.00        0.00
     0     2      476.00      953.00        0.00
     0     2      474.00      959.00        0.00
     0     2      472.00      965.00        0.00
     0     2      470.00      971.00        0.00
     0     2      468.00      977.00        0.00
     0     2      468.00      983.00        0.00
     0     2      468.00      991.00        0.00
     0     2      468.00      997.00        0.00
     0     2      470.00     1003.00        0.00
     0     2      470.00     1009.00        0.00
     0     2      470.00     1015.00        0.00
     0     2      470.00     1021.00        0.00
     0     2      470.00     1027.00        0.00
     0     2      470.00     1033.00        0.00
     0     2      470.00     1039.00        0.00
     0     2      470.00     1045.00        0.00
     0     2      470.00     1051.00        0.00
     0     2      468.00     1057.00        0.00
     0     2      468.00     1063.00        0.00
     0     2      468.00     1069.00        0.00
     0     2      466.00     1075.00        0.00
     0     2      464.00     1081.00        0.00
     0     2      368.00     1233.00        0.00
     0     2      346.00     1245.00        0.00
     0     2      346.00     1251.00        0.00
     0     2      344.00     1257.00        0.00
     0     2      344.00     1265.00        0.00
     0     2      346.00     1271.00        0.00
     0     2      346.00     1277.00        0.00
     0     2      352.00     1279.00        0.00
     0     2      358.00     1277.00        0.00
     0     2      362.00     1273.00        0.00
     0     2      364.00     1267.00        0.00
     0     2      366.00     1261.00        0.00
     0     2      368.00     1255.00        0.00
     0     2      368.00     1249.00        0.00
     0     2      368.00     1243.00        0.00
     0     2      466.00     1081.00        0.00
     0     2      486.00     1061.00        0.00
     0     2      498.00     1057.00        0.00
     0     2      504.00     1053.00        0.00
     0     2      508.00     1047.00        0.00
     0     2      514.00     1043.00        0.00
     0     2      518.00     1037.00        0.00
     0     2      522.00     1033.00        0.00
     0     2      524.00     1027.00        0.00
     0     2      524.00     1021.00        0.00
     0     2      528.00     1015.00        0.00
     0     2      530.00     1009.00        0.00
     0     2      532.00     1003.00        0.00
     0     2      536.00      997.00        0.00
     0     2      538.00      991.00        0.00
     0     2      542.00      983.00        0.00
     0     2      544.00      977.00        0.00
     0     2      548.00      971.00        0.00
     0     2      552.00      967.00        0.00
     0     2      558.00      965.00        0.00
     0     2      562.00      961.00        0.00
     0     2      568.00      959.00        0.00
     0     2      574.00      957.00        0.00
     0     2      580.00      955.00        0.00
     0     2      586.00      955.00        0.00
     0     2      592.00      955.00        0.00
     0     2      598.00      953.00        0.00
     0     2      604.00      951.00        0.00
     0     2      604.00      945.00        0.00
     0     2      606.00      939.00        0.00
     0     2      606.00      933.00        0.00
     0     2      602.00      927.00        0.00
     0     2      596.00      923.00        0.00
     0     2      590.00      921.00        0.00
     0     2      584.00      919.00        0.00
     0     2      578.00      917.00        0.00
     0     2      572.00      915.00        0.00
     0     2      568.00      911.00        0.00
     0     2      562.00      907.00        0.00
     0     2      558.00      903.00        0.00
     0     2      556.00      897.00        0.00
     0     2      552.00      891.00        0.00
     0     2      550.00      885.00        0.00
     0     2      548.00      879.00        0.00
     0     2      546.00      873.00        0.00
     0     2      544.00      865.00        0.00
     0     2      544.00      859.00        0.00
     0     2      542.00      853.00        0.00
     0     2      538.00      847.00        0.00
     0     2      536.00      841.00        0.00
     0     2      532.00      837.00        0.00
     0     2      528.00      841.00        0.00
     0     2      524.00      845.00        0.00
     0     2      520.00      849.00        0.00
     0     2      516.00      853.00        0.00
     0     2      512.00      857.00        0.00
     0     2      508.00      861.00        0.00
     0     2      504.00      867.00        0.00
     0     2      498.00      871.00        0.00
     0     2      492.00      873.00        0.00
     0     2      486.00      875.00        0.00
     0     2      480.00      877.00        0.00
     0     2      472.00      877.00        0.00
     0     2      466.00      877.00        0.00
     0     2      460.00      875.00        0.00
     0     2      456.00      879.00        0.00
     0     2      454.00      885.00        0.00
     0     2      454.00      891.00        0.00
     0     3      602.00      571.00        0.00
     0     3      616.00      577.00        0.00
     0     3      622.00      579.00        0.00
     0     3      628.00      579.00        0.00
     0     3      634.00      581.00        0.00
     0     3      640.00      581.00        0.00
     0     3      646.00      581.00        0.00
     0     3      656.00      581.00        0.00
     0     3      662.00      581.00        0.00
     0     3      670.00      581.00        0.00
     0     3      676.00      581.00        0.00
     0     3      684.00      579.00        0.00
     0     3      690.00      577.00        0.00
     0     3      694.00      573.00        0.00
     0     3      700.00      569.00        0.00
     0     3      708.00      565.00        0.00
     0     3      714.00      561.00        0.00
     0     3      720.00      559.00        0.00
     0     3      724.00      553.00        0.00
     0     3      730.00      549.00        0.00
     0     3      736.00      545.00        0.00
     0     3      740.00      541.00        0.00
     0     3      746.00      539.00        0.00
     0     3      740.00      537.00        0.00
     0     3      732.00      535.00        0.00
     0     3      726.00      533.00        0.00
     0     3      722.00      529.00        0.00
     0     3      716.00      525.00        0.00
     0     3      712.00      521.00        0.00
     0     3      706.00      517.00        0.00
     0     3      700.00      513.00        0.00
     0     3      694.00      511.00        0.00
     0     3      688.00      509.00        0.00
     0     3      682.00      507.00        0.00
     0     3      676.00      505.00        0.00
     0     3      670.00      503.00        0.00
     0     3      664.00      503.00        0.00
     0     3      658.00      503.00        0.00
     0     3      652.00      501.00        0.00
     0     3      646.00      501.00        0.00
     0     3      638.00      501.00        0.00
     0     3      632.00      501.00        0.00
     0     3      624.00      503.00        0.00
     0     3      618.00      505.00        0.00
     0     3      612.00      507.00        0.00
     0     3      604.00      509.00        0.00
     0     3      598.00      511.00        0.00
     0     3      590.00      515.00        0.00
     0     3      584.00      517.00        0.00
     0     3      578.00      519.00        0.00
     0     3      572.00      521.00        0.00
     0     3      564.00      523.00        0.00
     0     3      558.00      525.00        0.00
     0     3      548.00      525.00        0.00
     0     3      540.00      527.00        0.00
     0     3      534.00      527.00        0.00
     0     3      528.00      527.00        0.00
     0     3      520.00      527.00        0.00
     0     3      512.00      529.00        0.00
     0     3      504.00      531.00        0.00
     0     3      498.00      531.00        0.00
     0     3      492.00      533.00        0.00
     0     3      484.00      533.00        0.00
     0     3      472.00      533.00        0.00
     0     3      466.00      533.00        0.00
     0     3      460.00      533.00        0.00
     0     3      454.00      533.00        0.00
     0     3      448.00      533.00        0.00
     0     3      442.00      533.00        0.00
     0     3      436.00      533.00        0.00
     0     3      428.00      535.00        0.00
     0     3      422.00      537.00        0.00
     0     3      416.00      537.00        0.00
     0     3      410.00      539.00        0.00
     0     3      404.00      543.00        0.00
     0     3      396.00      545.00        0.00
     0     3      390.00      547.00        0.00
     0     3      384.00      549.00        0.00
     0     3      378.00      551.00        0.00
     0     3      372.00      553.00        0.00
     0     3      380.00      555.00        0.00
     0     3      386.00      557.00        0.00
     0     3      392.00      557.00        0.00
     0     3      400.00      557.00        0.00
     0     3      406.00      557.00        0.00
     0     3      412.00      557.00        0.00
     0     3      420.00      557.00        0.00
     0     3      428.00      557.00        0.00
     0     3      434.00      557.00        0.00
     0     3      440.00      557.00        0.00
     0     3      446.00      557.00        0.00
     0     3      452.00      557.00        0.00
     0     3      458.00      557.00        0.00
     0     3      464.00      557.00        0.00
     0     3      470.00      557.00        0.00
     0     3      478.00      557.00        0.00
     0     3      484.00      557.00        0.00
     0     3      490.00      557.00        0.00
     0     3      498.00      557.00        0.00
     0     3      506.00      557.00        0.00
     0     3      514.00      557.00        0.00
     0     3      520.00      557.00        0.00
     0     3      526.00      557.00        0.00
     0     3      534.00      557.00        0.00
     0     3      540.00      557.00        0.00
     0     3      546.00      559.00        0.00
     0     3      552.00      559.00        0.00
     0     3      558.00      559.00        0.00
     0     3      564.00      559.00        0.00
     0     3      570.00      559.00        0.00
     0     3      576.00      559.00        0.00
     0     3      582.00      557.00        0.00
     0     3      588.00      557.00        0.00
     0     4      396.00      421.00        0.00
     0     4      398.00      427.00        0.00
     0     4      404.00      431.00        0.00
     0     4      408.00      435.00        0.00
     0     4      412.00      439.00        0.00
     0     4      416.00      443.00        0.00
     0     4      420.00      447.00        0.00
     0     4      424.00      451.00        0.00
     0     4      430.00      455.00        0.00
     0     4      434.00      459.00        0.00
     0     4      438.00      463.00        0.00
     0     4      444.00      465.00        0.00
     0     4      448.00      469.00        0.00
     0     4      452.00      475.00        0.00
     0     4      458.00      479.00        0.00
     0     4      462.00      483.00        0.00
     0     4      468.00      485.00        0.00
     0     4      472.00      489.00        0.00
     0     4      478.00      491.00        0.00
     0     4      484.00      495.00        0.00
     0     4      490.00      497.00        0.00
     0     4      498.00      499.00        0.00
     0     4      504.00      503.00        0.00
     0     4      510.00      505.00        0.00
     0     4      514.00      509.00        0.00
     0     4      520.00      511.00        0.00
     0     4      526.00      515.00        0.00
     0     4      532.00      517.00        0.00
     0     4      538.00      519.00        0.00
     0     4      544.00      521.00        0.00
     0     4      550.00      523.00        0.00
     0     4      556.00      525.00        0.00
     0     4      562.00      527.00        0.00
     0     4      568.00      529.00        0.00
     0     4      574.00      529.00        0.00
     0     4      580.00      531.00        0.00
     0     4      586.00      531.00        0.00
     0     4      596.00      533.00        0.00
     0     4      602.00      533.00        0.00
     0     4      608.00      535.00        0.00
     0     4      614.00      535.00        0.00
     0     4      620.00      537.00        0.00
     0     4      626.00      537.00        0.00
     0     4      634.00      537.00        0.00
     0     4      640.00      537.00        0.00
     0     4      646.00      539.00        0.00
     0     4      654.00      539.00        0.00
     0     4      664.00      541.00        0.00
     0     4      670.00      541.00        0.00
     0     4      676.00      541.00        0.00
     0     4      682.00      543.00        0.00
     0     4      690.00      545.00        0.00
     0     4      696.00      545.00        0.00
     0     4      702.00      547.00        0.00
     0     4      708.00      547.00        0.00
     0     4      714.00      549.00        0.00
     0     4      722.00      551.00        0.00
     0     4      728.00      553.00        0.00
     0     4      734.00      553.00        0.00
     0     4      740.00      557.00        0.00
     0     4      748.00      557.00        0.00
     0     4      780.00      577.00        0.00
     0     4      790.00      579.00        0.00
     0     4      796.00      579.00        0.00
     0     4      802.00      579.00        0.00
     0     4      810.00      579.00        0.00
     0     4      820.00      579.00        0.00
     0     4      826.00      579.00        0.00
     0     4      832.00      579.00        0.00
     0     4      842.00      577.00        0.00
     0     4      852.00      577.00        0.00
     0     4      858.00      575.00        0.00
     0     4      866.00      575.00        0.00
     0     4      876.00      573.00        0.00
     0     4      886.00      573.00        0.00
     0     4      892.00      573.00        0.00
     0     4      898.00      573.00        0.00
     0     4      906.00      571.00        0.00
     0     4      912.00      571.00        0.00
     0     4      918.00      571.00        0.00
     0     4      924.00      571.00        0.00
     0     4      932.00      571.00        0.00
     0     4      938.00      571.00        0.00
     0     4      948.00      571.00        0.00
     0     4      956.00      571.00        0.00
     0     4      962.00      571.00        0.00
     0     4      970.00      571.00        0.00
     0     4      976.00      573.00        0.00
     0     4      982.00      573.00        0.00
     0     4      988.00      575.00        0.00
     0     4      996.00      575.00        0.00
     0     4     1004.00      577.00        0.00
     0     4     1010.00      577.00        0.00
     0     4     1016.00      577.00        0.00
     0     4     1022.00      577.00        0.00
     0     4     1028.00      577.00        0.00
     0     4     1034.00      577.00        0.00
     0     4     1040.00      577.00        0.00
     0     4     1048.00      577.00        0.00
     0     4     1056.00      577.00        0.00
     0     4     1064.00      577.00        0.00
     0     4     1070.00      577.00        0.00
     0     4     1076.00      577.00        0.00
     0     4     1082.00      577.00        0.00
     0     4     1088.00      577.00        0.00
     0     4     1094.00      577.00        0.00
     0     4     1100.00      577.00        0.00
     0     4     1106.00      579.00        0.00
     0     4     1114.00      579.00        0.00
     0     4     1122.00      579.00        0.00
     0     4     1128.00      579.00        0.00
     0     4     1136.00      579.00        0.00
     0     4     1142.00      579.00        0.00
     0     4     1148.00      579.00        0.00
     0     4     1154.00      581.00        0.00
     0     4     1160.00      583.00        0.00
     0     4     1166.00      587.00        0.00
     0     4     1174.00      591.00        0.00
     0     4     1180.00      593.00        0.00
     0     4     1186.00      595.00        0.00
     0     4     1194.00      597.00        0.00
     0     4     1200.00      597.00        0.00
     0     4     1206.00      599.00        0.00
     0     4     1214.00      599.00        0.00
     0     4     1220.00      599.00        0.00
     0     4     1228.00      601.00        0.00
     0     4     1236.00      601.00        0.00
     0     4     1242.00      601.00        0.00
     0     4     1250.00      601.00        0.00
     0     4     1256.00      601.00        0.00
     0     4     1264.00      599.00        0.00
     0     4     1270.00      597.00        0.00
     0     4     1274.00      591.00        0.00
     0     4     1278.00      587.00        0.00
     0     4     1488.00      579.00        0.00
     0     4     1522.00      583.00        0.00
     0     4     1536.00      587.00        0.00
     0     4     1542.00      589.00        0.00
     0     4     1548.00      593.00        0.00
     0     4     1554.00      597.00        0.00
     0     4     1560.00      601.00        0.00
     0     4     1566.00      603.00        0.00
     0     4     1570.00      607.00        0.00
     0     4     1576.00      611.00        0.00
     0     4     1582.00      615.00        0.00
     0     4     1588.00      615.00        0.00
     0     4     1594.00      617.00        0.00
     0     4     1600.00      617.00        0.00
     0     4     1608.00      617.00        0.00
     0     4     1614.00      617.00        0.00
     0     4     1622.00      617.00        0.00
     0     4     1628.00      613.00        0.00
     0     4     1632.00      609.00        0.00
     0     4     1634.00      603.00        0.00
     0     4     1632.00      597.00        0.00
     0     4     1626.00      595.00        0.00
     0     4     1620.00      591.00        0.00
     0     4     1614.00      587.00        0.00
     0     4     1608.00      583.00        0.00
     0     4     1602.00      583.00        0.00
     0     4     1596.00      581.00        0.00
     0     4     1590.00      579.00        0.00
     0     4     1584.00      577.00        0.00
     0     4     1578.00      575.00        0.00
     0     4     1572.00      575.00        0.00
     0     4     1564.00      573.00        0.00
     0     4     1558.00      571.00        0.00
     0     4     1552.00      571.00        0.00
     0     4     1546.00      569.00        0.00
     0     4     1540.00      567.00        0.00
     0     4     1534.00      567.00        0.00
     0     4     1528.00      567.00        0.00
     0     4     1522.00      567.00        0.00
     0     4     1516.00      567.00        0.00
     0     4     1334.00      563.00        0.00
     0     4     1292.00      559.00        0.00
     0     4     1280.00      557.00        0.00
     0     4     1274.00      555.00        0.00
     0     4     1270.00      551.00        0.00
     0     4     1264.00      549.00        0.00
     0     4     1258.00      547.00        0.00
     0     4     1252.00      543.00        0.00
     0     4     1246.00      543.00        0.00
     0     4     1238.00      543.00        0.00
     0     4     1232.00      543.00        0.00
     0     4     1226.00      543.00        0.00
     0     4     1220.00      543.00        0.00
     0     4     1214.00      543.00        0.00
     0     4     1208.00      543.00        0.00
     0     4     1200.00      547.00        0.00
     0     4     1194.00      549.00        0.00
     0     4     1188.00      549.00        0.00
     0     4     1184.00      553.00        0.00
     0     4     1178.00      557.00        0.00
     0     4     1172.00      559.00        0.00
     0     4     1166.00      561.00        0.00
     0     4     1160.00      563.00        0.00
     0     4     1154.00      565.00        0.00
     0     4     1150.00      569.00        0.00
     0     4      784.00      575.00        0.00
     0     4      748.00      561.00        0.00
     0     4      742.00      557.00        0.00
     0     4      736.00      555.00        0.00
     0     4      730.00      553.00        0.00
     0     4      724.00      551.00        0.00
     0     4      718.00      549.00        0.00
     0     4      712.00      547.00        0.00
     0     4      706.00      547.00        0.00
     0     4      700.00      545.00        0.00
     0     4      694.00      543.00        0.00
     0     4      688.00      543.00        0.00
     0     4      680.00      541.00        0.00
     0     4      674.00      539.00        0.00
     0     4      668.00      539.00        0.00
     0     4      662.00      539.00        0.00
     0     4      656.00      539.00        0.00
     0     4      650.00      539.00        0.00
     0     4      644.00      539.00        0.00
     0     4      638.00      537.00        0.00
     0     4      632.00      537.00        0.00
     0     4      626.00      537.00        0.00
     0     4      596.00      531.00        0.00
     0     4      586.00      529.00        0.00
     0     4      580.00      527.00        0.00
     0     4      572.00      525.00        0.00
     0     4      566.00      523.00        0.00
     0     4      560.00      521.00        0.00
     0     4      554.00      517.00        0.00
     0     4      546.00      515.00        0.00
     0     4      540.00      513.00        0.00
     0     4      534.00      511.00        0.00
     0     4      530.00      507.00        0.00
     0     4      526.00      503.00        0.00
     0     4      520.00      499.00        0.00
     0     4      516.00      495.00        0.00
     0     4      512.00      491.00        0.00
     0     4      506.00      487.00        0.00
     0     4      500.00      483.00        0.00
     0     4      494.00      479.00        0.00
     0     4      490.00      475.00        0.00
     0     4      486.00      471.00        0.00
     0     4      482.00      467.00        0.00
     0     4      476.00      465.00        0.00
     0     4      472.00      461.00        0.00
     0     4      466.00      459.00        0.00
     0     4      462.00      455.00        0.00
     0     4      456.00      451.00        0.00
     0     4      450.00      449.00        0.00
     0     4      446.00      445.00        0.00
     0     4      440.00      443.00        0.00
     0     4      436.00      439.00        0.00
     0     4      430.00      437.00        0.00
     0     4      426.00      433.00        0.00
     0     4      422.00      429.00        0.00
     0     5      996.00      537.00        0.00
     0     5      984.00      543.00        0.00
     0     5      980.00      547.00        0.00
     0     5      976.00      551.00        0.00
     0     5      972.00      557.00        0.00
     0     5      972.00      563.00        0.00
     0     5      972.00      569.00        0.00
     0     5      972.00      575.00        0.00
     0     5      966.00      579.00        0.00
     0     5      958.00      581.00        0.00
     0     5      952.00      581.00        0.00
     0     5      946.00      583.00        0.00
     0     5      938.00      585.00        0.00
     0     5      932.00      585.00        0.00
     0     5      926.00      585.00        0.00
     0     5      918.00      587.00        0.00
     0     5      912.00      591.00        0.00
     0     5      906.00      593.00        0.00
     0     5      902.00      597.00        0.00
     0     5      896.00      599.00        0.00
     0     5      890.00      603.00        0.00
     0     5      884.00      607.00        0.00
     0     5      878.00      609.00        0.00
     0     5      874.00      613.00        0.00
     0     5      868.00      615.00        0.00
     0     5      862.00      619.00        0.00
     0     5      856.00      621.00        0.00
     0     5      850.00      623.00        0.00
     0     5      844.00      625.00        0.00
     0     5      838.00      629.00        0.00
     0     5      832.00      633.00        0.00
     0     5      826.00      635.00        0.00
     0     5      820.00      633.00        0.00
     0     5      816.00      627.00        0.00
     0     5      812.00      621.00        0.00
     0     5      810.00      615.00        0.00
     0     5      808.00      609.00        0.00
     0     5      804.00      605.00        0.00
     0     5      800.00      599.00        0.00
     0     5      796.00      595.00        0.00
     0     5      792.00      591.00        0.00
     0     5      788.00      587.00        0.00
     0     5      782.00      583.00        0.00
     0     5      778.00      579.00        0.00
     0     5      774.00      575.00        0.00
     0     5      770.00      569.00        0.00
     0     5      766.00      563.00        0.00
     0     5      770.00      559.00        0.00
     0     5      776.00      557.00        0.00
     0     5      782.00      557.00        0.00
     0     5      788.00      555.00        0.00
     0     5      794.00      555.00        0.00
     0     5      800.00      553.00        0.00
     0     5      806.00      553.00        0.00
     0     5      812.00      553.00        0.00
     0     5      818.00      555.00        0.00
     0     5      824.00      557.00        0.00
     0     5      830.00      557.00        0.00
     0     5      836.00      557.00        0.00
     0     5      842.00      557.00        0.00
     0     5      848.00      557.00        0.00
     0     5      854.00      557.00        0.00
     0     5      860.00      557.00        0.00
     0     5      866.00      557.00        0.00
     0     5      872.00      555.00        0.00
     0     5      880.00      553.00        0.00
     0     5      886.00      549.00        0.00
     0     5      894.00      545.00        0.00
     0     5      900.00      541.00        0.00
     0     5      906.00      539.00        0.00
     0     5      912.00      535.00        0.00
     0     5      918.00      531.00        0.00
     0     5      924.00      529.00        0.00
     0     5      930.00      525.00        0.00
     0     5      938.00      521.00        0.00
     0     5      944.00      519.00        0.00
     0     5      950.00      517.00        0.00
     0     5      954.00      513.00        0.00
     0     5      962.00      509.00        0.00
     0     5      968.00      507.00        0.00
     0     5      974.00      505.00        0.00
     0     5     1028.00      463.00        0.00
     0     5     1032.00      459.00        0.00
     0     5     1038.00      455.00        0.00
     0     5     1042.00      451.00        0.00
     0     5     1048.00      447.00        0.00
     0     5     1054.00      445.00        0.00
     0     5     1058.00      439.00        0.00
     0     5     1064.00      435.00        0.00
     0     5     1068.00      431.00        0.00
     0     5     1072.00      427.00        0.00
     0     5     1076.00      423.00        0.00
     0     5     1080.00      417.00        0.00
     0     5     1084.00      413.00        0.00
     0     5     1088.00      407.00        0.00
     0     5     1092.00      403.00        0.00
     0     5     1096.00      399.00        0.00
     0     5     1100.00      393.00        0.00
     0     5     1104.00      389.00        0.00
     0     5     1108.00      385.00        0.00
     0     5     1110.00      379.00        0.00
     0     5     1116.00      375.00        0.00
     0     5     1120.00      369.00        0.00
     0     5     1124.00      365.00        0.00
     0     5     1128.00      359.00        0.00
     0     5     1132.00      353.00        0.00
     0     5     1136.00      347.00        0.00
     0     5     1138.00      341.00        0.00
     0     5     1140.00      335.00        0.00
     0     5     1140.00      329.00        0.00
     0     5     1142.00      323.00        0.00
     0     5     1142.00      317.00        0.00
     0     5     1144.00      311.00        0.00
     0     5     1146.00      305.00        0.00
     0     5     1150.00      299.00        0.00
     0     5     1154.00      295.00        0.00
     0     5     1160.00      293.00        0.00
     0     5     1166.00      291.00        0.00
     0     5     1172.00      291.00        0.00
     0     5     1178.00      291.00        0.00
     0     5     1184.00      295.00        0.00
     0     5     1186.00      301.00        0.00
     0     5     1186.00      309.00        0.00
     0     5     1182.00      313.00        0.00
     0     5     1180.00      319.00        0.00
     0     5     1176.00      325.00        0.00
     0     5     1174.00      331.00        0.00
     0     5     1174.00      337.00        0.00
     0     5     1172.00      343.00        0.00
     0     5     1170.00      349.00        0.00
     0     5     1168.00      355.00        0.00
     0     5     1164.00      361.00        0.00
     0     5     1160.00      367.00        0.00
     0     5     1156.00      371.00        0.00
     0     5     1152.00      377.00        0.00
     0     5     1148.00      381.00        0.00
     0     5     1144.00      387.00        0.00
     0     5     1140.00      391.00        0.00
     0     5     1134.00      395.00        0.00
     0     5     1128.00      399.00        0.00
     0     5     1124.00      403.00        0.00
     0     5     1118.00      407.00        0.00
     0     5     1114.00      411.00        0.00
     0     5     1108.00      415.00        0.00
     0     5     1104.00      419.00        0.00
     0     5     1100.00      425.00        0.00
     0     5     1096.00      429.00        0.00
     0     5     1092.00      433.00        0.00
     0     5     1088.00      437.00        0.00
     0     5     1082.00      441.00        0.00
     0     5     1078.00      445.00        0.00
     0     5     1074.00      451.00        0.00
     0     5     1070.00      455.00        0.00
     0     5     1066.00      461.00        0.00
     0     5     1064.00      467.00        0.00
     0     5     1060.00      471.00        0.00
     0     5     1056.00      475.00        0.00
     0     5     1054.00      481.00        0.00
     0     6     1632.00      485.00        0.00
     0     6     1622.00      489.00        0.00
     0     6     1616.00      491.00        0.00
     0     6     1610.00      493.00        0.00
     0     6     1602.00      495.00        0.00
     0     6     1594.00      495.00        0.00
     0     6     1588.00      497.00        0.00
     0     6     1578.00      497.00        0.00
     0     6     1572.00      497.00        0.00
     0     6     1564.00      497.00        0.00
     0     6     1558.00      499.00        0.00
     0     6     1552.00      499.00        0.00
     0     6     1544.00      501.00        0.00
     0     6     1536.00      503.00        0.00
     0     6     1528.00      505.00        0.00
     0     6     1518.00      505.00        0.00
     0     6     1510.00      505.00        0.00
     0     6     1504.00      507.00        0.00
     0     6     1498.00      509.00        0.00
     0     6     1492.00      509.00        0.00
     0     6     1492.00      501.00        0.00
     0     6     1498.00      495.00        0.00
     0     6     1504.00      489.00        0.00
     0     6     1508.00      485.00        0.00
     0     6     1510.00      479.00        0.00
     0     6     1510.00      473.00        0.00
     0     6     1512.00      467.00        0.00
     0     6     1508.00      463.00        0.00
     0     6     1514.00      459.00        0.00
     0     6     1522.00      457.00        0.00
     0     6     1530.00      455.00        0.00
     0     6     1536.00      453.00        0.00
     0     6     1542.00      453.00        0.00
     0     6     1548.00      451.00        0.00
     0     6     1556.00      449.00        0.00
     0     6     1562.00      447.00        0.00
     0     6     1568.00      445.00        0.00
     0     6     1574.00      441.00        0.00
     0     6     1580.00      439.00        0.00
     0     6     1586.00      437.00        0.00
     0     6     1590.00      433.00        0.00
     0     6     1596.00      431.00        0.00
     0     6     1602.00      429.00        0.00
     0     6     1608.00      427.00        0.00
     0     6     1614.00      425.00        0.00
     0     6     1622.00      425.00        0.00
     0     6     1630.00      423.00        0.00
     0     6     1636.00      423.00        0.00
     0     6     1642.00      423.00        0.00
     0     6     1648.00      421.00        0.00
     0     6     1654.00      421.00        0.00
     0     6     1660.00      419.00        0.00
     0     6     1668.00      417.00        0.00
     0     6     1676.00      413.00        0.00
     0     6     1682.00      413.00        0.00
     0     6     1688.00      409.00        0.00
     0     6     1696.00      407.00        0.00
     0     6     1702.00      405.00        0.00
     0     6     1708.00      403.00        0.00
     0     6     1714.00      401.00        0.00
     0     6     1720.00      399.00        0.00
     0     6     1728.00      397.00        0.00
     0     6     1734.00      395.00        0.00
     0     6     1740.00      395.00        0.00
     0     6     1746.00      395.00        0.00
     0     6     1752.00      395.00        0.00
     0     6     1758.00      395.00        0.00
     0     6     1764.00      397.00        0.00
     0     6     1770.00      399.00        0.00
     0     6     1776.00      403.00        0.00
     0     6     1780.00      407.00        0.00
     0     6     1782.00      413.00        0.00
     0     6     1784.00      419.00        0.00
     0     6     1786.00      425.00        0.00
     0     6     1786.00      431.00        0.00
     0     6     1786.00      439.00        0.00
     0     6     1784.00      445.00        0.00
     0     6     1780.00      451.00        0.00
     0     6     1776.00      455.00        0.00
     0     6     1772.00      459.00        0.00
     0     6     1768.00      463.00        0.00
     0     6     1760.00      465.00        0.00
     0     6     1754.00      465.00        0.00
     0     6     1748.00      465.00        0.00
     0     6     1742.00      465.00        0.00
     0     6     1736.00      465.00        0.00
     0     6     1730.00      465.00        0.00
     0     6     1724.00      465.00        0.00
     0     6     1718.00      465.00        0.00
     0     6     1712.00      465.00        0.00
     0     6     1706.00      465.00        0.00
     0     6     1700.00      465.00        0.00
     0     6     1694.00      467.00        0.00
     0     7     1738.00      645.00        0.00
     0     7     1718.00      647.00        0.00
     0     7     1710.00      647.00        0.00
     0     7     1704.00      647.00        0.00
     0     7     1694.00      647.00        0.00
     0     7     1686.00      649.00        0.00
     0     7     1678.00      649.00        0.00
     0     7     1672.00      649.00        0.00
     0     7     1666.00      649.00        0.00
     0     7     1658.00      651.00        0.00
     0     7     1652.00      653.00        0.00
     0     7     1646.00      655.00        0.00
     0     7     1638.00      657.00        0.00
     0     7     1632.00      661.00        0.00
     0     7     1624.00      665.00        0.00
     0     7     1618.00      669.00        0.00
     0     7     1612.00      671.00        0.00
     0     7     1606.00      675.00        0.00
     0     7     1600.00      677.00        0.00
     0     7     1596.00      681.00        0.00
     0     7     1588.00      685.00        0.00
     0     7     1584.00      689.00        0.00
     0     7     1578.00      695.00        0.00
     0     7     1572.00      697.00        0.00
     0     7     1566.00      699.00        0.00
     0     7     1560.00      703.00        0.00
     0     7     1554.00      705.00        0.00
     0     7     1548.00      707.00        0.00
     0     7     1542.00      709.00        0.00
     0     7     1534.00      711.00        0.00
     0     7     1526.00      711.00        0.00
     0     7     1520.00      711.00        0.00
     0     7     1514.00      709.00        0.00
     0     7     1510.00      705.00        0.00
     0     7     1506.00      701.00        0.00
     0     7     1504.00      693.00        0.00
     0     7     1504.00      687.00        0.00
     0     7     1504.00      681.00        0.00
     0     7     1504.00      675.00        0.00
     0     7     1506.00      669.00        0.00
     0     7     1510.00      665.00        0.00
     0     7     1514.00      661.00        0.00
     0     7     1520.00      657.00        0.00
     0     7     1524.00      653.00        0.00
     0     7     1530.00      649.00        0.00
     0     7     1534.00      643.00        0.00
     0     7     1540.00      639.00        0.00
     0     7     1548.00      635.00        0.00
     0     7     1556.00      631.00        0.00
     0     7     1562.00      627.00        0.00
     0     7     1566.00      623.00        0.00
     0     7     1572.00      621.00        0.00
     0     7     1578.00      617.00        0.00
     0     7     1584.00      613.00        0.00
     0     7     1588.00      609.00        0.00
     0     7     1594.00      607.00        0.00
     0     7     1598.00      603.00        0.00
     0     7     1604.00      601.00        0.00
     0     7     1610.00      597.00        0.00
     0     7     1618.00      595.00        0.00
     0     7     1624.00      593.00        0.00
     0     7     1632.00      591.00        0.00
     0     7     1638.00      589.00        0.00
     0     7     1644.00      587.00        0.00
     0     7     1650.00      585.00        0.00
     0     7     1658.00      583.00        0.00
     0     7     1668.00      579.00        0.00
     0     7     1674.00      577.00        0.00
     0     7     1680.00      573.00        0.00
     0     7     1688.00      573.00        0.00
     0     7     1694.00      571.00        0.00
     0     7     1702.00      569.00        0.00
     0     7     1712.00      569.00        0.00
     0     7     1718.00      569.00        0.00
     0     7     1726.00      569.00        0.00
     0     7     1732.00      567.00        0.00
     0     7     1738.00      567.00        0.00
     0     7     1744.00      567.00        0.00
     0     7     1750.00      567.00        0.00
     0     7     1756.00      567.00        0.00
     0     7     1762.00      565.00        0.00
     0     7     1770.00      565.00        0.00
     0     7     1776.00      563.00        0.00
     0     7     1782.00      561.00        0.00
     0     7     1788.00      559.00        0.00
     0     7     1794.00      557.00        0.00
     0     7     1800.00      555.00        0.00
     0     7     1806.00      553.00        0.00
     0     7     1812.00      551.00        0.00
     0     7     1818.00      549.00        0.00
     0     7     1824.00      547.00        0.00
     0     7     1830.00      547.00        0.00
     0     7     1836.00      547.00        0.00
     0     7     1842.00      553.00        0.00
     0     7     1846.00      557.00        0.00
     0     7     1848.00      563.00        0.00
     0     7     1850.00      569.00        0.00
     0     7     1852.00      575.00        0.00
     0     7     1852.00      581.00        0.00
     0     7     1852.00      587.00        0.00
     0     7     1848.00      593.00        0.00
     0     7     1844.00      599.00        0.00
     0     7     1838.00      601.00        0.00
     0     7     1832.00      603.00        0.00
     0     7     1826.00      603.00        0.00
     0     8       86.00      567.00        0.00
     0     8       86.00      573.00        0.00
     0     8       86.00      579.00        0.00
     0     8       86.00      585.00        0.00
     0     8       84.00      591.00        0.00
     0     8       82.00      597.00        0.00
     0     8       82.00      603.00        0.00
     0     8       80.00      609.00        0.00
     0     8       80.00      615.00        0.00
     0     8       80.00      621.00        0.00
     0     8       80.00      627.00        0.00
     0     8       80.00      633.00        0.00
     0     8       80.00      639.00        0.00
     0     8       80.00      645.00        0.00
     0     8       80.00      651.00        0.00
     0     8       80.00      657.00        0.00
     0     8       80.00      665.00        0.00
     0     8       82.00      673.00        0.00
     0     8       82.00      679.00        0.00
     0     8       82.00      685.00        0.00
     0     8       82.00      691.00        0.00
     0     8       82.00      697.00        0.00
     0     8       82.00      703.00        0.00
     0     8       82.00      709.00        0.00
     0     8       80.00      715.00        0.00
     0     8       78.00      721.00        0.00
     0     8       74.00      727.00        0.00
     0     8       72.00      733.00        0.00
     0     8       70.00      739.00        0.00
     0     8       68.00      745.00        0.00
     0     8       66.00      751.00        0.00
     0     8       64.00      757.00        0.00
     0     8       64.00      763.00        0.00
     0     8       60.00      769.00        0.00
     0     8       60.00      775.00        0.00
     0     8       58.00      781.00        0.00
     0     8       56.00      787.00        0.00
     0     8       54.00      793.00        0.00
     0     8       50.00      799.00        0.00
     0     8       48.00      805.00        0.00
     0     8       46.00      811.00        0.00
     0     8       42.00      815.00        0.00
     0     8       40.00      821.00        0.00
     0     8       36.00      825.00        0.00
     0     8       30.00      833.00        0.00
     0     8       26.00      837.00        0.00
     0     8       22.00      843.00        0.00
     0     8       18.00      849.00        0.00
     0     8       18.00      855.00        0.00
     0     8       18.00      861.00        0.00
     0     8       18.00      867.00        0.00
     0     8       18.00      873.00        0.00
     0     8       18.00      879.00        0.00
     0     8       24.00      883.00        0.00
     0     8       28.00      887.00        0.00
     0     8       34.00      889.00        0.00
     0     8       40.00      889.00        0.00
     0     8       46.00      889.00        0.00
     0     8       52.00      889.00        0.00
     0     8       58.00      885.00        0.00
     0     8       62.00      881.00        0.00
     0     8       64.00      875.00        0.00
     0     8       66.00      869.00        0.00
     0     8       70.00      863.00        0.00
     0     8       72.00      857.00        0.00
     0     8       76.00      851.00        0.00
     0     8       80.00      845.00        0.00
     0     8       84.00      841.00        0.00
     0     8       84.00      833.00        0.00
     0     8       86.00      827.00        0.00
     0     8       86.00      821.00        0.00
     0     8       86.00      813.00        0.00
     0     8       86.00      807.00        0.00
     0     8       86.00      801.00        0.00
     0     8       88.00      795.00        0.00
     0     8       88.00      789.00        0.00
     0     8       90.00      781.00        0.00
     0     8       90.00      775.00        0.00
     0     8       90.00      769.00        0.00
     0     8       92.00      763.00        0.00
     0     8       94.00      755.00        0.00
     0     8       96.00      749.00        0.00
     0     8       98.00      743.00        0.00
     0     8      100.00      737.00        0.00
     0     8      102.00      729.00        0.00
     0     8      104.00      721.00        0.00
     0     8      106.00      715.00        0.00
     0     8      108.00      709.00        0.00
     0     8      110.00      703.00        0.00
     0     8      112.00      695.00        0.00
     0     8      112.00      689.00        0.00
     0     8      112.00      683.00        0.00
     0     8      112.00      677.00        0.00
     0     8      112.00      671.00        0.00
     0     8      112.00      665.00        0.00
     0     8      112.00      659.00        0.00
     0     8      112.00      651.00        0.00
     0     8      112.00      643.00        0.00
     0     8      112.00      637.00        0.00
     0     8      110.00      631.00        0.00
     0     8      110.00      625.00        0.00
     0     8      110.00      619.00        0.00
     0     8      110.00      613.00        0.00
     0     8      112.00      605.00        0.00
     0     8      112.00      599.00        0.00
     0     8      112.00      593.00        0.00
     0     8      112.00      587.00        0.00
     0     8      114.00      581.00        0.00
     0     8      114.00      575.00        0.00
     0     8      114.00      569.00        0.00
     0     8      114.00      563.00        0.00
     0     8      116.00      557.00        0.00
     0     8      116.00      551.00        0.00
     0     8      118.00      545.00        0.00
     0     8      118.00      539.00        0.00
     0     8      116.00      547.00        0.00
     0     8      110.00      549.00        0.00
     0     8      104.00      549.00        0.00
     0     8       98.00      547.00        0.00
     0     9      248.00      507.00        0.00
     0     9      244.00      515.00        0.00
     0     9      240.00      519.00        0.00
     0     9      234.00      521.00        0.00
     0     9      228.00      521.00        0.00
     0     9      222.00      521.00        0.00
     0     9      216.00      521.00        0.00
     0     9      210.00      523.00        0.00
     0     9      204.00      523.00        0.00
     0     9      198.00      521.00        0.00
     0     9      192.00      517.00        0.00
     0     9      188.00      511.00        0.00
     0     9      188.00      503.00        0.00
     0     9      190.00      497.00        0.00
     0     9      194.00      489.00        0.00
     0     9      198.00      481.00        0.00
     0     9      198.00      475.00        0.00
     0     9      200.00      469.00        0.00
     0     9      202.00      463.00        0.00
     0     9      206.00      457.00        0.00
     0     9      208.00      451.00        0.00
     0     9      210.00      445.00        0.00
     0     9      210.00      439.00        0.00
     0     9      210.00      433.00        0.00
     0     9      210.00      427.00        0.00
     0     9      210.00      421.00        0.00
     0     9      208.00      413.00        0.00
     0     9      208.00      405.00        0.00
     0     9      208.00      399.00        0.00
     0     9      208.00      391.00        0.00
     0     9      206.00      383.00        0.00
     0     9      206.00      377.00        0.00
     0     9      204.00      369.00        0.00
     0     9      204.00      361.00        0.00
     0     9      202.00      355.00        0.00
     0     9      202.00      349.00        0.00
     0     9      200.00      341.00        0.00
     0     9      198.00      335.00        0.00
     0     9      198.00      329.00        0.00
     0     9      194.00      325.00        0.00
     0     9      190.00      317.00        0.00
     0     9      188.00      311.00        0.00
     0     9      186.00      305.00        0.00
     0     9      184.00      299.00        0.00
     0     9      180.00      293.00        0.00
     0     9      178.00      287.00        0.00
     0     9      182.00      295.00        0.00
     0     9      186.00      301.00        0.00
     0     9      188.00      309.00        0.00
     0     9      190.00      317.00        0.00
     0     9      194.00      321.00        0.00
     0     9      196.00      327.00        0.00
     0     9      200.00      333.00        0.00
     0     9      200.00      339.00        0.00
     0     9      202.00      345.00        0.00
     0     9      206.00      351.00        0.00
     0     9      210.00      355.00        0.00
     0     9      212.00      361.00        0.00
     0     9      216.00      365.00        0.00
     0     9      220.00      369.00        0.00
     0     9      226.00      373.00        0.00
     0     9      230.00      377.00        0.00
     0     9      236.00      379.00        0.00
     0     9      240.00      383.00        0.00
     0     9      246.00      387.00        0.00
     0     9      252.00      391.00        0.00
     0     9      256.00      397.00        0.00
     0     9      262.00      401.00        0.00
     0     9      266.00      405.00        0.00
     0     9      268.00      411.00        0.00
     0     9      268.00      417.00        0.00
     0     9      266.00      423.00        0.00
     0     9      266.00      429.00        0.00
     0     9      266.00      435.00        0.00
     0     9      264.00      441.00        0.00
     0     9      264.00      447.00        0.00
     0     9      262.00      453.00        0.00
     0     9      262.00      459.00        0.00
     0    10        8.00      793.00        0.00
     0    10       10.00      787.00        0.00
     0    10       14.00      781.00        0.00
     0    10       16.00      775.00        0.00
     0    10       20.00      767.00        0.00
     0    10       24.00      763.00        0.00
     0    10       28.00      755.00        0.00
     0    10       32.00      749.00        0.00
     0    10       36.00      745.00        0.00
     0    10       38.00      739.00        0.00
     0    10       42.00      735.00        0.00
     0    10       44.00      729.00        0.00
     0    10       48.00      725.00        0.00
     0    10       52.00      719.00        0.00
     0    10       56.00      715.00        0.00
     0    10       60.00      711.00        0.00
     0    10       64.00      707.00        0.00
     0    10       70.00      703.00        0.00
     0    10       76.00      699.00        0.00
     0    10       82.00      695.00        0.00
     0    10       88.00      691.00        0.00
     0    10       94.00      687.00        0.00
     0    10      100.00      683.00        0.00
     0    10      106.00      679.00        0.00
     0    10      112.00      677.00        0.00
     0    10      116.00      673.00        0.00
     0    10      122.00      669.00        0.00
     0    10      128.00      667.00        0.00
     0    10      134.00      667.00        0.00
     0    10      144.00      665.00        0.00
     0    10      150.00      663.00        0.00
     0    10      158.00      661.00        0.00
     0    10      166.00      659.00        0.00
     0    10      172.00      657.00        0.00
     0    10      178.00      657.00        0.00
     0    10      184.00      655.00        0.00
     0    10      190.00      651.00        0.00
     0    10      196.00      649.00        0.00
     0    10      200.00      645.00        0.00
     0    10      204.00      641.00        0.00
     0    10      210.00      637.00        0.00
     0    10      214.00      633.00        0.00
     0    10      220.00      631.00        0.00
     0    10      224.00      627.00        0.00
     0    10      232.00      623.00        0.00
     0    10      240.00      619.00        0.00
     0    10      246.00      617.00        0.00
     0    10      252.00      613.00        0.00
     0    10      258.00      611.00        0.00
     0    10      264.00      607.00        0.00
     0    10      270.00      605.00        0.00
     0    10      274.00      601.00        0.00
     0    10      280.00      597.00        0.00
     0    10      284.00      591.00        0.00
     0    10      288.00      587.00        0.00
     0    10      292.00      583.00        0.00
     0    10      296.00      577.00        0.00
     0    10      300.00      573.00        0.00
     0    10      306.00      571.00        0.00
     0    10      312.00      569.00        0.00
     0    10      318.00      565.00        0.00
     0    10      324.00      563.00        0.00
     0    10      332.00      563.00        0.00
     0    10      338.00      561.00        0.00
     0    10      344.00      561.00        0.00
     0    10      350.00      559.00        0.00
     0    10      358.00      557.00        0.00
     0    10      364.00      555.00        0.00
     0    10      358.00      555.00        0.00
     0    10      350.00      557.00        0.00
     0    10      344.00      559.00        0.00
     0    10      338.00      561.00        0.00
     0    10      332.00      565.00        0.00
     0    10      326.00      567.00        0.00
     0    10      320.00      569.00        0.00
     0    10      312.00      569.00        0.00
     0    10      306.00      571.00        0.00
     0    10      300.00      571.00        0.00
     0    10      294.00      571.00        0.00
     0    10      288.00      569.00        0.00
     0    10      282.00      569.00        0.00
     0    10      278.00      565.00        0.00
     0    10      272.00      563.00        0.00
     0    10      266.00      559.00        0.00
     0    10      262.00      555.00        0.00
     0    10      258.00      551.00        0.00
     0    10      254.00      547.00        0.00
     0    10      252.00      541.00        0.00
     0    10      252.00      535.00        0.00
     0    10      252.00      529.00        0.00
     0    10      248.00      525.00        0.00
     0    10      246.00      519.00        0.00
     0    10      240.00      517.00        0.00
     0    10      234.00      517.00        0.00
     0    10      228.00      519.00        0.00
     0    10      222.00      521.00        0.00
     0    10      214.00      523.00        0.00
     0    10      206.00      523.00        0.00
     0    10      200.00      523.00        0.00
     0    10      194.00      523.00        0.00
     0    10      188.00      519.00        0.00
     0    10      182.00      517.00        0.00
     0    10      176.00      515.00        0.00
     0    10      170.00      517.00        0.00
     0    10      166.00      521.00        0.00
     0    10      160.00      525.00        0.00
     0    10      154.00      529.00        0.00
     0    10      148.00      533.00        0.00
     0    10      144.00      537.00        0.00
     0    10      138.00      545.00        0.00
     0    10      136.00      551.00        0.00
     0    10      132.00      559.00        0.00
     0    10      130.00      565.00        0.00
     0    10      128.00      571.00        0.00
     0    10      126.00      577.00        0.00
     0    10      126.00      583.00        0.00
     0    10      124.00      589.00        0.00
     0    10      124.00      595.00        0.00
     0    10      124.00      603.00        0.00
     0    10      124.00      609.00        0.00
     0    10      124.00      615.00        0.00
     0    10      122.00      621.00        0.00
     0    10      122.00      629.00        0.00
     0    10      122.00      635.00        0.00
     0    10      120.00      641.00        0.00
     0    10      120.00      647.00        0.00
     0    10      120.00      653.00        0.00
     0    10      118.00      659.00        0.00
     0    10      118.00      665.00        0.00
     0    10      118.00      671.00        0.00
     0    10      114.00      675.00        0.00
     0    10      110.00      679.00        0.00
     0    10      106.00      683.00        0.00
     0    10      102.00      687.00        0.00
     0    10       98.00      691.00        0.00
     0    10       94.00      695.00        0.00
     0    10       90.00      699.00        0.00
     0    10       84.00      703.00        0.00
     0    10       76.00      705.00        0.00
     0    10       70.00      707.00        0.00
     0    10       64.00      709.00        0.00
     0    10       58.00      713.00        0.00
     0    10       54.00      717.00        0.00
     0    10       50.00      721.00        0.00
     0    10       46.00      725.00        0.00
     0    10       40.00      729.00        0.00
