     0     0      532.00     1357.00        0.00
     0     0      526.00     1359.00        0.00
     0     0      522.00     1363.00        0.00
     0     0      518.00     1367.00        0.00
     0     0      514.00     1373.00        0.00
     0     0      510.00     1377.00        0.00
     0     0      506.00     1381.00        0.00
     0     0      502.00     1385.00        0.00
     0     0      498.00     1389.00        0.00
     0     0      496.00     1395.00        0.00
     0     0      492.00     1399.00        0.00
     0     0      488.00     1405.00        0.00
     0     0      486.00     1411.00        0.00
     0     0      480.00     1415.00        0.00
     0     0      474.00     1417.00        0.00
     0     0      468.00     1417.00        0.00
     0     0      462.00     1417.00        0.00
     0     0      456.00     1417.00        0.00
     0     0      450.00     1417.00        0.00
     0     0      442.00     1415.00        0.00
     0     0      436.00     1415.00        0.00
     0     0      430.00     1413.00        0.00
     0     0      424.00     1411.00        0.00
     0     0      422.00     1405.00        0.00
     0     0      420.00     1399.00        0.00
     0     0      418.00     1393.00        0.00
     0     0      416.00     1387.00        0.00
     0     0      416.00     1381.00        0.00
     0     0      414.00     1375.00        0.00
     0     0      414.00     1369.00        0.00
     0     0      420.00     1363.00        0.00
     0     0      426.00     1361.00        0.00
     0     0      432.00     1359.00        0.00
     0     0      438.00     1355.00        0.00
     0     0      444.00     1351.00        0.00
     0     0      450.00     1347.00        0.00
     0     0      454.00     1343.00        0.00
     0     0      458.00     1337.00        0.00
     0     0      462.00     1333.00        0.00
     0     0      466.00     1327.00        0.00
     0     0      470.00     1323.00        0.00
     0     0      474.00     1317.00        0.00
     0     0      478.00     1313.00        0.00
     0     0      482.00     1309.00        0.00
     0     0      488.00     1305.00        0.00
     0     0      494.00     1301.00        0.00
     0     0      502.00     1297.00        0.00
     0     0      508.00     1293.00        0.00
     0     0      514.00     1289.00        0.00
     0     0      520.00     1285.00        0.00
     0     0      526.00     1281.00        0.00
     0     0      532.00     1277.00        0.00
     0     0      536.00     1273.00        0.00
     0     0      542.00     1267.00        0.00
     0     0      548.00     1265.00        0.00
     0     0      552.00     1261.00        0.00
     0     0      556.00     1257.00        0.00
     0     0      562.00     1251.00        0.00
     0     0      566.00     1247.00        0.00
     0     0      570.00     1243.00        0.00
     0     0      576.00     1241.00        0.00
     0     0      582.00     1239.00        0.00
     0     0      584.00     1245.00        0.00
     0     0      584.00     1253.00        0.00
     0     0      584.00     1259.00        0.00
     0     0      586.00     1265.00        0.00
     0     0      592.00     1265.00        0.00
     0     0      592.00     1273.00        0.00
     0     0      590.00     1279.00        0.00
     0     0      588.00     1287.00        0.00
     0     0      586.00     1295.00        0.00
     0     0      582.00     1301.00        0.00
     0     0      578.00     1307.00        0.00
     0     0      574.00     1313.00        0.00
     0     0      570.00     1317.00        0.00
     0     0      566.00     1321.00        0.00
     0     1      502.00     1095.00        0.00
     0     1      496.00     1095.00        0.00
     0     1      490.00     1095.00        0.00
     0     1      484.00     1095.00        0.00
     0     1      478.00     1095.00        0.00
     0     1      472.00     1095.00        0.00
     0     1      466.00     1095.00        0.00
     0     1      460.00     1093.00        0.00
     0     1      454.00     1089.00        0.00
     0     1      452.00     1083.00        0.00
     0     1      450.00     1077.00        0.00
     0     1      446.00     1071.00        0.00
     0     1      442.00     1067.00        0.00
     0     1      436.00     1065.00        0.00
     0     1      430.00     1061.00        0.00
     0     1      424.00     1059.00        0.00
     0     1      418.00     1057.00        0.00
     0     1      412.00     1057.00        0.00
     0     1      406.00     1055.00        0.00
     0     1      400.00     1053.00        0.00
     0     1      394.00     1053.00        0.00
     0     1      386.00     1053.00        0.00
     0     1      380.00     1051.00        0.00
     0     1      374.00     1049.00        0.00
     0     1      368.00     1049.00        0.00
     0     1      362.00     1047.00        0.00
     0     1      356.00     1047.00        0.00
     0     1      352.00     1043.00        0.00
     0     1      348.00     1039.00        0.00
     0     1      348.00     1033.00        0.00
     0     1      348.00     1027.00        0.00
     0     1      354.00     1023.00        0.00
     0     1      360.00     1021.00        0.00
     0     1      366.00     1021.00        0.00
     0     1      372.00     1021.00        0.00
     0     1      378.00     1021.00        0.00
     0     1      384.00     1023.00        0.00
     0     1      392.00     1025.00        0.00
     0     1      398.00     1027.00        0.00
     0     1      404.00     1027.00        0.00
     0     1      412.00     1027.00        0.00
     0     1      418.00     1029.00        0.00
     0     1      424.00     1029.00        0.00
     0     1      430.00     1029.00        0.00
     0     1      436.00     1029.00        0.00
     0     1      442.00     1029.00        0.00
     0     1      448.00     1031.00        0.00
     0     1      454.00     1031.00        0.00
     0     1      462.00     1031.00        0.00
     0     1      468.00     1033.00        0.00
     0     1      474.00     1033.00        0.00
     0     1      484.00     1035.00        0.00
     0     1      492.00     1037.00        0.00
     0     1      500.00     1039.00        0.00
     0     1      506.00     1041.00        0.00
     0     1      512.00     1043.00        0.00
     0     1      520.00     1045.00        0.00
     0     1      526.00     1047.00        0.00
     0     1      532.00     1049.00        0.00
     0     1      538.00     1051.00        0.00
     0     1      544.00     1053.00        0.00
     0     1      548.00     1057.00        0.00
     0     1      554.00     1059.00        0.00
     0     1      560.00     1059.00        0.00
     0     1      566.00     1059.00        0.00
     0     1      572.00     1059.00        0.00
     0     1      578.00     1059.00        0.00
     0     1      584.00     1059.00        0.00
     0     1      590.00     1059.00        0.00
     0     1      598.00     1059.00        0.00
     0     1      604.00     1061.00        0.00
     0     1      610.00     1061.00        0.00
     0     1      618.00     1063.00        0.00
     0     1      624.00     1065.00        0.00
     0     1      630.00     1069.00        0.00
     0     1      636.00     1073.00        0.00
     0     1      640.00     1077.00        0.00
     0     1      646.00     1081.00        0.00
     0     1      650.00     1087.00        0.00
     0     1      650.00     1093.00        0.00
     0     1      646.00     1099.00        0.00
     0     1      640.00     1099.00        0.00
     0     1      634.00     1099.00        0.00
     0     1      628.00     1099.00        0.00
     0     1      622.00     1099.00        0.00
     0     1      616.00     1099.00        0.00
     0     1      610.00     1099.00        0.00
     0     1      604.00     1099.00        0.00
     0     1      598.00     1099.00        0.00
     0     1      592.00     1097.00        0.00
     0     1      586.00     1097.00        0.00
     0     1      580.00     1097.00        0.00
     0     2     1292.00     1309.00        0.00
     0     2     1288.00     1297.00        0.00
     0     2     1284.00     1293.00        0.00
     0     2     1280.00     1289.00        0.00
     0     2     1276.00     1285.00        0.00
     0     2     1272.00     1281.00        0.00
     0     2     1266.00     1277.00        0.00
     0     2     1262.00     1273.00        0.00
     0     2     1258.00     1269.00        0.00
     0     2     1254.00     1265.00        0.00
     0     2     1248.00     1261.00        0.00
     0     2     1244.00     1257.00        0.00
     0     2     1238.00     1255.00        0.00
     0     2     1234.00     1251.00        0.00
     0     2     1230.00     1247.00        0.00
     0     2     1224.00     1245.00        0.00
     0     2     1220.00     1241.00        0.00
     0     2     1216.00     1237.00        0.00
     0     2     1214.00     1231.00        0.00
     0     2     1212.00     1223.00        0.00
     0     2     1210.00     1217.00        0.00
     0     2     1208.00     1209.00        0.00
     0     2     1206.00     1199.00        0.00
     0     2     1204.00     1193.00        0.00
     0     2     1202.00     1185.00        0.00
     0     2     1200.00     1177.00        0.00
     0     2     1198.00     1169.00        0.00
     0     2     1198.00     1163.00        0.00
     0     2     1194.00     1157.00        0.00
     0     2     1192.00     1149.00        0.00
     0     2     1190.00     1143.00        0.00
     0     2     1188.00     1137.00        0.00
     0     2     1186.00     1131.00        0.00
     0     2     1184.00     1125.00        0.00
     0     2     1182.00     1119.00        0.00
     0     2     1180.00     1113.00        0.00
     0     2     1178.00     1107.00        0.00
     0     2     1178.00     1101.00        0.00
     0     2     1184.00     1101.00        0.00
     0     2     1190.00     1101.00        0.00
     0     2     1196.00     1105.00        0.00
     0     2     1200.00     1109.00        0.00
     0     2     1204.00     1115.00        0.00
     0     2     1208.00     1119.00        0.00
     0     2     1212.00     1123.00        0.00
     0     2     1216.00     1127.00        0.00
     0     2     1222.00     1133.00        0.00
     0     2     1226.00     1137.00        0.00
     0     2     1228.00     1143.00        0.00
     0     2     1232.00     1147.00        0.00
     0     2     1236.00     1153.00        0.00
     0     2     1238.00     1159.00        0.00
     0     2     1240.00     1167.00        0.00
     0     2     1242.00     1173.00        0.00
     0     2     1244.00     1179.00        0.00
     0     2     1246.00     1185.00        0.00
     0     2     1248.00     1191.00        0.00
     0     2     1250.00     1197.00        0.00
     0     2     1252.00     1203.00        0.00
     0     2     1254.00     1209.00        0.00
     0     2     1256.00     1215.00        0.00
     0     2     1256.00     1221.00        0.00
     0     2     1260.00     1227.00        0.00
     0     2     1262.00     1235.00        0.00
     0     2     1264.00     1241.00        0.00
     0     2     1268.00     1245.00        0.00
     0     2     1270.00     1251.00        0.00
     0     2     1270.00     1257.00        0.00
     0     2     1270.00     1263.00        0.00
     0     3     1342.00     1287.00        0.00
     0     3     1340.00     1275.00        0.00
     0     3     1340.00     1269.00        0.00
     0     3     1340.00     1263.00        0.00
     0     3     1338.00     1257.00        0.00
     0     3     1336.00     1251.00        0.00
     0     3     1334.00     1245.00        0.00
     0     3     1330.00     1241.00        0.00
     0     3     1326.00     1235.00        0.00
     0     3     1322.00     1229.00        0.00
     0     3     1318.00     1225.00        0.00
     0     3     1316.00     1217.00        0.00
     0     3     1312.00     1211.00        0.00
     0     3     1308.00     1203.00        0.00
     0     3     1306.00     1197.00        0.00
     0     3     1302.00     1193.00        0.00
     0     3     1298.00     1187.00        0.00
     0     3     1294.00     1183.00        0.00
     0     3     1290.00     1179.00        0.00
     0     3     1286.00     1175.00        0.00
     0     3     1280.00     1173.00        0.00
     0     3     1274.00     1167.00        0.00
     0     3     1270.00     1163.00        0.00
     0     3     1264.00     1159.00        0.00
     0     3     1260.00     1153.00        0.00
     0     3     1254.00     1149.00        0.00
     0     3     1250.00     1143.00        0.00
     0     3     1244.00     1139.00        0.00
     0     3     1240.00     1135.00        0.00
     0     3     1234.00     1129.00        0.00
     0     3     1230.00     1125.00        0.00
     0     3     1226.00     1121.00        0.00
     0     3     1222.00     1117.00        0.00
     0     3     1218.00     1113.00        0.00
     0     3     1214.00     1109.00        0.00
     0     3     1210.00     1105.00        0.00
     0     3     1206.00     1099.00        0.00
     0     3     1202.00     1095.00        0.00
     0     3     1198.00     1089.00        0.00
     0     3     1196.00     1083.00        0.00
     0     3     1192.00     1079.00        0.00
     0     3     1190.00     1073.00        0.00
     0     3     1186.00     1067.00        0.00
     0     3     1182.00     1061.00        0.00
     0     3     1180.00     1055.00        0.00
     0     3     1178.00     1049.00        0.00
     0     3     1172.00     1041.00        0.00
     0     3     1170.00     1035.00        0.00
     0     3     1166.00     1031.00        0.00
     0     3     1162.00     1025.00        0.00
     0     3     1162.00     1019.00        0.00
     0     3     1162.00     1013.00        0.00
     0     3     1162.00     1007.00        0.00
     0     3     1164.00     1001.00        0.00
     0     3     1166.00      995.00        0.00
     0     3     1166.00      989.00        0.00
     0     3     1162.00      985.00        0.00
     0     3     1158.00      979.00        0.00
     0     3     1154.00      973.00        0.00
     0     3     1150.00      969.00        0.00
     0     3     1146.00      965.00        0.00
     0     3     1140.00      963.00        0.00
     0     3     1134.00      961.00        0.00
     0     3     1128.00      959.00        0.00
     0     3     1120.00      959.00        0.00
     0     3     1114.00      959.00        0.00
     0     3     1108.00      963.00        0.00
     0     3     1104.00      967.00        0.00
     0     3     1100.00      973.00        0.00
     0     3     1098.00      979.00        0.00
     0     3     1098.00      985.00        0.00
     0     3     1098.00      991.00        0.00
     0     3     1098.00      997.00        0.00
     0     3     1100.00     1003.00        0.00
     0     3     1102.00     1011.00        0.00
     0     3     1106.00     1017.00        0.00
     0     3     1110.00     1023.00        0.00
     0     3     1114.00     1029.00        0.00
     0     3     1118.00     1033.00        0.00
     0     3     1122.00     1039.00        0.00
     0     3     1126.00     1047.00        0.00
     0     3     1130.00     1051.00        0.00
     0     3     1134.00     1057.00        0.00
     0     3     1138.00     1061.00        0.00
     0     3     1144.00     1065.00        0.00
     0     3     1150.00     1069.00        0.00
     0     3     1154.00     1073.00        0.00
     0     3     1160.00     1077.00        0.00
     0     3     1166.00     1081.00        0.00
     0     3     1172.00     1085.00        0.00
     0     3     1178.00     1089.00        0.00
     0     3     1182.00     1093.00        0.00
     0     3     1188.00     1095.00        0.00
     0     3     1192.00     1101.00        0.00
     0     3     1196.00     1105.00        0.00
     0     3     1200.00     1113.00        0.00
     0     3     1204.00     1117.00        0.00
     0     3     1208.00     1121.00        0.00
     0     3     1212.00     1127.00        0.00
     0     3     1216.00     1133.00        0.00
     0     3     1218.00     1139.00        0.00
     0     3     1222.00     1145.00        0.00
     0     3     1226.00     1151.00        0.00
     0     3     1230.00     1155.00        0.00
     0     3     1234.00     1161.00        0.00
     0     3     1238.00     1167.00        0.00
     0     3     1240.00     1173.00        0.00
     0     3     1244.00     1179.00        0.00
     0     3     1246.00     1187.00        0.00
     0     3     1248.00     1193.00        0.00
     0     3     1250.00     1199.00        0.00
     0     3     1252.00     1205.00        0.00
     0     3     1254.00     1211.00        0.00
     0     3     1256.00     1217.00        0.00
     0     3     1260.00     1223.00        0.00
     0     3     1264.00     1229.00        0.00
     0     3     1268.00     1235.00        0.00
     0     3     1272.00     1241.00        0.00
     0     3     1276.00     1247.00        0.00
     0     3     1278.00     1253.00        0.00
     0     3     1282.00     1257.00        0.00
     0     3     1284.00     1263.00        0.00
     0     3     1288.00     1267.00        0.00
     0     3     1292.00     1271.00        0.00
     0     3     1296.00     1275.00        0.00
     0     3     1300.00     1279.00        0.00
     0     3     1304.00     1283.00        0.00
     0     3     1310.00     1285.00        0.00
     0     4     1126.00      329.00        0.00
     0     4     1124.00      323.00        0.00
     0     4     1122.00      317.00        0.00
     0     4     1118.00      311.00        0.00
     0     4     1114.00      305.00        0.00
     0     4     1114.00      299.00        0.00
     0     4     1114.00      293.00        0.00
     0     4     1114.00      287.00        0.00
     0     4     1120.00      285.00        0.00
     0     4     1126.00      285.00        0.00
     0     4     1132.00      289.00        0.00
     0     4     1136.00      293.00        0.00
     0     4     1142.00      297.00        0.00
     0     4     1146.00      301.00        0.00
     0     4     1152.00      301.00        0.00
     0     4     1158.00      303.00        0.00
     0     4     1164.00      303.00        0.00
     0     4     1170.00      303.00        0.00
     0     4     1176.00      303.00        0.00
     0     4     1180.00      307.00        0.00
     0     4     1184.00      311.00        0.00
     0     4     1190.00      313.00        0.00
     0     4     1192.00      319.00        0.00
     0     4     1192.00      325.00        0.00
     0     4     1194.00      331.00        0.00
     0     4     1196.00      337.00        0.00
     0     4     1196.00      345.00        0.00
     0     4     1196.00      351.00        0.00
     0     4     1196.00      359.00        0.00
     0     4     1198.00      367.00        0.00
     0     4     1200.00      373.00        0.00
     0     4     1202.00      379.00        0.00
     0     4     1198.00      383.00        0.00
     0     4     1192.00      385.00        0.00
     0     4     1184.00      389.00        0.00
     0     4     1176.00      393.00        0.00
     0     4     1170.00      395.00        0.00
     0     4     1164.00      397.00        0.00
     0     4     1158.00      399.00        0.00
     0     4     1152.00      403.00        0.00
     0     4     1148.00      407.00        0.00
     0     4     1144.00      411.00        0.00
     0     4     1140.00      415.00        0.00
     0     4     1136.00      421.00        0.00
     0     4     1132.00      425.00        0.00
     0     4     1128.00      429.00        0.00
     0     4     1124.00      435.00        0.00
     0     4     1120.00      439.00        0.00
     0     4     1116.00      445.00        0.00
     0     4     1112.00      449.00        0.00
     0     4     1108.00      453.00        0.00
     0     4     1104.00      459.00        0.00
     0     4     1102.00      465.00        0.00
     0     4     1100.00      471.00        0.00
     0     4     1096.00      477.00        0.00
     0     4     1094.00      483.00        0.00
     0     4     1090.00      487.00        0.00
     0     4     1088.00      493.00        0.00
     0     4     1084.00      497.00        0.00
     0     4     1080.00      501.00        0.00
     0     4     1076.00      505.00        0.00
     0     4     1072.00      509.00        0.00
     0     4     1068.00      513.00        0.00
     0     4     1062.00      513.00        0.00
     0     4     1056.00      513.00        0.00
     0     4      936.00      669.00        0.00
     0     4      832.00      839.00        0.00
     0     4      904.00      695.00        0.00
     0     4      978.00      591.00        0.00
     0     4     1042.00      503.00        0.00
     0     4     1064.00      465.00        0.00
     0     4     1108.00      407.00        0.00
     0     4     1126.00      369.00        0.00
     0     4     1132.00      345.00        0.00
     0     5     1410.00      501.00        0.00
     0     5     1428.00      515.00        0.00
     0     5     1432.00      521.00        0.00
     0     5     1434.00      527.00        0.00
     0     5     1440.00      533.00        0.00
     0     5     1444.00      541.00        0.00
     0     5     1448.00      545.00        0.00
     0     5     1450.00      551.00        0.00
     0     5     1454.00      555.00        0.00
     0     5     1460.00      559.00        0.00
     0     5     1464.00      563.00        0.00
     0     5     1468.00      567.00        0.00
     0     5     1470.00      573.00        0.00
     0     5     1476.00      577.00        0.00
     0     5     1480.00      581.00        0.00
     0     5     1484.00      585.00        0.00
     0     5     1490.00      587.00        0.00
     0     5     1498.00      591.00        0.00
     0     5     1508.00      593.00        0.00
     0     5     1516.00      593.00        0.00
     0     5     1524.00      593.00        0.00
     0     5     1530.00      593.00        0.00
     0     5     1536.00      593.00        0.00
     0     5     1544.00      593.00        0.00
     0     5     1550.00      593.00        0.00
     0     5     1558.00      593.00        0.00
     0     5     1564.00      591.00        0.00
     0     5     1570.00      589.00        0.00
     0     5     1572.00      583.00        0.00
     0     5     1574.00      577.00        0.00
     0     5     1576.00      571.00        0.00
     0     5     1576.00      565.00        0.00
     0     5     1576.00      559.00        0.00
     0     5     1576.00      553.00        0.00
     0     5     1574.00      547.00        0.00
     0     5     1574.00      541.00        0.00
     0     5     1572.00      535.00        0.00
     0     5     1570.00      529.00        0.00
     0     5     1568.00      521.00        0.00
     0     5     1564.00      517.00        0.00
     0     5     1560.00      513.00        0.00
     0     5     1556.00      507.00        0.00
     0     5     1552.00      503.00        0.00
     0     5     1546.00      501.00        0.00
     0     5     1540.00      499.00        0.00
     0     5     1534.00      497.00        0.00
     0     5     1528.00      497.00        0.00
     0     5     1522.00      497.00        0.00
     0     5     1516.00      497.00        0.00
     0     5     1508.00      495.00        0.00
     0     5     1502.00      493.00        0.00
     0     5     1496.00      491.00        0.00
     0     5     1490.00      489.00        0.00
     0     5     1486.00      485.00        0.00
     0     5     1480.00      483.00        0.00
     0     5     1474.00      481.00        0.00
     0     5     1468.00      481.00        0.00
     0     5     1462.00      481.00        0.00
     0     5     1454.00      481.00        0.00
     0     5     1446.00      481.00        0.00
     0     5     1440.00      485.00        0.00
     0     5     1434.00      489.00        0.00
     0     6     1542.00      169.00        0.00
     0     6     1540.00      181.00        0.00
     0     6     1538.00      187.00        0.00
     0     6     1534.00      193.00        0.00
     0     6     1528.00      199.00        0.00
     0     6     1524.00      203.00        0.00
     0     6     1520.00      207.00        0.00
     0     6     1514.00      213.00        0.00
     0     6     1508.00      219.00        0.00
     0     6     1504.00      227.00        0.00
     0     6     1500.00      231.00        0.00
     0     6     1496.00      235.00        0.00
     0     6     1492.00      239.00        0.00
     0     6     1488.00      243.00        0.00
     0     6     1484.00      247.00        0.00
     0     6     1480.00      253.00        0.00
     0     6     1476.00      257.00        0.00
     0     6     1472.00      263.00        0.00
     0     6     1468.00      269.00        0.00
     0     6     1466.00      275.00        0.00
     0     6     1462.00      281.00        0.00
     0     6     1460.00      287.00        0.00
     0     6     1456.00      293.00        0.00
     0     6     1454.00      299.00        0.00
     0     6     1452.00      305.00        0.00
     0     6     1448.00      311.00        0.00
     0     6     1446.00      317.00        0.00
     0     6     1442.00      323.00        0.00
     0     6     1440.00      329.00        0.00
     0     6     1436.00      333.00        0.00
     0     6     1434.00      339.00        0.00
     0     6     1432.00      345.00        0.00
     0     6     1428.00      351.00        0.00
     0     6     1426.00      357.00        0.00
     0     6     1426.00      363.00        0.00
     0     6     1424.00      369.00        0.00
     0     6     1420.00      375.00        0.00
     0     6     1418.00      381.00        0.00
     0     6     1414.00      387.00        0.00
     0     6     1410.00      393.00        0.00
     0     6     1406.00      401.00        0.00
     0     6     1402.00      407.00        0.00
     0     6     1398.00      411.00        0.00
     0     6     1394.00      415.00        0.00
     0     6     1390.00      419.00        0.00
     0     6     1386.00      423.00        0.00
     0     6     1382.00      427.00        0.00
     0     6     1376.00      433.00        0.00
     0     6     1372.00      439.00        0.00
     0     6     1368.00      445.00        0.00
     0     6     1364.00      449.00        0.00
     0     6     1360.00      453.00        0.00
     0     6     1354.00      455.00        0.00
     0     6     1348.00      455.00        0.00
     0     6     1342.00      455.00        0.00
     0     6     1334.00      455.00        0.00
     0     6     1328.00      451.00        0.00
     0     6     1324.00      447.00        0.00
     0     6     1320.00      443.00        0.00
     0     6     1316.00      437.00        0.00
     0     6     1316.00      431.00        0.00
     0     6     1316.00      423.00        0.00
     0     6     1316.00      415.00        0.00
     0     6     1318.00      407.00        0.00
     0     6     1318.00      401.00        0.00
     0     6     1320.00      393.00        0.00
     0     6     1324.00      385.00        0.00
     0     6     1328.00      377.00        0.00
     0     6     1332.00      369.00        0.00
     0     6     1338.00      361.00        0.00
     0     6     1342.00      357.00        0.00
     0     6     1350.00      353.00        0.00
     0     6     1358.00      349.00        0.00
     0     6     1362.00      345.00        0.00
     0     6     1368.00      343.00        0.00
     0     6     1372.00      339.00        0.00
     0     6     1378.00      335.00        0.00
     0     6     1382.00      331.00        0.00
     0     6     1384.00      325.00        0.00
     0     6     1388.00      321.00        0.00
     0     6     1392.00      315.00        0.00
     0     6     1396.00      311.00        0.00
     0     6     1400.00      305.00        0.00
     0     6     1406.00      301.00        0.00
     0     6     1410.00      295.00        0.00
     0     6     1414.00      291.00        0.00
     0     6     1418.00      285.00        0.00
     0     6     1422.00      279.00        0.00
     0     6     1424.00      273.00        0.00
     0     6     1428.00      269.00        0.00
     0     6     1432.00      265.00        0.00
     0     6     1434.00      259.00        0.00
     0     6     1438.00      251.00        0.00
     0     6     1442.00      245.00        0.00
     0     6     1446.00      239.00        0.00
     0     6     1448.00      233.00        0.00
     0     6     1452.00      227.00        0.00
     0     6     1452.00      221.00        0.00
     0     6     1454.00      215.00        0.00
     0     6     1456.00      209.00        0.00
     0     6     1460.00      203.00        0.00
     0     6     1462.00      197.00        0.00
     0     6     1464.00      191.00        0.00
     0     6     1468.00      187.00        0.00
     0     6     1470.00      181.00        0.00
     0     6     1474.00      175.00        0.00
     0     6     1478.00      171.00        0.00
     0     6     1482.00      165.00        0.00
     0     6     1486.00      161.00        0.00
     0     6     1490.00      155.00        0.00
     0     6     1496.00      151.00        0.00
     0     6     1500.00      147.00        0.00
     0     6     1506.00      143.00        0.00
     0     6     1512.00      141.00        0.00
     0     6     1518.00      137.00        0.00
     0     6     1524.00      135.00        0.00
     0     6     1530.00      131.00        0.00
     0     6     1536.00      127.00        0.00
     0     6     1542.00      123.00        0.00
     0     6     1546.00      119.00        0.00
     0     6     1550.00      115.00        0.00
     0     6     1554.00      109.00        0.00
     0     6     1558.00      105.00        0.00
     0     6     1562.00      101.00        0.00
     0     6     1566.00       97.00        0.00
     0     6     1568.00       91.00        0.00
     0     6     1572.00       87.00        0.00
     0     6     1576.00       81.00        0.00
     0     6     1578.00       75.00        0.00
     0     6     1582.00       69.00        0.00
     0     6     1584.00       63.00        0.00
     0     6     1586.00       57.00        0.00
     0     6     1588.00       51.00        0.00
     0     6     1592.00       47.00        0.00
     0     6     1616.00       53.00        0.00
     0     6     1588.00       79.00        0.00
     0     6     1556.00      123.00        0.00
     0     6     1552.00      131.00        0.00
     0     6     1552.00      137.00        0.00
     0     7      750.00      253.00        0.00
     0     7      736.00      255.00        0.00
     0     7      728.00      257.00        0.00
     0     7      722.00      257.00        0.00
     0     7      716.00      257.00        0.00
     0     7      710.00      257.00        0.00
     0     7      706.00      253.00        0.00
     0     7      700.00      253.00        0.00
     0     7      694.00      253.00        0.00
     0     7      690.00      249.00        0.00
     0     7      688.00      243.00        0.00
     0     7      688.00      237.00        0.00
     0     7      692.00      227.00        0.00
     0     7      694.00      221.00        0.00
     0     7      700.00      215.00        0.00
     0     7      706.00      207.00        0.00
     0     7      712.00      199.00        0.00
     0     7      716.00      191.00        0.00
     0     7      722.00      187.00        0.00
     0     7      726.00      179.00        0.00
     0     7      730.00      173.00        0.00
     0     7      734.00      169.00        0.00
     0     7      740.00      163.00        0.00
     0     7      744.00      157.00        0.00
     0     7      750.00      151.00        0.00
     0     7      754.00      147.00        0.00
     0     7      758.00      141.00        0.00
     0     7      764.00      137.00        0.00
     0     7      768.00      133.00        0.00
     0     7      774.00      129.00        0.00
     0     7      778.00      125.00        0.00
     0     7      784.00      125.00        0.00
     0     7      790.00      125.00        0.00
     0     7      798.00      125.00        0.00
     0     7      804.00      129.00        0.00
     0     7      810.00      133.00        0.00
     0     7      814.00      137.00        0.00
     0     7      816.00      143.00        0.00
     0     7      820.00      149.00        0.00
     0     7      822.00      155.00        0.00
     0     7      822.00      161.00        0.00
     0     7      822.00      167.00        0.00
     0     7      820.00      173.00        0.00
     0     7      816.00      177.00        0.00
     0     7      812.00      181.00        0.00
     0     7      808.00      185.00        0.00
     0     7      804.00      189.00        0.00
