     0     0      422.00     1109.00        0.00
     0     0      428.00     1111.00        0.00
     0     0      434.00     1115.00        0.00
     0     0      440.00     1117.00        0.00
     0     0      444.00     1121.00        0.00
     0     0      450.00     1123.00        0.00
     0     0      456.00     1125.00        0.00
     0     0      462.00     1129.00        0.00
     0     0      468.00     1131.00        0.00
     0     0      476.00     1133.00        0.00
     0     0      484.00     1135.00        0.00
     0     0      492.00     1137.00        0.00
     0     0      496.00     1141.00        0.00
     0     0      500.00     1145.00        0.00
     0     0      506.00     1147.00        0.00
     0     0      510.00     1151.00        0.00
     0     0      516.00     1155.00        0.00
     0     0      522.00     1157.00        0.00
     0     0      528.00     1161.00        0.00
     0     0      534.00     1163.00        0.00
     0     0      540.00     1167.00        0.00
     0     0      548.00     1169.00        0.00
     0     0      554.00     1171.00        0.00
     0     0      560.00     1173.00        0.00
     0     0      564.00     1177.00        0.00
     0     0      570.00     1179.00        0.00
     0     0      576.00     1181.00        0.00
     0     0      584.00     1183.00        0.00
     0     0      590.00     1185.00        0.00
     0     0      596.00     1189.00        0.00
     0     0      602.00     1191.00        0.00
     0     0      608.00     1195.00        0.00
     0     0      614.00     1197.00        0.00
     0     0      624.00     1199.00        0.00
     0     0      630.00     1201.00        0.00
     0     0      640.00     1205.00        0.00
     0     0      648.00     1209.00        0.00
     0     0      658.00     1213.00        0.00
     0     0      664.00     1215.00        0.00
     0     0      670.00     1219.00        0.00
     0     0      678.00     1223.00        0.00
     0     0      682.00     1229.00        0.00
     0     0      688.00     1233.00        0.00
     0     0      692.00     1237.00        0.00
     0     0      698.00     1239.00        0.00
     0     0      704.00     1241.00        0.00
     0     0      710.00     1241.00        0.00
     0     0      714.00     1237.00        0.00
     0     0      716.00     1231.00        0.00
     0     0      722.00     1227.00        0.00
     0     0      726.00     1221.00        0.00
     0     0      730.00     1215.00        0.00
     0     0      732.00     1207.00        0.00
     0     0      732.00     1201.00        0.00
     0     0      732.00     1195.00        0.00
     0     0      734.00     1189.00        0.00
     0     0      734.00     1183.00        0.00
     0     0      728.00     1181.00        0.00
     0     0      722.00     1179.00        0.00
     0     0      714.00     1177.00        0.00
     0     0      708.00     1175.00        0.00
     0     0      700.00     1173.00        0.00
     0     0      692.00     1169.00        0.00
     0     0      684.00     1167.00        0.00
     0     0      674.00     1165.00        0.00
     0     0      668.00     1163.00        0.00
     0     0      662.00     1161.00        0.00
     0     0      656.00     1159.00        0.00
     0     0      648.00     1157.00        0.00
     0     0      642.00     1155.00        0.00
     0     0      634.00     1153.00        0.00
     0     0      624.00     1153.00        0.00
     0     0      616.00     1151.00        0.00
     0     0      610.00     1149.00        0.00
     0     0      602.00     1147.00        0.00
     0     0      598.00     1143.00        0.00
     0     0      592.00     1139.00        0.00
     0     0      586.00     1137.00        0.00
     0     0      580.00     1135.00        0.00
     0     0      572.00     1131.00        0.00
     0     0      566.00     1131.00        0.00
     0     0      558.00     1129.00        0.00
     0     0      552.00     1129.00        0.00
     0     0      546.00     1127.00        0.00
     0     0      540.00     1125.00        0.00
     0     0      532.00     1125.00        0.00
     0     0      526.00     1123.00        0.00
     0     0      516.00     1119.00        0.00
     0     0      510.00     1119.00        0.00
     0     0      504.00     1119.00        0.00
     0     0      498.00     1117.00        0.00
     0     0      490.00     1117.00        0.00
     0     0      484.00     1117.00        0.00
     0     0      478.00     1117.00        0.00
     0     0      472.00     1117.00        0.00
     0     0      466.00     1117.00        0.00
     0     0      458.00     1115.00        0.00
     0     0      450.00     1115.00        0.00
     0     1     1142.00      955.00        0.00
     0     1     1112.00      955.00        0.00
     0     1     1088.00      947.00        0.00
     0     1     1082.00      945.00        0.00
     0     1     1074.00      943.00        0.00
     0     1     1068.00      941.00        0.00
     0     1     1062.00      939.00        0.00
     0     1     1056.00      939.00        0.00
     0     1     1048.00      937.00        0.00
     0     1     1042.00      935.00        0.00
     0     1     1036.00      933.00        0.00
     0     1     1030.00      933.00        0.00
     0     1     1022.00      931.00        0.00
     0     1     1012.00      929.00        0.00
     0     1     1004.00      927.00        0.00
     0     1      998.00      925.00        0.00
     0     1      992.00      925.00        0.00
     0     1      980.00      923.00        0.00
     0     1      974.00      921.00        0.00
     0     1      968.00      919.00        0.00
     0     1      960.00      915.00        0.00
     0     1      954.00      911.00        0.00
     0     1      950.00      907.00        0.00
     0     1      948.00      899.00        0.00
     0     1      946.00      889.00        0.00
     0     1      946.00      883.00        0.00
     0     1      946.00      877.00        0.00
     0     1      946.00      871.00        0.00
     0     1      946.00      865.00        0.00
     0     1      950.00      859.00        0.00
     0     1      956.00      857.00        0.00
     0     1      962.00      855.00        0.00
     0     1      972.00      855.00        0.00
     0     1      978.00      857.00        0.00
     0     1      984.00      857.00        0.00
     0     1      990.00      857.00        0.00
     0     1      996.00      857.00        0.00
     0     1     1002.00      855.00        0.00
     0     1     1008.00      853.00        0.00
     0     1     1014.00      851.00        0.00
     0     1     1020.00      847.00        0.00
     0     1     1028.00      845.00        0.00
     0     1     1034.00      841.00        0.00
     0     1     1042.00      837.00        0.00
     0     1     1048.00      835.00        0.00
     0     1     1056.00      831.00        0.00
     0     1     1062.00      829.00        0.00
     0     1     1068.00      829.00        0.00
     0     1     1074.00      829.00        0.00
     0     1     1080.00      829.00        0.00
     0     1     1088.00      831.00        0.00
     0     1     1096.00      835.00        0.00
     0     1     1098.00      841.00        0.00
     0     1     1098.00      847.00        0.00
     0     1     1098.00      853.00        0.00
     0     1     1098.00      859.00        0.00
     0     1     1096.00      867.00        0.00
     0     1     1096.00      875.00        0.00
     0     1     1094.00      881.00        0.00
     0     1     1094.00      889.00        0.00
     0     1     1094.00      895.00        0.00
     0     1     1094.00      901.00        0.00
     0     1     1098.00      907.00        0.00
     0     1     1100.00      913.00        0.00
     0     1     1106.00      915.00        0.00
     0     2     1396.00      607.00        0.00
     0     2     1400.00      613.00        0.00
     0     2     1406.00      617.00        0.00
     0     2     1412.00      617.00        0.00
     0     2     1418.00      617.00        0.00
     0     2     1424.00      613.00        0.00
     0     2     1428.00      607.00        0.00
     0     2     1432.00      601.00        0.00
     0     2     1436.00      593.00        0.00
     0     2     1440.00      587.00        0.00
     0     2     1440.00      581.00        0.00
     0     2     1442.00      573.00        0.00
     0     2     1442.00      567.00        0.00
     0     2     1442.00      561.00        0.00
     0     2     1442.00      555.00        0.00
     0     2     1442.00      549.00        0.00
     0     2     1442.00      543.00        0.00
     0     2     1442.00      535.00        0.00
     0     2     1448.00      523.00        0.00
     0     2     1448.00      517.00        0.00
     0     2     1450.00      511.00        0.00
     0     2     1450.00      505.00        0.00
     0     2     1450.00      499.00        0.00
     0     2     1450.00      493.00        0.00
     0     2     1454.00      487.00        0.00
     0     2     1456.00      481.00        0.00
     0     2     1460.00      477.00        0.00
     0     2     1464.00      473.00        0.00
     0     2     1464.00      467.00        0.00
     0     2     1458.00      467.00        0.00
     0     2     1450.00      469.00        0.00
     0     2     1444.00      471.00        0.00
     0     2     1438.00      473.00        0.00
     0     2     1430.00      473.00        0.00
     0     2     1424.00      475.00        0.00
     0     2     1416.00      475.00        0.00
     0     2     1410.00      477.00        0.00
     0     2     1404.00      477.00        0.00
     0     2     1398.00      477.00        0.00
     0     2     1392.00      477.00        0.00
     0     2     1386.00      477.00        0.00
     0     2     1380.00      477.00        0.00
     0     2     1372.00      475.00        0.00
     0     2     1366.00      475.00        0.00
     0     2     1360.00      475.00        0.00
     0     2     1354.00      475.00        0.00
     0     2     1348.00      477.00        0.00
     0     2     1342.00      479.00        0.00
     0     2     1336.00      479.00        0.00
     0     2     1330.00      483.00        0.00
     0     2     1322.00      485.00        0.00
     0     2     1318.00      489.00        0.00
     0     2     1310.00      493.00        0.00
     0     2     1304.00      495.00        0.00
     0     2     1298.00      497.00        0.00
     0     2     1294.00      501.00        0.00
     0     2     1288.00      503.00        0.00
     0     2     1282.00      505.00        0.00
     0     2     1278.00      511.00        0.00
     0     2     1272.00      515.00        0.00
     0     2     1266.00      519.00        0.00
     0     2     1260.00      521.00        0.00
     0     2     1256.00      525.00        0.00
     0     2     1252.00      531.00        0.00
     0     2     1248.00      535.00        0.00
     0     2     1242.00      541.00        0.00
     0     2     1236.00      547.00        0.00
     0     2     1230.00      551.00        0.00
     0     2     1224.00      555.00        0.00
     0     2     1218.00      557.00        0.00
     0     2     1210.00      559.00        0.00
     0     2     1202.00      561.00        0.00
     0     2     1196.00      565.00        0.00
     0     2     1188.00      567.00        0.00
     0     2     1182.00      567.00        0.00
     0     2     1176.00      571.00        0.00
     0     2     1168.00      573.00        0.00
     0     2     1158.00      577.00        0.00
     0     2     1152.00      579.00        0.00
     0     2     1144.00      581.00        0.00
     0     2     1136.00      583.00        0.00
     0     2     1130.00      585.00        0.00
     0     2     1124.00      587.00        0.00
     0     2     1118.00      591.00        0.00
     0     2     1110.00      595.00        0.00
     0     2     1104.00      599.00        0.00
     0     2     1100.00      603.00        0.00
     0     2     1094.00      607.00        0.00
     0     2     1086.00      611.00        0.00
     0     2     1080.00      615.00        0.00
     0     2     1074.00      619.00        0.00
     0     2     1068.00      621.00        0.00
     0     2     1062.00      623.00        0.00
     0     2     1054.00      629.00        0.00
     0     2     1046.00      633.00        0.00
     0     2     1038.00      635.00        0.00
     0     2     1032.00      639.00        0.00
     0     2     1024.00      643.00        0.00
     0     2     1018.00      647.00        0.00
     0     2     1006.00      651.00        0.00
     0     2     1002.00      657.00        0.00
     0     2      996.00      661.00        0.00
     0     2      990.00      665.00        0.00
     0     2      984.00      667.00        0.00
     0     2      978.00      669.00        0.00
     0     2      970.00      671.00        0.00
     0     2      962.00      675.00        0.00
     0     2      958.00      679.00        0.00
     0     2      950.00      683.00        0.00
     0     2      944.00      685.00        0.00
     0     2      940.00      689.00        0.00
     0     2      936.00      693.00        0.00
     0     2      930.00      695.00        0.00
     0     2      924.00      699.00        0.00
     0     2      916.00      703.00        0.00
     0     2      910.00      709.00        0.00
     0     2      902.00      713.00        0.00
     0     2      896.00      717.00        0.00
     0     2      890.00      719.00        0.00
     0     2      886.00      723.00        0.00
     0     2      882.00      727.00        0.00
     0     2      874.00      731.00        0.00
     0     2      868.00      737.00        0.00
     0     2      862.00      741.00        0.00
     0     2      856.00      745.00        0.00
     0     2      852.00      749.00        0.00
     0     2      848.00      753.00        0.00
     0     2      840.00      757.00        0.00
     0     2      832.00      761.00        0.00
     0     2      822.00      767.00        0.00
     0     2      816.00      771.00        0.00
     0     2      810.00      775.00        0.00
     0     2      806.00      779.00        0.00
     0     2      800.00      781.00        0.00
     0     2      796.00      785.00        0.00
     0     2      792.00      789.00        0.00
     0     2      788.00      793.00        0.00
     0     2      784.00      797.00        0.00
     0     2      780.00      805.00        0.00
     0     2      776.00      809.00        0.00
     0     2      774.00      815.00        0.00
     0     2      770.00      819.00        0.00
     0     2      768.00      825.00        0.00
     0     2      764.00      831.00        0.00
     0     2      760.00      837.00        0.00
     0     2      758.00      843.00        0.00
     0     2      754.00      847.00        0.00
     0     2      750.00      853.00        0.00
     0     2      746.00      859.00        0.00
     0     2      742.00      865.00        0.00
     0     2      738.00      871.00        0.00
     0     2      732.00      877.00        0.00
     0     2      728.00      883.00        0.00
     0     2      722.00      889.00        0.00
     0     2      718.00      895.00        0.00
     0     2      714.00      901.00        0.00
     0     2      712.00      907.00        0.00
     0     2      710.00      913.00        0.00
     0     2      704.00      919.00        0.00
     0     2      702.00      925.00        0.00
     0     2      698.00      929.00        0.00
     0     2      694.00      937.00        0.00
     0     2      688.00      943.00        0.00
     0     2      684.00      947.00        0.00
     0     2      680.00      951.00        0.00
     0     2      676.00      955.00        0.00
     0     2      670.00      959.00        0.00
     0     2      666.00      963.00        0.00
     0     2      660.00      967.00        0.00
     0     2      656.00      971.00        0.00
     0     2      646.00      977.00        0.00
     0     2      636.00      983.00        0.00
     0     2      630.00      989.00        0.00
     0     2      624.00      993.00        0.00
     0     2      620.00      999.00        0.00
     0     2      612.00     1003.00        0.00
     0     2      608.00     1009.00        0.00
     0     2      604.00     1013.00        0.00
     0     2      602.00     1019.00        0.00
     0     2      600.00     1025.00        0.00
     0     2      596.00     1031.00        0.00
     0     2      594.00     1037.00        0.00
     0     2      590.00     1043.00        0.00
     0     2      588.00     1049.00        0.00
     0     2      586.00     1055.00        0.00
     0     2      584.00     1061.00        0.00
     0     2      580.00     1065.00        0.00
     0     2      576.00     1071.00        0.00
     0     2      572.00     1075.00        0.00
     0     2      568.00     1081.00        0.00
     0     2      564.00     1085.00        0.00
     0     2      562.00     1091.00        0.00
     0     2      568.00     1089.00        0.00
     0     2      572.00     1083.00        0.00
     0     2      576.00     1079.00        0.00
     0     2      580.00     1073.00        0.00
     0     2      582.00     1067.00        0.00
     0     2      584.00     1061.00        0.00
     0     2      586.00     1055.00        0.00
     0     2      590.00     1047.00        0.00
     0     2      592.00     1041.00        0.00
     0     2      594.00     1035.00        0.00
     0     2      596.00     1029.00        0.00
     0     2      600.00     1025.00        0.00
     0     2      604.00     1019.00        0.00
     0     2      608.00     1013.00        0.00
     0     2      612.00     1007.00        0.00
     0     2      616.00     1003.00        0.00
     0     2      622.00      999.00        0.00
     0     2      630.00      997.00        0.00
     0     2      636.00      993.00        0.00
     0     2      640.00      989.00        0.00
     0     2      646.00      987.00        0.00
     0     2      650.00      983.00        0.00
     0     2      656.00      981.00        0.00
     0     2      660.00      977.00        0.00
     0     2      664.00      973.00        0.00
     0     2      670.00      969.00        0.00
     0     2      674.00      965.00        0.00
     0     2      678.00      961.00        0.00
     0     2      682.00      957.00        0.00
     0     2      686.00      953.00        0.00
     0     2      690.00      947.00        0.00
     0     2      694.00      943.00        0.00
     0     2      698.00      937.00        0.00
     0     2      702.00      933.00        0.00
     0     2      706.00      927.00        0.00
     0     2      710.00      921.00        0.00
     0     2      714.00      915.00        0.00
     0     2      716.00      907.00        0.00
     0     2      720.00      901.00        0.00
     0     2      724.00      897.00        0.00
     0     2      730.00      885.00        0.00
     0     2      734.00      879.00        0.00
     0     2      738.00      873.00        0.00
     0     2      744.00      869.00        0.00
     0     2      750.00      863.00        0.00
     0     2      754.00      857.00        0.00
     0     2      758.00      851.00        0.00
     0     2      762.00      845.00        0.00
     0     2      766.00      837.00        0.00
     0     2      770.00      829.00        0.00
     0     2      774.00      823.00        0.00
     0     2      776.00      817.00        0.00
     0     2      780.00      811.00        0.00
     0     2      784.00      805.00        0.00
     0     2      788.00      801.00        0.00
     0     2      790.00      795.00        0.00
     0     2      794.00      791.00        0.00
     0     2      798.00      787.00        0.00
     0     2      802.00      783.00        0.00
     0     2      808.00      781.00        0.00
     0     2      812.00      777.00        0.00
     0     2      820.00      773.00        0.00
     0     2      826.00      769.00        0.00
     0     2      830.00      765.00        0.00
     0     2      836.00      761.00        0.00
     0     2      842.00      757.00        0.00
     0     2      848.00      753.00        0.00
     0     2      854.00      749.00        0.00
     0     2      860.00      745.00        0.00
     0     2      866.00      741.00        0.00
     0     2      872.00      737.00        0.00
     0     2      878.00      735.00        0.00
     0     2      884.00      731.00        0.00
     0     2      890.00      727.00        0.00
     0     2      896.00      723.00        0.00
     0     2      900.00      719.00        0.00
     0     2      904.00      715.00        0.00
     0     2      908.00      711.00        0.00
     0     2      914.00      707.00        0.00
     0     2      918.00      703.00        0.00
     0     2      922.00      699.00        0.00
     0     2      928.00      695.00        0.00
     0     2      934.00      691.00        0.00
     0     2      940.00      687.00        0.00
     0     2      946.00      683.00        0.00
     0     2      950.00      679.00        0.00
     0     2      956.00      675.00        0.00
     0     2      962.00      673.00        0.00
     0     2      968.00      671.00        0.00
     0     2      974.00      669.00        0.00
     0     2      980.00      667.00        0.00
     0     2      986.00      663.00        0.00
     0     2      992.00      661.00        0.00
     0     2      998.00      657.00        0.00
     0     2     1004.00      657.00        0.00
     0     2     1010.00      653.00        0.00
     0     2     1016.00      651.00        0.00
     0     2     1022.00      649.00        0.00
     0     2     1028.00      647.00        0.00
     0     2     1036.00      643.00        0.00
     0     2     1040.00      639.00        0.00
     0     2     1046.00      637.00        0.00
     0     2     1052.00      633.00        0.00
     0     2     1058.00      629.00        0.00
     0     2     1064.00      627.00        0.00
     0     2     1070.00      625.00        0.00
     0     2     1076.00      623.00        0.00
     0     2     1082.00      619.00        0.00
     0     2     1090.00      615.00        0.00
     0     2     1096.00      613.00        0.00
     0     2     1102.00      611.00        0.00
     0     2     1110.00      609.00        0.00
     0     2     1114.00      605.00        0.00
     0     2     1120.00      603.00        0.00
     0     2     1124.00      599.00        0.00
     0     2     1130.00      597.00        0.00
     0     2     1136.00      593.00        0.00
     0     2     1142.00      591.00        0.00
     0     2     1148.00      587.00        0.00
     0     2     1154.00      585.00        0.00
     0     2     1160.00      581.00        0.00
     0     2     1166.00      579.00        0.00
     0     2     1172.00      577.00        0.00
     0     2     1176.00      573.00        0.00
     0     2     1182.00      571.00        0.00
     0     2     1188.00      567.00        0.00
     0     2     1194.00      565.00        0.00
     0     2     1200.00      563.00        0.00
     0     2     1206.00      559.00        0.00
     0     2     1212.00      557.00        0.00
     0     2     1218.00      555.00        0.00
     0     2     1226.00      553.00        0.00
     0     2     1232.00      551.00        0.00
     0     2     1238.00      549.00        0.00
     0     2     1244.00      547.00        0.00
     0     2     1250.00      545.00        0.00
     0     2     1256.00      545.00        0.00
     0     2     1262.00      543.00        0.00
     0     2     1268.00      543.00        0.00
     0     2     1274.00      541.00        0.00
     0     2     1280.00      541.00        0.00
     0     2     1286.00      541.00        0.00
     0     2     1292.00      541.00        0.00
     0     2     1300.00      539.00        0.00
     0     2     1308.00      539.00        0.00
     0     2     1314.00      539.00        0.00
     0     2     1322.00      539.00        0.00
     0     2     1328.00      539.00        0.00
     0     2     1334.00      539.00        0.00
     0     2     1340.00      539.00        0.00
     0     2     1346.00      541.00        0.00
     0     2     1352.00      543.00        0.00
     0     2     1358.00      545.00        0.00
     0     2     1362.00      549.00        0.00
     0     2     1368.00      553.00        0.00
     0     2     1374.00      555.00        0.00
     0     2     1378.00      559.00        0.00
     0     2     1382.00      563.00        0.00
     0     2     1388.00      567.00        0.00
     0     2     1392.00      571.00        0.00
     0     2     1396.00      575.00        0.00
     0     2     1400.00      579.00        0.00
     0     2     1400.00      585.00        0.00
     0     3     1490.00      311.00        0.00
     0     3     1472.00      311.00        0.00
     0     3     1466.00      311.00        0.00
     0     3     1460.00      311.00        0.00
     0     3     1454.00      309.00        0.00
     0     3     1448.00      309.00        0.00
     0     3     1440.00      309.00        0.00
     0     3     1432.00      307.00        0.00
     0     3     1428.00      303.00        0.00
     0     3     1428.00      297.00        0.00
     0     3     1434.00      293.00        0.00
     0     3     1440.00      287.00        0.00
     0     3     1444.00      283.00        0.00
     0     3     1448.00      277.00        0.00
     0     3     1450.00      271.00        0.00
     0     3     1452.00      265.00        0.00
     0     3     1452.00      259.00        0.00
     0     3     1456.00      251.00        0.00
     0     3     1456.00      245.00        0.00
     0     3     1458.00      237.00        0.00
     0     3     1458.00      229.00        0.00
     0     3     1458.00      221.00        0.00
     0     3     1458.00      215.00        0.00
     0     3     1458.00      207.00        0.00
     0     3     1458.00      201.00        0.00
     0     3     1454.00      191.00        0.00
     0     3     1452.00      183.00        0.00
     0     3     1450.00      173.00        0.00
     0     3     1448.00      165.00        0.00
     0     3     1446.00      155.00        0.00
     0     3     1442.00      149.00        0.00
     0     3     1438.00      143.00        0.00
     0     3     1436.00      137.00        0.00
     0     3     1432.00      129.00        0.00
     0     3     1430.00      121.00        0.00
     0     3     1428.00      115.00        0.00
     0     3     1426.00      107.00        0.00
     0     3     1424.00      101.00        0.00
     0     3     1424.00       95.00        0.00
     0     3     1432.00       95.00        0.00
     0     3     1438.00       97.00        0.00
     0     3     1444.00      101.00        0.00
     0     3     1450.00      105.00        0.00
     0     3     1456.00      109.00        0.00
     0     3     1462.00      113.00        0.00
     0     3     1468.00      115.00        0.00
     0     3     1472.00      119.00        0.00
     0     3     1478.00      121.00        0.00
     0     3     1486.00      123.00        0.00
     0     3     1492.00      125.00        0.00
     0     3     1500.00      125.00        0.00
     0     3     1508.00      129.00        0.00
     0     3     1516.00      133.00        0.00
     0     3     1522.00      137.00        0.00
     0     3     1530.00      143.00        0.00
     0     3     1536.00      147.00        0.00
     0     3     1540.00      153.00        0.00
     0     3     1544.00      157.00        0.00
     0     3     1550.00      161.00        0.00
     0     3     1554.00      167.00        0.00
     0     3     1558.00      173.00        0.00
     0     3     1560.00      179.00        0.00
     0     3     1562.00      185.00        0.00
     0     3     1564.00      191.00        0.00
     0     3     1566.00      197.00        0.00
     0     3     1566.00      203.00        0.00
     0     3     1566.00      211.00        0.00
     0     3     1564.00      217.00        0.00
     0     3     1564.00      225.00        0.00
     0     3     1562.00      231.00        0.00
     0     3     1562.00      237.00        0.00
     0     3     1560.00      243.00        0.00
     0     3     1560.00      249.00        0.00
     0     3     1556.00      253.00        0.00
     0     3     1554.00      259.00        0.00
     0     3     1550.00      265.00        0.00
     0     3     1546.00      271.00        0.00
     0     3     1542.00      275.00        0.00
     0     3     1536.00      277.00        0.00
