     0     0      426.00     1193.00        0.00
     0     0      424.00     1187.00        0.00
     0     0      424.00     1181.00        0.00
     0     0      424.00     1175.00        0.00
     0     0      424.00     1169.00        0.00
     0     0      424.00     1163.00        0.00
     0     0      424.00     1155.00        0.00
     0     0      424.00     1149.00        0.00
     0     0      424.00     1143.00        0.00
     0     0      424.00     1135.00        0.00
     0     0      424.00     1129.00        0.00
     0     0      424.00     1123.00        0.00
     0     0      424.00     1117.00        0.00
     0     0      424.00     1109.00        0.00
     0     0      424.00     1103.00        0.00
     0     0      424.00     1095.00        0.00
     0     0      424.00     1087.00        0.00
     0     0      424.00     1081.00        0.00
     0     0      424.00     1075.00        0.00
     0     0      424.00     1069.00        0.00
     0     0      424.00     1063.00        0.00
     0     0      424.00     1057.00        0.00
     0     0      424.00     1049.00        0.00
     0     0      422.00     1041.00        0.00
     0     0      422.00     1035.00        0.00
     0     0      420.00     1029.00        0.00
     0     0      418.00     1023.00        0.00
     0     0      418.00     1017.00        0.00
     0     0      416.00     1011.00        0.00
     0     0      416.00     1005.00        0.00
     0     0      416.00      997.00        0.00
     0     0      414.00      985.00        0.00
     0     0      412.00      973.00        0.00
     0     0      412.00      965.00        0.00
     0     0      412.00      959.00        0.00
     0     0      412.00      947.00        0.00
     0     0      412.00      939.00        0.00
     0     0      414.00      931.00        0.00
     0     0      414.00      921.00        0.00
     0     0      414.00      913.00        0.00
     0     0      414.00      907.00        0.00
     0     0      414.00      901.00        0.00
     0     0      414.00      891.00        0.00
     0     0      414.00      881.00        0.00
     0     0      414.00      873.00        0.00
     0     0      412.00      867.00        0.00
     0     0      408.00      857.00        0.00
     0     0      408.00      851.00        0.00
     0     0      404.00      845.00        0.00
     0     0      400.00      837.00        0.00
     0     0      398.00      827.00        0.00
     0     0      394.00      813.00        0.00
     0     0      392.00      807.00        0.00
     0     0      388.00      799.00        0.00
     0     0      384.00      791.00        0.00
     0     0      384.00      785.00        0.00
     0     0      380.00      777.00        0.00
     0     0      378.00      771.00        0.00
     0     0      376.00      763.00        0.00
     0     0      374.00      757.00        0.00
     0     0      370.00      751.00        0.00
     0     0      366.00      745.00        0.00
     0     0      364.00      739.00        0.00
     0     0      362.00      731.00        0.00
     0     0      358.00      725.00        0.00
     0     0      356.00      719.00        0.00
     0     0      352.00      715.00        0.00
     0     0      350.00      709.00        0.00
     0     0      346.00      705.00        0.00
     0     0      346.00      699.00        0.00
     0     0      344.00      693.00        0.00
     0     0      344.00      687.00        0.00
     0     0      346.00      681.00        0.00
     0     0      350.00      675.00        0.00
     0     0      354.00      671.00        0.00
     0     0      362.00      671.00        0.00
     0     0      368.00      671.00        0.00
     0     0      374.00      673.00        0.00
     0     0      380.00      677.00        0.00
     0     0      386.00      679.00        0.00
     0     0      392.00      683.00        0.00
     0     0      396.00      687.00        0.00
     0     0      400.00      693.00        0.00
     0     0      402.00      699.00        0.00
     0     0      406.00      705.00        0.00
     0     0      408.00      713.00        0.00
     0     0      412.00      719.00        0.00
     0     0      414.00      725.00        0.00
     0     0      416.00      733.00        0.00
     0     0      416.00      739.00        0.00
     0     0      418.00      745.00        0.00
     0     0      418.00      753.00        0.00
     0     0      418.00      761.00        0.00
     0     0      416.00      767.00        0.00
     0     0      416.00      773.00        0.00
     0     0      416.00      781.00        0.00
     0     0      416.00      789.00        0.00
     0     0      416.00      797.00        0.00
     0     0      416.00      803.00        0.00
     0     0      416.00      809.00        0.00
     0     0      418.00      815.00        0.00
     0     0      418.00      821.00        0.00
     0     0      418.00      827.00        0.00
     0     0      420.00      835.00        0.00
     0     0      420.00      841.00        0.00
     0     0      420.00      847.00        0.00
     0     0      422.00      855.00        0.00
     0     0      422.00      863.00        0.00
     0     0      424.00      869.00        0.00
     0     0      424.00      875.00        0.00
     0     0      426.00      881.00        0.00
     0     0      428.00      887.00        0.00
     0     0      428.00      895.00        0.00
     0     0      430.00      903.00        0.00
     0     0      430.00      913.00        0.00
     0     0      432.00      919.00        0.00
     0     0      432.00      927.00        0.00
     0     0      434.00      933.00        0.00
     0     0      436.00      941.00        0.00
     0     0      436.00      947.00        0.00
     0     0      438.00      953.00        0.00
     0     0      438.00      959.00        0.00
     0     0      440.00      965.00        0.00
     0     0      440.00      971.00        0.00
     0     0      442.00      977.00        0.00
     0     0      444.00      983.00        0.00
     0     0      444.00      989.00        0.00
     0     0      446.00      995.00        0.00
     0     0      446.00     1001.00        0.00
     0     0      448.00     1007.00        0.00
     0     0      448.00     1013.00        0.00
     0     0      448.00     1019.00        0.00
     0     0      448.00     1025.00        0.00
     0     0      448.00     1031.00        0.00
     0     0      448.00     1037.00        0.00
     0     0      446.00     1045.00        0.00
     0     0      444.00     1053.00        0.00
     0     0      442.00     1059.00        0.00
     0     0      440.00     1065.00        0.00
     0     0      440.00     1073.00        0.00
     0     0      440.00     1079.00        0.00
     0     0      440.00     1087.00        0.00
     0     0      440.00     1093.00        0.00
     0     0      440.00     1099.00        0.00
     0     0      438.00     1105.00        0.00
     0     0      438.00     1111.00        0.00
     0     0      438.00     1117.00        0.00
     0     0      438.00     1123.00        0.00
     0     0      438.00     1129.00        0.00
     0     0      438.00     1135.00        0.00
     0     0      438.00     1141.00        0.00
     0     0      438.00     1147.00        0.00
     0     0      440.00     1153.00        0.00
     0     0      440.00     1159.00        0.00
     0     0      440.00     1165.00        0.00
     0     0      440.00     1171.00        0.00
     0     0      440.00     1177.00        0.00
     0     0      440.00     1183.00        0.00
     0     0      440.00     1189.00        0.00
     0     0      440.00     1197.00        0.00
     0     0      440.00     1203.00        0.00
     0     0      438.00     1209.00        0.00
     0     0      438.00     1215.00        0.00
     0     0      438.00     1221.00        0.00
     0     0      438.00     1227.00        0.00
     0     0      438.00     1233.00        0.00
     0     0      440.00     1239.00        0.00
     0     0      442.00     1245.00        0.00
     0     0      444.00     1251.00        0.00
     0     0      444.00     1257.00        0.00
     0     0      446.00     1263.00        0.00
     0     0      446.00     1269.00        0.00
     0     0      446.00     1275.00        0.00
     0     0      448.00     1281.00        0.00
     0     0      448.00     1287.00        0.00
     0     0      448.00     1293.00        0.00
     0     0      448.00     1299.00        0.00
     0     0      448.00     1305.00        0.00
     0     0      450.00     1311.00        0.00
     0     0      450.00     1317.00        0.00
     0     0      450.00     1323.00        0.00
     0     0      450.00     1329.00        0.00
     0     0      450.00     1337.00        0.00
     0     0      450.00     1343.00        0.00
     0     0      450.00     1349.00        0.00
     0     0      450.00     1355.00        0.00
     0     0      450.00     1361.00        0.00
     0     0      452.00     1367.00        0.00
     0     0      452.00     1373.00        0.00
     0     0      454.00     1379.00        0.00
     0     0      456.00     1385.00        0.00
     0     0      456.00     1391.00        0.00
     0     0      458.00     1397.00        0.00
     0     0      456.00     1403.00        0.00
     0     0      452.00     1409.00        0.00
     0     0      448.00     1413.00        0.00
     0     0      442.00     1415.00        0.00
     0     0      438.00     1411.00        0.00
     0     0      438.00     1403.00        0.00
     0     0      438.00     1397.00        0.00
     0     0      440.00     1391.00        0.00
     0     0      440.00     1385.00        0.00
     0     0      440.00     1379.00        0.00
     0     0      440.00     1373.00        0.00
     0     0      440.00     1367.00        0.00
     0     0      440.00     1359.00        0.00
     0     0      440.00     1353.00        0.00
     0     0      440.00     1347.00        0.00
     0     0      440.00     1341.00        0.00
     0     0      440.00     1335.00        0.00
     0     0      440.00     1329.00        0.00
     0     0      440.00     1323.00        0.00
     0     0      440.00     1317.00        0.00
     0     0      440.00     1311.00        0.00
     0     0      440.00     1305.00        0.00
     0     0      440.00     1299.00        0.00
     0     0      440.00     1293.00        0.00
     0     0      440.00     1287.00        0.00
     0     0      440.00     1281.00        0.00
     0     0      440.00     1275.00        0.00
     0     0      440.00     1269.00        0.00
     0     1      490.00     1243.00        0.00
     0     1      488.00     1253.00        0.00
     0     1      482.00     1255.00        0.00
     0     1      476.00     1255.00        0.00
     0     1      470.00     1255.00        0.00
     0     1      464.00     1257.00        0.00
     0     1      458.00     1257.00        0.00
     0     1      452.00     1257.00        0.00
     0     1      446.00     1255.00        0.00
     0     1      444.00     1249.00        0.00
     0     1      444.00     1243.00        0.00
     0     1      444.00     1237.00        0.00
     0     1      444.00     1227.00        0.00
     0     1      442.00     1221.00        0.00
     0     1      442.00     1215.00        0.00
     0     1      442.00     1207.00        0.00
     0     1      442.00     1201.00        0.00
     0     1      442.00     1195.00        0.00
     0     1      442.00     1187.00        0.00
     0     1      442.00     1181.00        0.00
     0     1      442.00     1175.00        0.00
     0     1      444.00     1169.00        0.00
     0     1      444.00     1163.00        0.00
     0     1      446.00     1153.00        0.00
     0     1      446.00     1147.00        0.00
     0     1      448.00     1141.00        0.00
     0     1      448.00     1133.00        0.00
     0     1      450.00     1127.00        0.00
     0     1      450.00     1121.00        0.00
     0     1      450.00     1115.00        0.00
     0     1      450.00     1107.00        0.00
     0     1      450.00     1101.00        0.00
     0     1      450.00     1095.00        0.00
     0     1      450.00     1089.00        0.00
     0     1      450.00     1083.00        0.00
     0     1      450.00     1077.00        0.00
     0     1      448.00     1069.00        0.00
     0     1      446.00     1063.00        0.00
     0     1      446.00     1057.00        0.00
     0     1      446.00     1051.00        0.00
     0     1      446.00     1045.00        0.00
     0     1      448.00     1039.00        0.00
     0     1      450.00     1031.00        0.00
     0     1      452.00     1025.00        0.00
     0     1      456.00     1017.00        0.00
     0     1      460.00     1013.00        0.00
     0     1      468.00     1011.00        0.00
     0     1      474.00     1011.00        0.00
     0     1      480.00     1011.00        0.00
     0     1      486.00     1013.00        0.00
     0     1      492.00     1015.00        0.00
     0     1      500.00     1017.00        0.00
     0     1      506.00     1017.00        0.00
     0     1      512.00     1019.00        0.00
     0     1      518.00     1019.00        0.00
     0     1      526.00     1019.00        0.00
     0     1      534.00     1021.00        0.00
     0     1      540.00     1021.00        0.00
     0     1      546.00     1021.00        0.00
     0     1      552.00     1023.00        0.00
     0     1      558.00     1023.00        0.00
     0     1      566.00     1023.00        0.00
     0     1      572.00     1021.00        0.00
     0     1      578.00     1017.00        0.00
     0     1      584.00     1013.00        0.00
     0     1      590.00     1011.00        0.00
     0     1      598.00     1009.00        0.00
     0     1      604.00     1005.00        0.00
     0     1      610.00     1005.00        0.00
     0     1      614.00     1001.00        0.00
     0     1      620.00     1001.00        0.00
     0     1      626.00      999.00        0.00
     0     1      632.00      997.00        0.00
     0     1      636.00      993.00        0.00
     0     1      642.00      991.00        0.00
     0     1      646.00      987.00        0.00
     0     1      652.00      983.00        0.00
     0     1      658.00      981.00        0.00
     0     1      662.00      977.00        0.00
     0     1      668.00      973.00        0.00
     0     1      674.00      969.00        0.00
     0     1      678.00      965.00        0.00
     0     1      686.00      961.00        0.00
     0     1      690.00      957.00        0.00
     0     1      698.00      955.00        0.00
     0     1      704.00      951.00        0.00
     0     1      708.00      947.00        0.00
     0     1      712.00      941.00        0.00
     0     1      716.00      937.00        0.00
     0     1      720.00      933.00        0.00
     0     1      726.00      929.00        0.00
     0     1      732.00      927.00        0.00
     0     1      740.00      923.00        0.00
     0     1      744.00      919.00        0.00
     0     1      748.00      913.00        0.00
     0     1      752.00      909.00        0.00
     0     1      756.00      903.00        0.00
     0     1      760.00      897.00        0.00
     0     1      762.00      891.00        0.00
     0     1      766.00      887.00        0.00
     0     1      770.00      879.00        0.00
     0     1      772.00      873.00        0.00
     0     1      776.00      869.00        0.00
     0     1      780.00      865.00        0.00
     0     1      786.00      863.00        0.00
     0     1      788.00      869.00        0.00
     0     1      786.00      875.00        0.00
     0     1      782.00      881.00        0.00
     0     1      780.00      887.00        0.00
     0     1      776.00      893.00        0.00
     0     1      774.00      899.00        0.00
     0     1      772.00      905.00        0.00
     0     1      768.00      911.00        0.00
     0     1      764.00      915.00        0.00
     0     1      758.00      919.00        0.00
     0     1      754.00      923.00        0.00
     0     1      750.00      927.00        0.00
     0     1      746.00      931.00        0.00
     0     1      742.00      935.00        0.00
     0     1      738.00      939.00        0.00
     0     1      734.00      943.00        0.00
     0     1      730.00      947.00        0.00
     0     1      726.00      951.00        0.00
     0     1      720.00      957.00        0.00
     0     1      716.00      961.00        0.00
     0     1      712.00      965.00        0.00
     0     1      708.00      969.00        0.00
     0     1      704.00      973.00        0.00
     0     1      698.00      977.00        0.00
     0     1      690.00      979.00        0.00
     0     1      684.00      981.00        0.00
     0     1      680.00      985.00        0.00
     0     1      674.00      989.00        0.00
     0     1      668.00      993.00        0.00
     0     1      662.00      997.00        0.00
     0     1      658.00     1001.00        0.00
     0     1      650.00     1005.00        0.00
     0     1      644.00     1009.00        0.00
     0     1      636.00     1011.00        0.00
     0     1      630.00     1015.00        0.00
     0     1      624.00     1019.00        0.00
     0     1      616.00     1023.00        0.00
     0     1      608.00     1027.00        0.00
     0     1      602.00     1031.00        0.00
     0     1      598.00     1035.00        0.00
     0     1      594.00     1039.00        0.00
     0     1      590.00     1045.00        0.00
     0     1      586.00     1049.00        0.00
     0     1      582.00     1057.00        0.00
     0     1      580.00     1063.00        0.00
     0     1      580.00     1069.00        0.00
     0     1      578.00     1075.00        0.00
     0     1      576.00     1081.00        0.00
     0     1      574.00     1087.00        0.00
     0     1      570.00     1091.00        0.00
     0     1      566.00     1097.00        0.00
     0     1      562.00     1105.00        0.00
     0     1      556.00     1111.00        0.00
     0     1      552.00     1117.00        0.00
     0     1      548.00     1123.00        0.00
     0     1      544.00     1127.00        0.00
     0     1      540.00     1133.00        0.00
     0     1      536.00     1137.00        0.00
     0     1      532.00     1145.00        0.00
     0     1      528.00     1151.00        0.00
     0     1      524.00     1159.00        0.00
     0     1      520.00     1163.00        0.00
     0     1      518.00     1169.00        0.00
     0     1      516.00     1175.00        0.00
     0     1      514.00     1181.00        0.00
     0     1      514.00     1187.00        0.00
     0     2      662.00     1221.00        0.00
     0     2      656.00     1227.00        0.00
     0     2      648.00     1229.00        0.00
     0     2      642.00     1229.00        0.00
     0     2      634.00     1233.00        0.00
     0     2      626.00     1233.00        0.00
     0     2      618.00     1235.00        0.00
     0     2      612.00     1239.00        0.00
     0     2      606.00     1241.00        0.00
     0     2      598.00     1243.00        0.00
     0     2      592.00     1245.00        0.00
     0     2      584.00     1245.00        0.00
     0     2      578.00     1245.00        0.00
     0     2      572.00     1245.00        0.00
     0     2      566.00     1245.00        0.00
     0     2      560.00     1245.00        0.00
     0     2      552.00     1245.00        0.00
     0     2      546.00     1243.00        0.00
     0     2      542.00     1237.00        0.00
     0     2      538.00     1229.00        0.00
     0     2      532.00     1223.00        0.00
     0     2      530.00     1217.00        0.00
     0     2      526.00     1209.00        0.00
     0     2      524.00     1203.00        0.00
     0     2      522.00     1195.00        0.00
     0     2      522.00     1189.00        0.00
     0     2      522.00     1183.00        0.00
     0     2      524.00     1177.00        0.00
     0     2      526.00     1171.00        0.00
     0     2      526.00     1165.00        0.00
     0     2      528.00     1159.00        0.00
     0     2      530.00     1153.00        0.00
     0     2      532.00     1147.00        0.00
     0     2      532.00     1141.00        0.00
     0     2      536.00     1137.00        0.00
     0     2      540.00     1131.00        0.00
     0     2      542.00     1125.00        0.00
     0     2      548.00     1123.00        0.00
     0     2      554.00     1123.00        0.00
     0     2      560.00     1125.00        0.00
     0     2      566.00     1127.00        0.00
     0     2      570.00     1131.00        0.00
     0     2      576.00     1133.00        0.00
     0     2      582.00     1137.00        0.00
     0     2      588.00     1141.00        0.00
     0     2      594.00     1143.00        0.00
     0     2      600.00     1147.00        0.00
     0     2      606.00     1151.00        0.00
     0     2      612.00     1153.00        0.00
     0     2      616.00     1157.00        0.00
     0     2      624.00     1159.00        0.00
     0     2      630.00     1161.00        0.00
     0     2      636.00     1163.00        0.00
     0     2      642.00     1165.00        0.00
     0     2      650.00     1167.00        0.00
     0     2      658.00     1169.00        0.00
     0     2      668.00     1169.00        0.00
     0     2      674.00     1171.00        0.00
     0     2      682.00     1171.00        0.00
     0     2      690.00     1173.00        0.00
     0     2      698.00     1173.00        0.00
     0     2      704.00     1173.00        0.00
     0     2      712.00     1173.00        0.00
     0     2      720.00     1173.00        0.00
     0     2      730.00     1171.00        0.00
     0     2      738.00     1169.00        0.00
     0     2      746.00     1167.00        0.00
     0     2      752.00     1165.00        0.00
     0     2      758.00     1163.00        0.00
     0     2      764.00     1163.00        0.00
     0     2      772.00     1161.00        0.00
     0     2      778.00     1159.00        0.00
     0     2      788.00     1157.00        0.00
     0     2      794.00     1157.00        0.00
     0     2      802.00     1153.00        0.00
     0     2      810.00     1153.00        0.00
     0     2      818.00     1151.00        0.00
     0     2      824.00     1149.00        0.00
     0     2      832.00     1147.00        0.00
     0     2      840.00     1143.00        0.00
     0     2      848.00     1141.00        0.00
     0     2      856.00     1139.00        0.00
     0     2      866.00     1137.00        0.00
     0     2      872.00     1137.00        0.00
     0     2      880.00     1135.00        0.00
     0     2      886.00     1133.00        0.00
     0     2      892.00     1133.00        0.00
     0     2      902.00     1131.00        0.00
     0     2      910.00     1131.00        0.00
     0     2      916.00     1131.00        0.00
     0     2      924.00     1131.00        0.00
     0     2      932.00     1135.00        0.00
     0     2      938.00     1137.00        0.00
     0     2      942.00     1141.00        0.00
     0     2      942.00     1147.00        0.00
     0     2      942.00     1153.00        0.00
     0     2      938.00     1159.00        0.00
     0     2      932.00     1163.00        0.00
     0     2      926.00     1167.00        0.00
     0     2      920.00     1171.00        0.00
     0     2      912.00     1177.00        0.00
     0     2      906.00     1181.00        0.00
     0     2      900.00     1183.00        0.00
     0     2      896.00     1187.00        0.00
     0     2      890.00     1189.00        0.00
     0     2      882.00     1193.00        0.00
     0     2      876.00     1195.00        0.00
     0     2      868.00     1197.00        0.00
     0     2      860.00     1199.00        0.00
     0     2      854.00     1201.00        0.00
     0     2      848.00     1201.00        0.00
     0     2      840.00     1203.00        0.00
     0     2      834.00     1205.00        0.00
     0     2      828.00     1207.00        0.00
     0     2      820.00     1211.00        0.00
     0     2      814.00     1211.00        0.00
     0     2      808.00     1213.00        0.00
     0     2      802.00     1215.00        0.00
     0     2      796.00     1215.00        0.00
     0     2      790.00     1217.00        0.00
     0     2      782.00     1217.00        0.00
     0     2      776.00     1217.00        0.00
     0     2      770.00     1217.00        0.00
     0     2      764.00     1219.00        0.00
     0     2      756.00     1219.00        0.00
     0     2      750.00     1219.00        0.00
     0     2      742.00     1219.00        0.00
     0     2      736.00     1219.00        0.00
     0     2      730.00     1219.00        0.00
     0     2      724.00     1217.00        0.00
     0     3     1658.00      517.00        0.00
     0     3     1636.00      515.00        0.00
     0     3     1630.00      513.00        0.00
     0     3     1624.00      511.00        0.00
     0     3     1618.00      509.00        0.00
     0     3     1612.00      509.00        0.00
     0     3     1606.00      511.00        0.00
     0     3     1600.00      511.00        0.00
     0     3     1592.00      511.00        0.00
     0     3     1584.00      511.00        0.00
     0     3     1578.00      511.00        0.00
     0     3     1572.00      509.00        0.00
     0     3     1568.00      505.00        0.00
     0     3     1564.00      501.00        0.00
     0     3     1560.00      497.00        0.00
     0     3     1558.00      491.00        0.00
     0     3     1556.00      485.00        0.00
     0     3     1556.00      477.00        0.00
     0     3     1554.00      471.00        0.00
     0     3     1554.00      465.00        0.00
     0     3     1554.00      459.00        0.00
     0     3     1554.00      453.00        0.00
     0     3     1558.00      447.00        0.00
     0     3     1560.00      441.00        0.00
     0     3     1564.00      435.00        0.00
     0     3     1566.00      429.00        0.00
     0     3     1568.00      423.00        0.00
     0     3     1568.00      417.00        0.00
     0     3     1572.00      411.00        0.00
     0     3     1574.00      403.00        0.00
     0     3     1578.00      399.00        0.00
     0     3     1580.00      393.00        0.00
     0     3     1584.00      387.00        0.00
     0     3     1588.00      381.00        0.00
     0     3     1592.00      377.00        0.00
     0     3     1596.00      373.00        0.00
     0     3     1602.00      369.00        0.00
     0     3     1610.00      365.00        0.00
     0     3     1616.00      361.00        0.00
     0     3     1622.00      357.00        0.00
     0     3     1626.00      351.00        0.00
     0     3     1632.00      347.00        0.00
     0     3     1640.00      345.00        0.00
     0     3     1646.00      343.00        0.00
     0     3     1654.00      343.00        0.00
     0     3     1664.00      341.00        0.00
     0     3     1670.00      341.00        0.00
     0     3     1676.00      341.00        0.00
     0     3     1682.00      343.00        0.00
     0     3     1684.00      349.00        0.00
     0     3     1686.00      355.00        0.00
     0     3     1688.00      363.00        0.00
     0     3     1688.00      371.00        0.00
     0     3     1692.00      381.00        0.00
     0     3     1692.00      387.00        0.00
     0     3     1694.00      393.00        0.00
     0     3     1696.00      401.00        0.00
     0     3     1696.00      407.00        0.00
     0     3     1698.00      415.00        0.00
     0     3     1698.00      423.00        0.00
     0     3     1696.00      429.00        0.00
     0     3     1696.00      435.00        0.00
     0     3     1696.00      441.00        0.00
     0     3     1696.00      449.00        0.00
     0     3     1698.00      455.00        0.00
     0     3     1698.00      461.00        0.00
     0     3     1700.00      467.00        0.00
     0     3     1700.00      473.00        0.00
     0     3     1700.00      479.00        0.00
     0     3     1698.00      485.00        0.00
     0     3     1698.00      491.00        0.00
     0     3     1696.00      497.00        0.00
     0     3     1694.00      503.00        0.00
     0     3     1690.00      507.00        0.00
     0     3     1686.00      511.00        0.00
     0     4      574.00      305.00        0.00
     0     4      554.00      307.00        0.00
     0     4      546.00      305.00        0.00
     0     4      538.00      303.00        0.00
     0     4      532.00      301.00        0.00
     0     4      526.00      299.00        0.00
     0     4      520.00      297.00        0.00
     0     4      514.00      295.00        0.00
     0     4      508.00      293.00        0.00
     0     4      500.00      291.00        0.00
     0     4      494.00      291.00        0.00
     0     4      488.00      289.00        0.00
     0     4      482.00      289.00        0.00
     0     4      476.00      287.00        0.00
     0     4      470.00      287.00        0.00
     0     4      462.00      287.00        0.00
     0     4      456.00      285.00        0.00
     0     4      450.00      285.00        0.00
     0     4      444.00      285.00        0.00
     0     4      438.00      285.00        0.00
     0     4      432.00      287.00        0.00
     0     4      426.00      289.00        0.00
     0     4      420.00      293.00        0.00
     0     4      412.00      295.00        0.00
     0     4      404.00      299.00        0.00
     0     4      396.00      303.00        0.00
     0     4      392.00      307.00        0.00
     0     4      386.00      311.00        0.00
     0     4      382.00      315.00        0.00
     0     4      376.00      321.00        0.00
     0     4      370.00      325.00        0.00
     0     4      364.00      329.00        0.00
     0     4      358.00      333.00        0.00
     0     4      352.00      337.00        0.00
     0     4      346.00      339.00        0.00
     0     4      342.00      343.00        0.00
     0     4      336.00      347.00        0.00
     0     4      332.00      351.00        0.00
     0     4      324.00      355.00        0.00
     0     4      316.00      361.00        0.00
     0     4      310.00      365.00        0.00
     0     4      306.00      369.00        0.00
     0     4      294.00      373.00        0.00
     0     4      288.00      377.00        0.00
     0     4      280.00      383.00        0.00
     0     4      274.00      387.00        0.00
     0     4      268.00      391.00        0.00
     0     4      264.00      395.00        0.00
     0     4      260.00      399.00        0.00
     0     4      256.00      403.00        0.00
     0     4      250.00      405.00        0.00
     0     4      244.00      407.00        0.00
     0     4      236.00      407.00        0.00
     0     4      230.00      407.00        0.00
     0     4      222.00      407.00        0.00
     0     4      214.00      407.00        0.00
     0     4      206.00      403.00        0.00
     0     4      198.00      401.00        0.00
     0     4      192.00      399.00        0.00
     0     4      186.00      397.00        0.00
     0     4      176.00      395.00        0.00
     0     4      170.00      391.00        0.00
     0     4      164.00      389.00        0.00
     0     4      160.00      385.00        0.00
     0     4      154.00      383.00        0.00
     0     4      150.00      379.00        0.00
     0     4      144.00      375.00        0.00
     0     4      140.00      371.00        0.00
     0     4      138.00      365.00        0.00
     0     4      138.00      359.00        0.00
     0     4      136.00      353.00        0.00
     0     4      136.00      347.00        0.00
     0     4      136.00      341.00        0.00
     0     4      136.00      335.00        0.00
     0     4      136.00      329.00        0.00
     0     4      138.00      321.00        0.00
     0     4      138.00      315.00        0.00
     0     4      140.00      309.00        0.00
     0     4      142.00      303.00        0.00
     0     4      146.00      295.00        0.00
     0     4      148.00      289.00        0.00
     0     4      154.00      283.00        0.00
     0     4      158.00      277.00        0.00
     0     4      162.00      273.00        0.00
     0     4      166.00      267.00        0.00
     0     4      172.00      263.00        0.00
     0     4      180.00      261.00        0.00
     0     4      186.00      257.00        0.00
     0     4      192.00      253.00        0.00
     0     4      198.00      249.00        0.00
     0     4      206.00      247.00        0.00
     0     4      212.00      243.00        0.00
     0     4      218.00      243.00        0.00
     0     4      224.00      241.00        0.00
     0     4      230.00      241.00        0.00
     0     4      236.00      241.00        0.00
     0     4      242.00      241.00        0.00
     0     4      248.00      243.00        0.00
     0     4      254.00      247.00        0.00
     0     4      260.00      251.00        0.00
     0     4      266.00      251.00        0.00
     0     4      272.00      253.00        0.00
     0     4      278.00      253.00        0.00
     0     4      284.00      253.00        0.00
     0     4      296.00      253.00        0.00
     0     4      304.00      253.00        0.00
     0     4      314.00      251.00        0.00
     0     4      320.00      249.00        0.00
     0     4      326.00      249.00        0.00
     0     4      332.00      247.00        0.00
     0     4      338.00      245.00        0.00
     0     4      346.00      245.00        0.00
     0     4      354.00      245.00        0.00
     0     4      360.00      245.00        0.00
     0     4      366.00      245.00        0.00
     0     4      372.00      247.00        0.00
     0     4      378.00      249.00        0.00
     0     4      384.00      249.00        0.00
     0     4      390.00      251.00        0.00
     0     4      396.00      253.00        0.00
     0     4      402.00      257.00        0.00
     0     4      408.00      259.00        0.00
     0     4      418.00      261.00        0.00
     0     4      428.00      263.00        0.00
     0     4      436.00      263.00        0.00
     0     4      444.00      265.00        0.00
     0     4      452.00      265.00        0.00
     0     4      458.00      265.00        0.00
     0     4      468.00      267.00        0.00
     0     4      476.00      267.00        0.00
     0     4      484.00      269.00        0.00
     0     4      490.00      269.00        0.00
     0     4      498.00      269.00        0.00
     0     4      504.00      271.00        0.00
     0     4      514.00      273.00        0.00
     0     4      520.00      273.00        0.00
     0     4      526.00      275.00        0.00
     0     4      532.00      275.00        0.00
     0     4      538.00      277.00        0.00
     0     4      544.00      279.00        0.00
     0     4      550.00      279.00        0.00
     0     4      556.00      281.00        0.00
     0     5      494.00      205.00        0.00
     0     5      474.00      201.00        0.00
     0     5      466.00      199.00        0.00
     0     5      458.00      197.00        0.00
     0     5      450.00      193.00        0.00
     0     5      440.00      191.00        0.00
     0     5      434.00      189.00        0.00
     0     5      426.00      185.00        0.00
     0     5      418.00      181.00        0.00
     0     5      410.00      177.00        0.00
     0     5      402.00      175.00        0.00
     0     5      396.00      173.00        0.00
     0     5      386.00      169.00        0.00
     0     5      380.00      167.00        0.00
     0     5      374.00      163.00        0.00
     0     5      366.00      159.00        0.00
     0     5      358.00      157.00        0.00
     0     5      352.00      155.00        0.00
     0     5      344.00      153.00        0.00
     0     5      336.00      151.00        0.00
     0     5      330.00      149.00        0.00
     0     5      324.00      149.00        0.00
     0     5      316.00      147.00        0.00
     0     5      308.00      145.00        0.00
     0     5      300.00      145.00        0.00
     0     5      292.00      143.00        0.00
     0     5      284.00      141.00        0.00
     0     5      276.00      139.00        0.00
     0     5      270.00      137.00        0.00
     0     5      264.00      137.00        0.00
     0     5      258.00      135.00        0.00
     0     5      250.00      133.00        0.00
     0     5      244.00      131.00        0.00
     0     5      234.00      129.00        0.00
     0     5      228.00      127.00        0.00
     0     5      222.00      127.00        0.00
     0     5      216.00      125.00        0.00
     0     5      210.00      123.00        0.00
     0     5      204.00      121.00        0.00
     0     5      198.00      117.00        0.00
     0     5      192.00      113.00        0.00
     0     5      188.00      109.00        0.00
     0     5      186.00      103.00        0.00
     0     5      184.00       97.00        0.00
     0     5      182.00       91.00        0.00
     0     5      182.00       85.00        0.00
     0     5      182.00       79.00        0.00
     0     5      184.00       73.00        0.00
     0     5      186.00       67.00        0.00
     0     5      190.00       61.00        0.00
     0     5      194.00       55.00        0.00
     0     5      198.00       49.00        0.00
     0     5      202.00       45.00        0.00
     0     5      208.00       41.00        0.00
     0     5      214.00       37.00        0.00
     0     5      220.00       37.00        0.00
     0     5      226.00       37.00        0.00
     0     5      234.00       37.00        0.00
     0     5      244.00       39.00        0.00
     0     5      250.00       41.00        0.00
     0     5      258.00       47.00        0.00
     0     5      264.00       51.00        0.00
     0     5      268.00       57.00        0.00
     0     5      274.00       59.00        0.00
     0     5      278.00       63.00        0.00
     0     5      284.00       65.00        0.00
     0     5      290.00       69.00        0.00
     0     5      298.00       71.00        0.00
     0     5      302.00       75.00        0.00
     0     5      308.00       77.00        0.00
     0     5      312.00       81.00        0.00
     0     5      318.00       85.00        0.00
     0     5      324.00       89.00        0.00
     0     5      326.00       95.00        0.00
     0     5      332.00      101.00        0.00
     0     5      336.00      107.00        0.00
     0     5      340.00      111.00        0.00
     0     5      344.00      115.00        0.00
     0     5      348.00      119.00        0.00
     0     5      354.00      123.00        0.00
     0     5      358.00      127.00        0.00
     0     5      362.00      131.00        0.00
     0     5      366.00      135.00        0.00
     0     5      370.00      139.00        0.00
     0     5      374.00      145.00        0.00
     0     5      380.00      149.00        0.00
     0     5      386.00      153.00        0.00
     0     5      392.00      155.00        0.00
     0     5      398.00      157.00        0.00
     0     5      404.00      157.00        0.00
     0     5      410.00      159.00        0.00
     0     5      416.00      161.00        0.00
     0     5      422.00      163.00        0.00
     0     5      428.00      165.00        0.00
     0     5      434.00      165.00        0.00
     0     5      440.00      167.00        0.00
     0     5      446.00      169.00        0.00
     0     5      452.00      171.00        0.00
     0     5      460.00      173.00        0.00
     0     5      466.00      175.00        0.00
     0     5      472.00      177.00        0.00
     0     5      478.00      183.00        0.00
     0     5      482.00      187.00        0.00
     0     6      980.00      127.00        0.00
     0     6      964.00      119.00        0.00
     0     6      958.00      115.00        0.00
     0     6      948.00      111.00        0.00
     0     6      942.00      109.00        0.00
     0     6      936.00      105.00        0.00
     0     6      930.00      105.00        0.00
     0     6      924.00      103.00        0.00
     0     6      916.00       99.00        0.00
     0     6      908.00       97.00        0.00
     0     6      902.00       97.00        0.00
     0     6      894.00       95.00        0.00
     0     6      888.00       93.00        0.00
     0     6      882.00       91.00        0.00
     0     6      876.00       89.00        0.00
     0     6      868.00       87.00        0.00
     0     6      862.00       87.00        0.00
     0     6      856.00       87.00        0.00
     0     6      850.00       87.00        0.00
     0     6      842.00       87.00        0.00
     0     6      836.00       87.00        0.00
     0     6      830.00       87.00        0.00
     0     6      822.00       87.00        0.00
     0     6      814.00       87.00        0.00
     0     6      806.00       87.00        0.00
     0     6      798.00       87.00        0.00
     0     6      788.00       87.00        0.00
     0     6      778.00       85.00        0.00
     0     6      772.00       85.00        0.00
     0     6      766.00       83.00        0.00
     0     6      760.00       81.00        0.00
     0     6      756.00       77.00        0.00
     0     6      752.00       71.00        0.00
     0     6      754.00       65.00        0.00
     0     6      756.00       59.00        0.00
     0     6      764.00       53.00        0.00
     0     6      770.00       49.00        0.00
     0     6      780.00       47.00        0.00
     0     6      788.00       45.00        0.00
     0     6      804.00       45.00        0.00
     0     6      810.00       43.00        0.00
     0     6      820.00       43.00        0.00
     0     6      830.00       43.00        0.00
     0     6      836.00       43.00        0.00
     0     6      844.00       43.00        0.00
     0     6      850.00       43.00        0.00
     0     6      856.00       43.00        0.00
     0     6      864.00       43.00        0.00
     0     6      870.00       43.00        0.00
     0     6      876.00       43.00        0.00
     0     6      882.00       43.00        0.00
     0     6      888.00       43.00        0.00
     0     6      896.00       45.00        0.00
     0     6      904.00       47.00        0.00
     0     6      910.00       51.00        0.00
     0     6      916.00       55.00        0.00
     0     6      922.00       57.00        0.00
     0     6      928.00       59.00        0.00
     0     6      934.00       63.00        0.00
     0     6      942.00       67.00        0.00
     0     6      948.00       71.00        0.00
     0     6      954.00       75.00        0.00
     0     6      960.00       79.00        0.00
     0     6      968.00       83.00        0.00
     0     6      974.00       87.00        0.00
     0     6      980.00       89.00        0.00
     0     6      986.00       93.00        0.00
     0     6      992.00       97.00        0.00
     0     6     1000.00      101.00        0.00
     0     6     1004.00      105.00        0.00
     0     6     1010.00      109.00        0.00
     0     6     1014.00      113.00        0.00
     0     6     1020.00      117.00        0.00
     0     6     1026.00      121.00        0.00
     0     6     1032.00      123.00        0.00
     0     6     1040.00      127.00        0.00
     0     6     1046.00      131.00        0.00
     0     6     1052.00      135.00        0.00
     0     6     1058.00      137.00        0.00
     0     6     1064.00      141.00        0.00
     0     6     1072.00      145.00        0.00
     0     6     1078.00      149.00        0.00
     0     6     1084.00      153.00        0.00
     0     6     1090.00      153.00        0.00
     0     6     1096.00      157.00        0.00
     0     6     1102.00      159.00        0.00
     0     6     1108.00      163.00        0.00
     0     6     1114.00      165.00        0.00
     0     6     1122.00      169.00        0.00
     0     6     1128.00      171.00        0.00
     0     6     1134.00      175.00        0.00
     0     6     1140.00      177.00        0.00
     0     6     1146.00      179.00        0.00
     0     6     1150.00      183.00        0.00
     0     6     1158.00      185.00        0.00
     0     6     1164.00      189.00        0.00
     0     6     1172.00      191.00        0.00
     0     6     1178.00      195.00        0.00
     0     6     1184.00      199.00        0.00
     0     6     1192.00      201.00        0.00
     0     6     1200.00      205.00        0.00
     0     6     1206.00      209.00        0.00
     0     6     1214.00      213.00        0.00
     0     6     1220.00      215.00        0.00
     0     6     1226.00      217.00        0.00
     0     6     1232.00      221.00        0.00
     0     6     1238.00      223.00        0.00
     0     6     1246.00      227.00        0.00
     0     6     1252.00      229.00        0.00
     0     6     1258.00      231.00        0.00
     0     6     1264.00      235.00        0.00
     0     6     1270.00      235.00        0.00
     0     6     1276.00      239.00        0.00
     0     6     1282.00      243.00        0.00
     0     6     1290.00      245.00        0.00
     0     6     1298.00      247.00        0.00
     0     6     1306.00      249.00        0.00
     0     6     1314.00      251.00        0.00
     0     6     1320.00      253.00        0.00
     0     6     1328.00      255.00        0.00
     0     6     1334.00      257.00        0.00
     0     6     1340.00      259.00        0.00
     0     6     1346.00      261.00        0.00
     0     6     1354.00      263.00        0.00
     0     6     1360.00      265.00        0.00
     0     6     1366.00      267.00        0.00
     0     6     1372.00      269.00        0.00
     0     6     1378.00      271.00        0.00
     0     6     1384.00      273.00        0.00
     0     6     1392.00      277.00        0.00
     0     6     1400.00      279.00        0.00
     0     6     1406.00      281.00        0.00
     0     6     1412.00      283.00        0.00
     0     6     1418.00      285.00        0.00
     0     6     1426.00      285.00        0.00
     0     6     1434.00      285.00        0.00
     0     6     1440.00      287.00        0.00
     0     6     1446.00      289.00        0.00
     0     6     1452.00      289.00        0.00
     0     6     1458.00      289.00        0.00
     0     6     1450.00      291.00        0.00
     0     6     1444.00      291.00        0.00
     0     6     1438.00      291.00        0.00
     0     6     1432.00      291.00        0.00
     0     6     1424.00      293.00        0.00
     0     6     1418.00      293.00        0.00
     0     6     1410.00      293.00        0.00
     0     6     1402.00      293.00        0.00
     0     6     1394.00      293.00        0.00
     0     6     1388.00      291.00        0.00
     0     6     1382.00      289.00        0.00
     0     6     1376.00      287.00        0.00
     0     6     1370.00      285.00        0.00
     0     6     1364.00      283.00        0.00
     0     6     1358.00      281.00        0.00
     0     6     1352.00      277.00        0.00
     0     6     1344.00      273.00        0.00
     0     6     1338.00      271.00        0.00
     0     6     1332.00      269.00        0.00
     0     6     1324.00      267.00        0.00
     0     6     1318.00      265.00        0.00
     0     6     1310.00      261.00        0.00
     0     6     1302.00      257.00        0.00
     0     6     1296.00      255.00        0.00
     0     6     1290.00      251.00        0.00
     0     6     1286.00      247.00        0.00
     0     6     1280.00      245.00        0.00
     0     6     1274.00      241.00        0.00
     0     6     1268.00      239.00        0.00
     0     6     1262.00      235.00        0.00
     0     6     1256.00      233.00        0.00
     0     6     1246.00      229.00        0.00
     0     6     1242.00      225.00        0.00
     0     6     1236.00      223.00        0.00
     0     6     1228.00      221.00        0.00
     0     6     1224.00      217.00        0.00
     0     6     1218.00      215.00        0.00
     0     6     1212.00      211.00        0.00
     0     6     1206.00      211.00        0.00
     0     6     1198.00      207.00        0.00
     0     6     1192.00      205.00        0.00
     0     6     1186.00      203.00        0.00
     0     6     1180.00      201.00        0.00
     0     6     1174.00      199.00        0.00
     0     6     1168.00      197.00        0.00
     0     6     1162.00      193.00        0.00
     0     6     1156.00      191.00        0.00
     0     6     1148.00      187.00        0.00
     0     6     1142.00      187.00        0.00
     0     6     1136.00      185.00        0.00
     0     6     1130.00      181.00        0.00
     0     6     1124.00      181.00        0.00
     0     6     1120.00      177.00        0.00
     0     6     1114.00      175.00        0.00
     0     6     1108.00      171.00        0.00
     0     6     1102.00      169.00        0.00
     0     6     1098.00      165.00        0.00
     0     6     1092.00      163.00        0.00
     0     6     1086.00      159.00        0.00
