     0     0      250.00     1095.00        0.00
     0     0      252.00     1105.00        0.00
     0     0      252.00     1111.00        0.00
     0     0      252.00     1117.00        0.00
     0     0      252.00     1123.00        0.00
     0     0      252.00     1129.00        0.00
     0     0      250.00     1137.00        0.00
     0     0      248.00     1145.00        0.00
     0     0      246.00     1153.00        0.00
     0     0      244.00     1161.00        0.00
     0     0      240.00     1169.00        0.00
     0     0      236.00     1175.00        0.00
     0     0      234.00     1181.00        0.00
     0     0      230.00     1187.00        0.00
     0     0      228.00     1195.00        0.00
     0     0      226.00     1201.00        0.00
     0     0      224.00     1207.00        0.00
     0     0      222.00     1215.00        0.00
     0     0      222.00     1223.00        0.00
     0     0      220.00     1229.00        0.00
     0     0      218.00     1235.00        0.00
     0     0      218.00     1243.00        0.00
     0     0      216.00     1249.00        0.00
     0     0      216.00     1255.00        0.00
     0     0      214.00     1261.00        0.00
     0     0      214.00     1267.00        0.00
     0     0      210.00     1275.00        0.00
     0     0      208.00     1283.00        0.00
     0     0      202.00     1289.00        0.00
     0     0      200.00     1297.00        0.00
     0     0      196.00     1305.00        0.00
     0     0      192.00     1317.00        0.00
     0     0      188.00     1325.00        0.00
     0     0      186.00     1333.00        0.00
     0     0      184.00     1341.00        0.00
     0     0      184.00     1347.00        0.00
     0     0      182.00     1353.00        0.00
     0     0      180.00     1359.00        0.00
     0     0      176.00     1365.00        0.00
     0     0      172.00     1371.00        0.00
     0     0      166.00     1373.00        0.00
     0     0      158.00     1373.00        0.00
     0     0      150.00     1373.00        0.00
     0     0      142.00     1369.00        0.00
     0     0      136.00     1365.00        0.00
     0     0      130.00     1363.00        0.00
     0     0      124.00     1361.00        0.00
     0     0      120.00     1357.00        0.00
     0     0      116.00     1353.00        0.00
     0     0      112.00     1347.00        0.00
     0     0      108.00     1341.00        0.00
     0     0      106.00     1335.00        0.00
     0     0      104.00     1327.00        0.00
     0     0      102.00     1321.00        0.00
     0     0      100.00     1315.00        0.00
     0     0       96.00     1311.00        0.00
     0     0       92.00     1303.00        0.00
     0     0       90.00     1297.00        0.00
     0     0       90.00     1291.00        0.00
     0     0       90.00     1285.00        0.00
     0     0       96.00     1277.00        0.00
     0     0      102.00     1269.00        0.00
     0     0      104.00     1263.00        0.00
     0     0      108.00     1257.00        0.00
     0     0      114.00     1247.00        0.00
     0     0      118.00     1239.00        0.00
     0     0      122.00     1231.00        0.00
     0     0      126.00     1227.00        0.00
     0     0      130.00     1221.00        0.00
     0     0      134.00     1217.00        0.00
     0     0      138.00     1209.00        0.00
     0     0      142.00     1205.00        0.00
     0     0      146.00     1197.00        0.00
     0     0      148.00     1191.00        0.00
     0     0      150.00     1185.00        0.00
     0     0      152.00     1179.00        0.00
     0     0      154.00     1173.00        0.00
     0     0      156.00     1165.00        0.00
     0     0      158.00     1159.00        0.00
     0     0      160.00     1153.00        0.00
     0     0      162.00     1147.00        0.00
     0     0      164.00     1139.00        0.00
     0     0      166.00     1133.00        0.00
     0     0      168.00     1127.00        0.00
     0     0      170.00     1121.00        0.00
     0     0      170.00     1115.00        0.00
     0     0      170.00     1109.00        0.00
     0     0      170.00     1101.00        0.00
     0     0      170.00     1095.00        0.00
     0     0      172.00     1089.00        0.00
     0     0      174.00     1079.00        0.00
     0     0      176.00     1073.00        0.00
     0     0      180.00     1065.00        0.00
     0     0      182.00     1059.00        0.00
     0     0      184.00     1051.00        0.00
     0     0      186.00     1045.00        0.00
     0     0      188.00     1039.00        0.00
     0     0      188.00     1033.00        0.00
     0     0      190.00     1025.00        0.00
     0     0      192.00     1019.00        0.00
     0     0      194.00     1013.00        0.00
     0     0      196.00     1007.00        0.00
     0     0      196.00     1001.00        0.00
     0     0      198.00      995.00        0.00
     0     0      198.00      989.00        0.00
     0     0      198.00      983.00        0.00
     0     0      198.00      977.00        0.00
     0     0      198.00      971.00        0.00
     0     0      198.00      963.00        0.00
     0     0      198.00      957.00        0.00
     0     0      198.00      951.00        0.00
     0     0      200.00      945.00        0.00
     0     0      204.00      941.00        0.00
     0     0      208.00      935.00        0.00
     0     0      212.00      931.00        0.00
     0     0      216.00      927.00        0.00
     0     0      224.00      923.00        0.00
     0     0      230.00      919.00        0.00
     0     0      234.00      915.00        0.00
     0     0      242.00      913.00        0.00
     0     0      248.00      913.00        0.00
     0     0      254.00      913.00        0.00
     0     0      260.00      913.00        0.00
     0     0      266.00      915.00        0.00
     0     0      266.00      921.00        0.00
     0     0      268.00      927.00        0.00
     0     0      268.00      933.00        0.00
     0     0      268.00      939.00        0.00
     0     0      268.00      945.00        0.00
     0     0      266.00      951.00        0.00
     0     0      264.00      957.00        0.00
     0     0      260.00      965.00        0.00
     0     0      258.00      971.00        0.00
     0     0      256.00      977.00        0.00
     0     0      254.00      983.00        0.00
     0     0      250.00      993.00        0.00
     0     0      248.00      999.00        0.00
     0     0      244.00     1007.00        0.00
     0     0      242.00     1013.00        0.00
     0     0      242.00     1019.00        0.00
     0     0      238.00     1025.00        0.00
     0     0      238.00     1031.00        0.00
     0     0      238.00     1037.00        0.00
     0     0      238.00     1043.00        0.00
     0     1      714.00     1175.00        0.00
     0     1      708.00     1189.00        0.00
     0     1      702.00     1197.00        0.00
     0     1      698.00     1201.00        0.00
     0     1      694.00     1205.00        0.00
     0     1      690.00     1209.00        0.00
     0     1      684.00     1213.00        0.00
     0     1      678.00     1217.00        0.00
     0     1      670.00     1219.00        0.00
     0     1      664.00     1219.00        0.00
     0     1      654.00     1219.00        0.00
     0     1      646.00     1219.00        0.00
     0     1      638.00     1215.00        0.00
     0     1      632.00     1213.00        0.00
     0     1      626.00     1209.00        0.00
     0     1      620.00     1205.00        0.00
     0     1      614.00     1201.00        0.00
     0     1      610.00     1197.00        0.00
     0     1      606.00     1191.00        0.00
     0     1      600.00     1185.00        0.00
     0     1      596.00     1179.00        0.00
     0     1      592.00     1173.00        0.00
     0     1      588.00     1169.00        0.00
     0     1      582.00     1163.00        0.00
     0     1      578.00     1159.00        0.00
     0     1      576.00     1153.00        0.00
     0     1      574.00     1147.00        0.00
     0     1      572.00     1137.00        0.00
     0     1      572.00     1131.00        0.00
     0     1      570.00     1123.00        0.00
     0     1      570.00     1115.00        0.00
     0     1      570.00     1107.00        0.00
     0     1      570.00     1099.00        0.00
     0     1      570.00     1089.00        0.00
     0     1      570.00     1081.00        0.00
     0     1      572.00     1073.00        0.00
     0     1      574.00     1067.00        0.00
     0     1      576.00     1059.00        0.00
     0     1      578.00     1051.00        0.00
     0     1      580.00     1043.00        0.00
     0     1      584.00     1037.00        0.00
     0     1      586.00     1031.00        0.00
     0     1      588.00     1025.00        0.00
     0     1      592.00     1021.00        0.00
     0     1      594.00     1015.00        0.00
     0     1      598.00     1011.00        0.00
     0     1      604.00     1007.00        0.00
     0     1      610.00     1003.00        0.00
     0     1      616.00     1003.00        0.00
     0     1      624.00     1001.00        0.00
     0     1      632.00     1001.00        0.00
     0     1      638.00     1001.00        0.00
     0     1      644.00     1001.00        0.00
     0     1      652.00     1001.00        0.00
     0     1      660.00     1001.00        0.00
     0     1      666.00     1003.00        0.00
     0     1      672.00     1003.00        0.00
     0     1      680.00     1003.00        0.00
     0     1      690.00     1005.00        0.00
     0     1      696.00     1005.00        0.00
     0     1      702.00     1005.00        0.00
     0     1      708.00     1003.00        0.00
     0     1      718.00     1001.00        0.00
     0     1      724.00      999.00        0.00
     0     1      730.00      997.00        0.00
     0     1      736.00      995.00        0.00
     0     1      744.00      993.00        0.00
     0     1      750.00      993.00        0.00
     0     1      756.00      993.00        0.00
     0     1      762.00      993.00        0.00
     0     1      770.00      993.00        0.00
     0     1      778.00      993.00        0.00
     0     1      786.00      993.00        0.00
     0     1      792.00      993.00        0.00
     0     1      798.00      993.00        0.00
     0     1      806.00      993.00        0.00
     0     1      814.00      993.00        0.00
     0     1      820.00      993.00        0.00
     0     1      828.00      993.00        0.00
     0     1      834.00      993.00        0.00
     0     1      840.00      993.00        0.00
     0     1      846.00      993.00        0.00
     0     1      852.00      993.00        0.00
     0     1      858.00      993.00        0.00
     0     1      866.00      993.00        0.00
     0     1      872.00      995.00        0.00
     0     1      876.00      999.00        0.00
     0     1      880.00     1003.00        0.00
     0     1      882.00     1009.00        0.00
     0     1      884.00     1017.00        0.00
     0     1      886.00     1025.00        0.00
     0     1      886.00     1033.00        0.00
     0     1      888.00     1039.00        0.00
     0     1      888.00     1045.00        0.00
     0     1      888.00     1055.00        0.00
     0     1      886.00     1063.00        0.00
     0     1      886.00     1069.00        0.00
     0     1      882.00     1073.00        0.00
     0     1      878.00     1079.00        0.00
     0     1      874.00     1083.00        0.00
     0     1      870.00     1089.00        0.00
     0     1      864.00     1093.00        0.00
     0     1      858.00     1097.00        0.00
     0     1      852.00     1101.00        0.00
     0     1      846.00     1103.00        0.00
     0     1      840.00     1105.00        0.00
     0     1      834.00     1107.00        0.00
     0     1      826.00     1111.00        0.00
     0     1      820.00     1113.00        0.00
     0     1      814.00     1115.00        0.00
     0     1      808.00     1117.00        0.00
     0     1      802.00     1119.00        0.00
     0     2     1256.00      757.00        0.00
     0     2     1274.00      763.00        0.00
     0     2     1280.00      765.00        0.00
     0     2     1286.00      769.00        0.00
     0     2     1294.00      771.00        0.00
     0     2     1302.00      775.00        0.00
     0     2     1308.00      779.00        0.00
     0     2     1312.00      783.00        0.00
     0     2     1318.00      787.00        0.00
     0     2     1326.00      791.00        0.00
     0     2     1330.00      795.00        0.00
     0     2     1336.00      803.00        0.00
     0     2     1342.00      809.00        0.00
     0     2     1346.00      813.00        0.00
     0     2     1352.00      819.00        0.00
     0     2     1354.00      825.00        0.00
     0     2     1356.00      835.00        0.00
     0     2     1358.00      843.00        0.00
     0     2     1358.00      851.00        0.00
     0     2     1356.00      857.00        0.00
     0     2     1354.00      867.00        0.00
     0     2     1354.00      873.00        0.00
     0     2     1352.00      879.00        0.00
     0     2     1350.00      885.00        0.00
     0     2     1346.00      893.00        0.00
     0     2     1342.00      899.00        0.00
     0     2     1338.00      905.00        0.00
     0     2     1334.00      909.00        0.00
     0     2     1328.00      917.00        0.00
     0     2     1326.00      923.00        0.00
     0     2     1322.00      931.00        0.00
     0     2     1318.00      937.00        0.00
     0     2     1316.00      943.00        0.00
     0     2     1312.00      949.00        0.00
     0     2     1308.00      953.00        0.00
     0     2     1302.00      949.00        0.00
     0     2     1298.00      941.00        0.00
     0     2     1294.00      937.00        0.00
     0     2     1288.00      929.00        0.00
     0     2     1282.00      925.00        0.00
     0     2     1276.00      923.00        0.00
     0     2     1272.00      919.00        0.00
     0     2     1268.00      915.00        0.00
     0     2     1264.00      909.00        0.00
     0     2     1262.00      903.00        0.00
     0     2     1260.00      897.00        0.00
     0     2     1258.00      891.00        0.00
     0     2     1256.00      883.00        0.00
     0     2     1252.00      875.00        0.00
     0     2     1250.00      869.00        0.00
     0     2     1250.00      861.00        0.00
     0     2     1248.00      851.00        0.00
     0     2     1248.00      841.00        0.00
     0     2     1246.00      833.00        0.00
     0     2     1246.00      825.00        0.00
     0     2     1244.00      819.00        0.00
     0     2     1244.00      813.00        0.00
     0     2     1242.00      807.00        0.00
     0     2     1240.00      801.00        0.00
     0     2     1238.00      795.00        0.00
     0     2     1238.00      789.00        0.00
     0     2     1238.00      781.00        0.00
     0     2     1238.00      775.00        0.00
     0     2     1238.00      769.00        0.00
     0     2     1240.00      763.00        0.00
     0     3     1470.00      937.00        0.00
     0     3     1480.00      937.00        0.00
     0     3     1486.00      937.00        0.00
     0     3     1494.00      941.00        0.00
     0     3     1500.00      945.00        0.00
     0     3     1506.00      949.00        0.00
     0     3     1510.00      953.00        0.00
     0     3     1514.00      959.00        0.00
     0     3     1518.00      963.00        0.00
     0     3     1522.00      967.00        0.00
     0     3     1526.00      973.00        0.00
     0     3     1530.00      981.00        0.00
     0     3     1532.00      987.00        0.00
     0     3     1536.00      995.00        0.00
     0     3     1538.00     1001.00        0.00
     0     3     1540.00     1007.00        0.00
     0     3     1542.00     1013.00        0.00
     0     3     1544.00     1019.00        0.00
     0     3     1548.00     1025.00        0.00
     0     3     1552.00     1033.00        0.00
     0     3     1556.00     1037.00        0.00
     0     3     1562.00     1045.00        0.00
     0     3     1566.00     1049.00        0.00
     0     3     1570.00     1053.00        0.00
     0     3     1574.00     1057.00        0.00
     0     3     1578.00     1061.00        0.00
     0     3     1584.00     1063.00        0.00
     0     3     1588.00     1067.00        0.00
     0     3     1594.00     1069.00        0.00
     0     3     1600.00     1071.00        0.00
     0     3     1608.00     1073.00        0.00
     0     3     1614.00     1075.00        0.00
     0     3     1622.00     1075.00        0.00
     0     3     1630.00     1077.00        0.00
     0     3     1636.00     1081.00        0.00
     0     3     1646.00     1083.00        0.00
     0     3     1652.00     1085.00        0.00
     0     3     1658.00     1087.00        0.00
     0     3     1664.00     1089.00        0.00
     0     3     1670.00     1091.00        0.00
     0     3     1676.00     1093.00        0.00
     0     3     1682.00     1097.00        0.00
     0     3     1688.00     1101.00        0.00
     0     3     1692.00     1107.00        0.00
     0     3     1692.00     1115.00        0.00
     0     3     1692.00     1121.00        0.00
     0     3     1688.00     1125.00        0.00
     0     3     1684.00     1133.00        0.00
     0     3     1678.00     1137.00        0.00
     0     3     1670.00     1143.00        0.00
     0     3     1662.00     1147.00        0.00
     0     3     1656.00     1151.00        0.00
     0     3     1650.00     1155.00        0.00
     0     3     1644.00     1157.00        0.00
     0     3     1638.00     1157.00        0.00
     0     3     1630.00     1157.00        0.00
     0     3     1624.00     1157.00        0.00
     0     3     1618.00     1155.00        0.00
     0     3     1612.00     1153.00        0.00
     0     3     1606.00     1149.00        0.00
     0     3     1600.00     1145.00        0.00
     0     3     1596.00     1141.00        0.00
     0     3     1588.00     1135.00        0.00
     0     3     1582.00     1131.00        0.00
     0     3     1574.00     1125.00        0.00
     0     3     1570.00     1121.00        0.00
     0     3     1562.00     1115.00        0.00
     0     3     1556.00     1109.00        0.00
     0     3     1550.00     1103.00        0.00
     0     3     1542.00     1097.00        0.00
     0     3     1536.00     1091.00        0.00
     0     3     1530.00     1085.00        0.00
     0     3     1524.00     1079.00        0.00
     0     3     1518.00     1071.00        0.00
     0     3     1514.00     1065.00        0.00
     0     3     1510.00     1059.00        0.00
     0     3     1506.00     1053.00        0.00
     0     3     1502.00     1047.00        0.00
     0     3     1498.00     1041.00        0.00
     0     3     1494.00     1035.00        0.00
     0     3     1490.00     1031.00        0.00
     0     3     1488.00     1025.00        0.00
     0     3     1484.00     1021.00        0.00
     0     3     1482.00     1015.00        0.00
     0     3     1478.00     1011.00        0.00
     0     3     1474.00     1005.00        0.00
     0     3     1470.00     1001.00        0.00
     0     3     1466.00      997.00        0.00
     0     3     1462.00      993.00        0.00
     0     3     1458.00      989.00        0.00
     0     3     1454.00      985.00        0.00
     0     3     1452.00      979.00        0.00
     0     3     1450.00      971.00        0.00
     0     3     1450.00      965.00        0.00
     0     4     1920.00      843.00        0.00
     0     4     1902.00      831.00        0.00
     0     4     1896.00      825.00        0.00
     0     4     1890.00      821.00        0.00
     0     4     1884.00      817.00        0.00
     0     4     1880.00      811.00        0.00
     0     4     1876.00      807.00        0.00
     0     4     1870.00      803.00        0.00
     0     4     1866.00      799.00        0.00
     0     4     1862.00      793.00        0.00
     0     4     1856.00      789.00        0.00
     0     4     1850.00      785.00        0.00
     0     4     1846.00      781.00        0.00
     0     4     1842.00      777.00        0.00
     0     4     1838.00      773.00        0.00
     0     4     1832.00      767.00        0.00
     0     4     1828.00      763.00        0.00
     0     4     1824.00      757.00        0.00
     0     4     1820.00      751.00        0.00
     0     4     1816.00      745.00        0.00
     0     4     1810.00      741.00        0.00
     0     4     1806.00      737.00        0.00
     0     4     1802.00      731.00        0.00
     0     4     1796.00      729.00        0.00
     0     4     1792.00      725.00        0.00
     0     4     1786.00      721.00        0.00
     0     4     1780.00      717.00        0.00
     0     4     1774.00      715.00        0.00
     0     4     1774.00      721.00        0.00
     0     4     1774.00      727.00        0.00
     0     4     1774.00      733.00        0.00
     0     4     1768.00      733.00        0.00
     0     4     1764.00      729.00        0.00
     0     4     1758.00      725.00        0.00
     0     4     1754.00      721.00        0.00
     0     4     1750.00      717.00        0.00
     0     4     1746.00      713.00        0.00
     0     4     1742.00      709.00        0.00
     0     4     1736.00      703.00        0.00
     0     4     1730.00      699.00        0.00
     0     4     1724.00      693.00        0.00
     0     4     1718.00      689.00        0.00
     0     4     1712.00      685.00        0.00
     0     4     1708.00      681.00        0.00
     0     4     1702.00      677.00        0.00
     0     4     1696.00      673.00        0.00
     0     4     1692.00      669.00        0.00
     0     4     1684.00      665.00        0.00
     0     4     1674.00      661.00        0.00
     0     4     1670.00      657.00        0.00
     0     4     1664.00      653.00        0.00
     0     4     1658.00      649.00        0.00
     0     4     1654.00      645.00        0.00
     0     4     1648.00      643.00        0.00
     0     4     1642.00      637.00        0.00
     0     4     1638.00      633.00        0.00
     0     4     1632.00      629.00        0.00
     0     4     1628.00      625.00        0.00
     0     4     1624.00      621.00        0.00
     0     4     1616.00      617.00        0.00
     0     4     1608.00      615.00        0.00
     0     4     1602.00      611.00        0.00
     0     4     1596.00      609.00        0.00
     0     4     1590.00      607.00        0.00
     0     4     1586.00      603.00        0.00
     0     4     1580.00      599.00        0.00
     0     4     1576.00      595.00        0.00
     0     4     1570.00      591.00        0.00
     0     4     1566.00      587.00        0.00
     0     4     1562.00      583.00        0.00
     0     4     1560.00      577.00        0.00
     0     4     1560.00      571.00        0.00
     0     4     1560.00      565.00        0.00
     0     4     1564.00      561.00        0.00
     0     4     1568.00      555.00        0.00
     0     4     1570.00      549.00        0.00
     0     4     1574.00      545.00        0.00
     0     4     1580.00      543.00        0.00
     0     4     1586.00      541.00        0.00
     0     4     1592.00      541.00        0.00
     0     4     1598.00      545.00        0.00
     0     4     1604.00      545.00        0.00
     0     4     1610.00      547.00        0.00
     0     4     1616.00      547.00        0.00
     0     4     1622.00      549.00        0.00
     0     4     1628.00      551.00        0.00
     0     4     1634.00      547.00        0.00
     0     4     1638.00      543.00        0.00
     0     4     1642.00      539.00        0.00
     0     4     1646.00      533.00        0.00
     0     4     1650.00      529.00        0.00
     0     4     1654.00      525.00        0.00
     0     4     1658.00      517.00        0.00
     0     4     1662.00      513.00        0.00
     0     4     1664.00      507.00        0.00
     0     4     1666.00      501.00        0.00
     0     4     1670.00      497.00        0.00
     0     4     1674.00      493.00        0.00
     0     4     1678.00      489.00        0.00
     0     4     1684.00      485.00        0.00
     0     4     1690.00      485.00        0.00
     0     4     1696.00      485.00        0.00
     0     4     1704.00      487.00        0.00
     0     4     1708.00      491.00        0.00
     0     4     1712.00      495.00        0.00
     0     4     1714.00      503.00        0.00
     0     4     1716.00      509.00        0.00
     0     4     1718.00      515.00        0.00
     0     4     1722.00      521.00        0.00
     0     4     1724.00      527.00        0.00
     0     4     1728.00      531.00        0.00
     0     4     1734.00      535.00        0.00
     0     4     1738.00      539.00        0.00
     0     4     1740.00      547.00        0.00
     0     4     1740.00      555.00        0.00
     0     4     1740.00      563.00        0.00
     0     4     1740.00      571.00        0.00
     0     4     1738.00      579.00        0.00
     0     4     1738.00      585.00        0.00
     0     4     1736.00      593.00        0.00
     0     4     1736.00      599.00        0.00
     0     4     1736.00      605.00        0.00
     0     4     1736.00      611.00        0.00
     0     4     1736.00      619.00        0.00
     0     4     1738.00      625.00        0.00
     0     4     1742.00      631.00        0.00
     0     4     1748.00      637.00        0.00
     0     4     1750.00      643.00        0.00
     0     4     1752.00      651.00        0.00
     0     4     1756.00      655.00        0.00
     0     4     1758.00      661.00        0.00
     0     4     1762.00      669.00        0.00
     0     4     1764.00      675.00        0.00
     0     4     1768.00      681.00        0.00
     0     4     1770.00      687.00        0.00
     0     4     1774.00      691.00        0.00
     0     4     1776.00      697.00        0.00
     0     4     1780.00      701.00        0.00
     0     4     1784.00      707.00        0.00
     0     4     1786.00      713.00        0.00
     0     4     1790.00      717.00        0.00
     0     4     1794.00      721.00        0.00
     0     4     1800.00      725.00        0.00
     0     4     1804.00      729.00        0.00
     0     4     1808.00      733.00        0.00
     0     4     1814.00      737.00        0.00
     0     4     1818.00      741.00        0.00
     0     4     1824.00      745.00        0.00
     0     4     1828.00      751.00        0.00
     0     4     1834.00      755.00        0.00
     0     4     1840.00      759.00        0.00
     0     4     1844.00      765.00        0.00
     0     4     1850.00      767.00        0.00
     0     4     1856.00      771.00        0.00
     0     4     1862.00      775.00        0.00
     0     4     1868.00      777.00        0.00
     0     4     1874.00      781.00        0.00
     0     4     1878.00      785.00        0.00
     0     4     1882.00      789.00        0.00
     0     4     1886.00      793.00        0.00
     0     4     1890.00      797.00        0.00
     0     4     1892.00      803.00        0.00
     0     4     1898.00      807.00        0.00
     0     4     1902.00      813.00        0.00
     0     4     1906.00      817.00        0.00
     0     4     1910.00      821.00        0.00
     0     4     1914.00      825.00        0.00
     0     4     1920.00      829.00        0.00
     0     4     1924.00      833.00        0.00
     0     4     1928.00      837.00        0.00
     0     4     1932.00      841.00        0.00
     0     4     1936.00      845.00        0.00
     0     4     1938.00      851.00        0.00
     0     4     1938.00      857.00        0.00
     0     4     1938.00      865.00        0.00
     0     4     1938.00      873.00        0.00
     0     4     1938.00      879.00        0.00
     0     4     1938.00      885.00        0.00
     0     4     1934.00      889.00        0.00
     0     5     1800.00     1161.00        0.00
     0     5     1808.00     1173.00        0.00
     0     5     1814.00     1177.00        0.00
     0     5     1820.00     1183.00        0.00
     0     5     1826.00     1187.00        0.00
     0     5     1832.00     1195.00        0.00
     0     5     1838.00     1201.00        0.00
     0     5     1842.00     1207.00        0.00
     0     5     1846.00     1211.00        0.00
     0     5     1854.00     1215.00        0.00
     0     5     1864.00     1219.00        0.00
     0     5     1870.00     1223.00        0.00
     0     5     1880.00     1227.00        0.00
     0     5     1888.00     1231.00        0.00
     0     5     1894.00     1233.00        0.00
     0     5     1898.00     1237.00        0.00
     0     5     1906.00     1241.00        0.00
     0     5     1912.00     1245.00        0.00
     0     5     1918.00     1247.00        0.00
     0     5     1924.00     1249.00        0.00
     0     5     1930.00     1253.00        0.00
     0     5     1936.00     1255.00        0.00
     0     5     1942.00     1259.00        0.00
     0     5     1946.00     1263.00        0.00
     0     5     1946.00     1269.00        0.00
     0     5     1946.00     1275.00        0.00
     0     5     1946.00     1281.00        0.00
     0     5     1942.00     1287.00        0.00
     0     5     1938.00     1291.00        0.00
     0     5     1934.00     1295.00        0.00
     0     5     1928.00     1299.00        0.00
     0     5     1920.00     1301.00        0.00
     0     5     1914.00     1303.00        0.00
     0     5     1908.00     1305.00        0.00
     0     5     1902.00     1307.00        0.00
     0     5     1894.00     1309.00        0.00
     0     5     1886.00     1309.00        0.00
     0     5     1874.00     1311.00        0.00
     0     5     1866.00     1313.00        0.00
     0     5     1858.00     1313.00        0.00
     0     5     1846.00     1315.00        0.00
     0     5     1838.00     1315.00        0.00
     0     5     1830.00     1315.00        0.00
     0     5     1824.00     1315.00        0.00
     0     5     1818.00     1315.00        0.00
     0     5     1812.00     1315.00        0.00
     0     5     1806.00     1313.00        0.00
     0     5     1798.00     1311.00        0.00
     0     5     1792.00     1309.00        0.00
     0     5     1786.00     1309.00        0.00
     0     5     1780.00     1307.00        0.00
     0     5     1774.00     1305.00        0.00
     0     5     1766.00     1303.00        0.00
     0     5     1760.00     1303.00        0.00
     0     5     1752.00     1301.00        0.00
     0     5     1746.00     1299.00        0.00
     0     5     1740.00     1295.00        0.00
     0     5     1734.00     1291.00        0.00
     0     5     1726.00     1283.00        0.00
     0     5     1720.00     1277.00        0.00
     0     5     1716.00     1269.00        0.00
     0     5     1712.00     1265.00        0.00
     0     5     1708.00     1257.00        0.00
     0     5     1704.00     1251.00        0.00
     0     5     1702.00     1243.00        0.00
     0     5     1700.00     1233.00        0.00
     0     5     1700.00     1223.00        0.00
     0     5     1700.00     1215.00        0.00
     0     5     1702.00     1209.00        0.00
     0     5     1706.00     1203.00        0.00
     0     5     1710.00     1197.00        0.00
     0     5     1714.00     1191.00        0.00
     0     5     1718.00     1185.00        0.00
     0     5     1724.00     1181.00        0.00
     0     5     1728.00     1175.00        0.00
     0     5     1732.00     1171.00        0.00
     0     5     1736.00     1165.00        0.00
     0     5     1740.00     1161.00        0.00
     0     5     1746.00     1157.00        0.00
     0     5     1750.00     1153.00        0.00
     0     5     1754.00     1149.00        0.00
     0     5     1758.00     1145.00        0.00
     0     5     1764.00     1141.00        0.00
     0     6     1080.00      555.00        0.00
     0     6     1062.00      565.00        0.00
     0     6     1054.00      565.00        0.00
     0     6     1048.00      565.00        0.00
     0     6     1042.00      565.00        0.00
     0     6     1036.00      565.00        0.00
     0     6     1028.00      563.00        0.00
     0     6     1020.00      561.00        0.00
     0     6     1014.00      561.00        0.00
     0     6     1006.00      559.00        0.00
     0     6     1000.00      557.00        0.00
     0     6      994.00      555.00        0.00
     0     6      988.00      551.00        0.00
     0     6      984.00      547.00        0.00
     0     6      980.00      543.00        0.00
     0     6      976.00      539.00        0.00
     0     6      974.00      533.00        0.00
     0     6      970.00      527.00        0.00
     0     6      968.00      521.00        0.00
     0     6      966.00      515.00        0.00
     0     6      964.00      509.00        0.00
     0     6      964.00      501.00        0.00
     0     6      964.00      493.00        0.00
     0     6      964.00      487.00        0.00
     0     6      966.00      481.00        0.00
     0     6      970.00      475.00        0.00
     0     6      972.00      469.00        0.00
     0     6      976.00      465.00        0.00
     0     6      982.00      463.00        0.00
     0     6      986.00      459.00        0.00
     0     6      992.00      455.00        0.00
     0     6      998.00      453.00        0.00
     0     6     1004.00      449.00        0.00
     0     6     1010.00      447.00        0.00
     0     6     1016.00      445.00        0.00
     0     6     1024.00      443.00        0.00
     0     6     1030.00      441.00        0.00
     0     6     1040.00      441.00        0.00
     0     6     1046.00      441.00        0.00
     0     6     1054.00      441.00        0.00
     0     6     1064.00      441.00        0.00
     0     6     1070.00      441.00        0.00
     0     6     1076.00      443.00        0.00
     0     6     1084.00      443.00        0.00
     0     6     1090.00      443.00        0.00
     0     6     1096.00      445.00        0.00
     0     6     1102.00      447.00        0.00
     0     6     1108.00      451.00        0.00
     0     6     1114.00      455.00        0.00
     0     6     1118.00      459.00        0.00
     0     6     1120.00      465.00        0.00
     0     6     1124.00      469.00        0.00
     0     6     1130.00      477.00        0.00
     0     6     1132.00      485.00        0.00
     0     6     1136.00      491.00        0.00
     0     6     1138.00      497.00        0.00
     0     6     1140.00      503.00        0.00
     0     6     1140.00      509.00        0.00
     0     6     1140.00      515.00        0.00
     0     6     1140.00      521.00        0.00
     0     6     1136.00      527.00        0.00
     0     6     1130.00      529.00        0.00
     0     6     1124.00      531.00        0.00
     0     6     1118.00      533.00        0.00
     0     7      968.00      599.00        0.00
     0     7      950.00      597.00        0.00
     0     7      944.00      595.00        0.00
     0     7      938.00      591.00        0.00
     0     7      930.00      587.00        0.00
     0     7      924.00      587.00        0.00
     0     7      920.00      583.00        0.00
     0     7      914.00      581.00        0.00
     0     7      908.00      579.00        0.00
     0     7      902.00      577.00        0.00
     0     7      896.00      573.00        0.00
     0     7      890.00      571.00        0.00
     0     7      884.00      569.00        0.00
     0     7      878.00      567.00        0.00
     0     7      872.00      567.00        0.00
     0     7      866.00      569.00        0.00
     0     7      860.00      569.00        0.00
     0     7      852.00      569.00        0.00
     0     7      846.00      569.00        0.00
     0     7      840.00      569.00        0.00
     0     7      832.00      565.00        0.00
     0     7      826.00      563.00        0.00
     0     7      820.00      559.00        0.00
     0     7      814.00      555.00        0.00
     0     7      812.00      549.00        0.00
     0     7      808.00      545.00        0.00
     0     7      806.00      537.00        0.00
     0     7      804.00      531.00        0.00
     0     7      804.00      525.00        0.00
     0     7      804.00      519.00        0.00
     0     7      804.00      513.00        0.00
     0     7      810.00      511.00        0.00
     0     7      818.00      511.00        0.00
     0     7      824.00      509.00        0.00
     0     7      832.00      505.00        0.00
     0     7      840.00      503.00        0.00
     0     7      846.00      501.00        0.00
     0     7      854.00      499.00        0.00
     0     7      860.00      497.00        0.00
     0     7      868.00      495.00        0.00
     0     7      874.00      493.00        0.00
     0     7      880.00      489.00        0.00
     0     7      886.00      487.00        0.00
     0     7      890.00      483.00        0.00
     0     7      894.00      479.00        0.00
     0     7      900.00      477.00        0.00
     0     7      904.00      473.00        0.00
     0     7      908.00      469.00        0.00
     0     7      912.00      465.00        0.00
     0     7      916.00      461.00        0.00
     0     7      920.00      457.00        0.00
     0     7      924.00      453.00        0.00
     0     7      928.00      449.00        0.00
     0     7      932.00      445.00        0.00
     0     7      940.00      445.00        0.00
     0     7      946.00      451.00        0.00
     0     7      950.00      455.00        0.00
     0     7      956.00      459.00        0.00
     0     7      960.00      463.00        0.00
     0     7      962.00      469.00        0.00
     0     7      964.00      475.00        0.00
     0     7      964.00      481.00        0.00
     0     7      962.00      487.00        0.00
     0     7      962.00      495.00        0.00
     0     7      960.00      501.00        0.00
     0     7      960.00      507.00        0.00
     0     7      960.00      513.00        0.00
     0     7      962.00      519.00        0.00
     0     7      964.00      525.00        0.00
     0     7      966.00      531.00        0.00
     0     7      970.00      537.00        0.00
     0     7      974.00      543.00        0.00
     0     7      974.00      549.00        0.00
     0     7      976.00      555.00        0.00
     0     7      976.00      561.00        0.00
     0     7      976.00      567.00        0.00
     0     7      978.00      573.00        0.00
     0     7      980.00      579.00        0.00
     0     7      984.00      583.00        0.00
     0     7      990.00      585.00        0.00
     0     7      996.00      589.00        0.00
     0     7     1000.00      593.00        0.00
     0     7     1004.00      597.00        0.00
     0     7     1008.00      601.00        0.00
     0     8     1058.00      267.00        0.00
     0     8     1034.00      273.00        0.00
     0     8     1028.00      275.00        0.00
     0     8     1020.00      277.00        0.00
     0     8     1008.00      279.00        0.00
     0     8      998.00      279.00        0.00
     0     8      986.00      279.00        0.00
     0     8      978.00      281.00        0.00
     0     8      972.00      281.00        0.00
     0     8      966.00      281.00        0.00
     0     8      956.00      281.00        0.00
     0     8      950.00      279.00        0.00
     0     8      942.00      275.00        0.00
     0     8      938.00      269.00        0.00
     0     8      936.00      263.00        0.00
     0     8      932.00      257.00        0.00
     0     8      930.00      251.00        0.00
     0     8      928.00      245.00        0.00
     0     8      926.00      239.00        0.00
     0     8      926.00      233.00        0.00
     0     8      930.00      227.00        0.00
     0     8      934.00      221.00        0.00
     0     8      938.00      217.00        0.00
     0     8      946.00      211.00        0.00
     0     8      952.00      209.00        0.00
     0     8      956.00      205.00        0.00
     0     8      962.00      201.00        0.00
     0     8      968.00      197.00        0.00
     0     8      972.00      193.00        0.00
     0     8      976.00      189.00        0.00
     0     8      982.00      187.00        0.00
     0     8      992.00      181.00        0.00
     0     8     1000.00      179.00        0.00
     0     8     1008.00      177.00        0.00
     0     8     1016.00      175.00        0.00
     0     8     1022.00      173.00        0.00
     0     8     1028.00      173.00        0.00
     0     8     1034.00      171.00        0.00
     0     8     1042.00      169.00        0.00
     0     8     1050.00      169.00        0.00
     0     8     1056.00      171.00        0.00
     0     8     1062.00      173.00        0.00
     0     8     1068.00      177.00        0.00
     0     8     1074.00      179.00        0.00
     0     8     1078.00      185.00        0.00
     0     8     1082.00      189.00        0.00
     0     8     1086.00      193.00        0.00
     0     8     1092.00      195.00        0.00
     0     8     1098.00      199.00        0.00
     0     8     1104.00      199.00        0.00
     0     8     1110.00      201.00        0.00
     0     8     1116.00      203.00        0.00
     0     8     1122.00      207.00        0.00
     0     8     1126.00      213.00        0.00
     0     8     1128.00      219.00        0.00
     0     8     1130.00      227.00        0.00
     0     8     1130.00      233.00        0.00
     0     8     1132.00      239.00        0.00
     0     8     1132.00      245.00        0.00
     0     8     1132.00      251.00        0.00
     0     8     1128.00      255.00        0.00
     0     9     1258.00      291.00        0.00
     0     9     1236.00      281.00        0.00
     0     9     1230.00      279.00        0.00
     0     9     1226.00      275.00        0.00
     0     9     1222.00      269.00        0.00
     0     9     1218.00      265.00        0.00
     0     9     1212.00      261.00        0.00
     0     9     1206.00      259.00        0.00
     0     9     1198.00      257.00        0.00
     0     9     1192.00      255.00        0.00
     0     9     1188.00      251.00        0.00
     0     9     1182.00      245.00        0.00
     0     9     1178.00      241.00        0.00
     0     9     1174.00      235.00        0.00
     0     9     1170.00      227.00        0.00
     0     9     1170.00      221.00        0.00
     0     9     1168.00      213.00        0.00
     0     9     1168.00      207.00        0.00
     0     9     1168.00      201.00        0.00
     0     9     1170.00      195.00        0.00
     0     9     1172.00      189.00        0.00
     0     9     1176.00      183.00        0.00
     0     9     1180.00      177.00        0.00
     0     9     1182.00      171.00        0.00
     0     9     1190.00      167.00        0.00
     0     9     1196.00      165.00        0.00
     0     9     1202.00      165.00        0.00
     0     9     1208.00      165.00        0.00
     0     9     1214.00      165.00        0.00
     0     9     1222.00      165.00        0.00
     0     9     1228.00      165.00        0.00
     0     9     1234.00      167.00        0.00
     0     9     1240.00      169.00        0.00
     0     9     1246.00      171.00        0.00
     0     9     1252.00      173.00        0.00
     0     9     1260.00      175.00        0.00
     0     9     1266.00      175.00        0.00
     0     9     1272.00      177.00        0.00
     0     9     1278.00      177.00        0.00
     0     9     1284.00      177.00        0.00
     0     9     1292.00      179.00        0.00
     0     9     1300.00      181.00        0.00
     0     9     1306.00      181.00        0.00
     0     9     1312.00      183.00        0.00
     0     9     1318.00      185.00        0.00
     0     9     1324.00      187.00        0.00
     0     9     1330.00      189.00        0.00
     0     9     1336.00      191.00        0.00
     0     9     1344.00      193.00        0.00
     0     9     1352.00      197.00        0.00
     0     9     1356.00      201.00        0.00
     0     9     1360.00      207.00        0.00
     0     9     1362.00      213.00        0.00
     0     9     1366.00      219.00        0.00
     0     9     1368.00      225.00        0.00
     0     9     1368.00      231.00        0.00
     0     9     1364.00      237.00        0.00
     0     9     1360.00      241.00        0.00
     0     9     1354.00      245.00        0.00
     0     9     1348.00      249.00        0.00
     0     9     1344.00      253.00        0.00
     0     9     1338.00      257.00        0.00
     0     9     1334.00      261.00        0.00
     0     9     1330.00      265.00        0.00
     0     9     1326.00      269.00        0.00
     0     9     1322.00      273.00        0.00
     0     9     1316.00      277.00        0.00
     0     9     1310.00      279.00        0.00
     0    10      778.00      337.00        0.00
     0    10      760.00      357.00        0.00
     0    10      750.00      375.00        0.00
     0    10      748.00      383.00        0.00
     0    10      744.00      387.00        0.00
     0    10      742.00      393.00        0.00
     0    10      738.00      399.00        0.00
     0    10      734.00      405.00        0.00
     0    10      730.00      409.00        0.00
     0    10      726.00      417.00        0.00
     0    10      726.00      423.00        0.00
     0    10      722.00      429.00        0.00
     0    10      720.00      437.00        0.00
     0    10      716.00      449.00        0.00
     0    10      714.00      455.00        0.00
     0    10      712.00      461.00        0.00
     0    10      714.00      455.00        0.00
     0    10      716.00      449.00        0.00
     0    10      718.00      439.00        0.00
     0    10      720.00      433.00        0.00
     0    10      720.00      427.00        0.00
     0    10      722.00      421.00        0.00
     0    10      722.00      413.00        0.00
     0    10      722.00      407.00        0.00
     0    10      722.00      401.00        0.00
     0    10      718.00      397.00        0.00
     0    10      716.00      391.00        0.00
     0    10      714.00      385.00        0.00
     0    10      712.00      379.00        0.00
     0    10      708.00      373.00        0.00
     0    10      708.00      365.00        0.00
     0    10      708.00      359.00        0.00
     0    10      706.00      351.00        0.00
     0    10      706.00      343.00        0.00
     0    10      706.00      337.00        0.00
     0    10      710.00      331.00        0.00
     0    10      710.00      325.00        0.00
     0    10      712.00      319.00        0.00
     0    10      712.00      313.00        0.00
     0    10      710.00      307.00        0.00
     0    10      708.00      301.00        0.00
     0    10      706.00      295.00        0.00
     0    10      704.00      287.00        0.00
     0    10      702.00      281.00        0.00
     0    10      700.00      275.00        0.00
     0    10      700.00      269.00        0.00
     0    10      700.00      263.00        0.00
     0    10      700.00      257.00        0.00
     0    10      700.00      251.00        0.00
     0    10      700.00      243.00        0.00
     0    10      702.00      237.00        0.00
     0    10      706.00      233.00        0.00
     0    10      708.00      227.00        0.00
     0    10      712.00      223.00        0.00
     0    10      718.00      219.00        0.00
     0    10      724.00      217.00        0.00
     0    10      730.00      217.00        0.00
     0    10      736.00      217.00        0.00
     0    10      742.00      217.00        0.00
     0    10      750.00      219.00        0.00
     0    10      758.00      219.00        0.00
     0    10      764.00      221.00        0.00
     0    10      770.00      223.00        0.00
     0    10      776.00      223.00        0.00
     0    10      782.00      223.00        0.00
     0    10      788.00      225.00        0.00
     0    10      794.00      225.00        0.00
     0    10      800.00      225.00        0.00
     0    10      806.00      227.00        0.00
     0    10      812.00      229.00        0.00
     0    10      818.00      231.00        0.00
     0    10      822.00      237.00        0.00
     0    10      826.00      243.00        0.00
     0    10      826.00      249.00        0.00
     0    10      826.00      255.00        0.00
     0    10      826.00      261.00        0.00
     0    10      832.00      265.00        0.00
     0    10      838.00      267.00        0.00
     0    10      844.00      271.00        0.00
     0    10      848.00      277.00        0.00
     0    10      848.00      283.00        0.00
     0    10      844.00      287.00        0.00
     0    10      840.00      291.00        0.00
     0    10      836.00      295.00        0.00
     0    10      832.00      299.00        0.00
     0    10      826.00      303.00        0.00
     0    10      820.00      305.00        0.00
     0    11      854.00      129.00        0.00
     0    11      866.00      141.00        0.00
     0    11      870.00      149.00        0.00
     0    11      874.00      153.00        0.00
     0    11      878.00      159.00        0.00
     0    11      882.00      165.00        0.00
     0    11      884.00      171.00        0.00
     0    11      888.00      175.00        0.00
     0    11      892.00      179.00        0.00
     0    11      898.00      181.00        0.00
     0    11      902.00      185.00        0.00
     0    11      908.00      185.00        0.00
     0    11      914.00      187.00        0.00
     0    11      920.00      189.00        0.00
     0    11      926.00      191.00        0.00
     0    11      932.00      191.00        0.00
     0    11      938.00      191.00        0.00
     0    11      944.00      191.00        0.00
     0    11      950.00      193.00        0.00
     0    11      944.00      197.00        0.00
     0    11      936.00      199.00        0.00
     0    11      934.00      205.00        0.00
     0    11      932.00      213.00        0.00
     0    11      930.00      221.00        0.00
     0    11      930.00      227.00        0.00
     0    11      924.00      233.00        0.00
     0    11      922.00      239.00        0.00
     0    11      918.00      245.00        0.00
     0    11      914.00      249.00        0.00
     0    11      912.00      257.00        0.00
     0    11      910.00      263.00        0.00
     0    11      906.00      267.00        0.00
     0    11      900.00      271.00        0.00
     0    11      894.00      275.00        0.00
     0    11      888.00      277.00        0.00
     0    11      884.00      281.00        0.00
     0    11      878.00      283.00        0.00
     0    11      870.00      287.00        0.00
     0    11      862.00      289.00        0.00
     0    11      856.00      289.00        0.00
     0    11      850.00      289.00        0.00
     0    11      842.00      287.00        0.00
     0    11      838.00      281.00        0.00
     0    11      834.00      277.00        0.00
     0    11      832.00      271.00        0.00
     0    11      832.00      265.00        0.00
     0    11      828.00      261.00        0.00
     0    11      824.00      257.00        0.00
     0    11      824.00      251.00        0.00
     0    11      822.00      245.00        0.00
     0    11      818.00      241.00        0.00
     0    11      814.00      235.00        0.00
     0    11      810.00      231.00        0.00
     0    11      804.00      229.00        0.00
     0    11      800.00      225.00        0.00
     0    11      794.00      223.00        0.00
     0    11      788.00      219.00        0.00
     0    11      782.00      215.00        0.00
     0    11      776.00      209.00        0.00
     0    11      770.00      207.00        0.00
     0    11      766.00      201.00        0.00
     0    11      762.00      197.00        0.00
     0    11      758.00      191.00        0.00
     0    11      756.00      183.00        0.00
     0    11      756.00      177.00        0.00
     0    11      754.00      171.00        0.00
     0    11      754.00      163.00        0.00
     0    11      756.00      157.00        0.00
     0    11      760.00      149.00        0.00
     0    11      766.00      147.00        0.00
     0    11      772.00      145.00        0.00
     0    11      778.00      145.00        0.00
     0    11      784.00      145.00        0.00
     0    11      790.00      143.00        0.00
     0    11      796.00      141.00        0.00
     0    11      802.00      141.00        0.00
     0    11      808.00      139.00        0.00
     0    11      814.00      139.00        0.00
     0    11      820.00      141.00        0.00
     0    11      826.00      141.00        0.00
     0    11      832.00      141.00        0.00
     0    12       64.00      543.00        0.00
     0    12       58.00      533.00        0.00
     0    12       56.00      527.00        0.00
     0    12       54.00      521.00        0.00
     0    12       54.00      515.00        0.00
     0    12       54.00      509.00        0.00
     0    12       54.00      503.00        0.00
     0    12       54.00      497.00        0.00
     0    12       56.00      491.00        0.00
     0    12       58.00      485.00        0.00
     0    12       62.00      481.00        0.00
     0    12       66.00      475.00        0.00
     0    12       70.00      471.00        0.00
     0    12       78.00      467.00        0.00
     0    12       84.00      465.00        0.00
     0    12       90.00      463.00        0.00
     0    12       98.00      461.00        0.00
     0    12      106.00      461.00        0.00
     0    12      112.00      461.00        0.00
     0    12      118.00      461.00        0.00
     0    12      124.00      463.00        0.00
     0    12      132.00      465.00        0.00
     0    12      140.00      467.00        0.00
     0    12      148.00      469.00        0.00
     0    12      154.00      473.00        0.00
     0    12      162.00      475.00        0.00
     0    12      170.00      477.00        0.00
     0    12      176.00      481.00        0.00
     0    12      182.00      483.00        0.00
     0    12      186.00      487.00        0.00
     0    12      190.00      491.00        0.00
     0    12      196.00      495.00        0.00
     0    12      200.00      501.00        0.00
     0    12      202.00      507.00        0.00
     0    12      204.00      513.00        0.00
     0    12      204.00      519.00        0.00
     0    12      204.00      525.00        0.00
     0    12      200.00      531.00        0.00
     0    12      198.00      537.00        0.00
     0    12      192.00      541.00        0.00
     0    12      190.00      547.00        0.00
     0    12      186.00      551.00        0.00
     0    12      180.00      555.00        0.00
     0    12      176.00      559.00        0.00
     0    12      174.00      565.00        0.00
     0    12      172.00      571.00        0.00
     0    12      170.00      577.00        0.00
     0    12      166.00      581.00        0.00
     0    12      164.00      587.00        0.00
     0    12      160.00      591.00        0.00
     0    12      156.00      595.00        0.00
     0    12      150.00      599.00        0.00
     0    12      144.00      601.00        0.00
     0    12      138.00      601.00        0.00
     0    12      132.00      601.00        0.00
     0    12      126.00      599.00        0.00
     0    12      120.00      595.00        0.00
     0    12      114.00      593.00        0.00
     0    12      110.00      589.00        0.00
     0    12      108.00      583.00        0.00
     0    12      102.00      579.00        0.00
     0    13      114.00      619.00        0.00
     0    13      110.00      633.00        0.00
     0    13      108.00      641.00        0.00
     0    13      106.00      647.00        0.00
     0    13      106.00      653.00        0.00
     0    13      104.00      659.00        0.00
     0    13      102.00      665.00        0.00
     0    13      100.00      673.00        0.00
     0    13       96.00      679.00        0.00
     0    13       94.00      685.00        0.00
     0    13       92.00      691.00        0.00
     0    13       90.00      697.00        0.00
     0    13       86.00      701.00        0.00
     0    13       84.00      709.00        0.00
     0    13       82.00      717.00        0.00
     0    13       78.00      721.00        0.00
     0    13       74.00      725.00        0.00
     0    13       68.00      727.00        0.00
     0    13       62.00      727.00        0.00
     0    13       56.00      725.00        0.00
     0    13       50.00      723.00        0.00
     0    13       44.00      721.00        0.00
     0    13       38.00      719.00        0.00
     0    13       32.00      715.00        0.00
     0    13       28.00      709.00        0.00
     0    13       24.00      703.00        0.00
     0    13       24.00      697.00        0.00
     0    13       22.00      691.00        0.00
     0    13       22.00      681.00        0.00
     0    13       20.00      673.00        0.00
     0    13       20.00      665.00        0.00
     0    13       18.00      659.00        0.00
     0    13       18.00      653.00        0.00
     0    13       16.00      647.00        0.00
     0    13       14.00      641.00        0.00
     0    13       14.00      635.00        0.00
     0    13       12.00      629.00        0.00
     0    13       10.00      623.00        0.00
     0    13        8.00      617.00        0.00
     0    13        6.00      609.00        0.00
     0    13        6.00      603.00        0.00
     0    13        4.00      597.00        0.00
     0    13        4.00      591.00        0.00
     0    13        6.00      583.00        0.00
     0    13       10.00      577.00        0.00
     0    13       12.00      571.00        0.00
     0    13       16.00      565.00        0.00
     0    13       20.00      561.00        0.00
     0    13       26.00      559.00        0.00
     0    13       32.00      555.00        0.00
     0    13       38.00      553.00        0.00
     0    13       44.00      553.00        0.00
     0    13       50.00      551.00        0.00
     0    13       56.00      551.00        0.00
     0    13       62.00      553.00        0.00
     0    13       68.00      557.00        0.00
     0    13       74.00      559.00        0.00
     0    13       80.00      561.00        0.00
     0    13       84.00      565.00        0.00
     0    13       88.00      569.00        0.00
     0    13       94.00      573.00        0.00
     0    13       98.00      579.00        0.00
     0    13      102.00      583.00        0.00
     0    13      106.00      587.00        0.00
     0    13      110.00      591.00        0.00
     0    14      112.00      899.00        0.00
     0    14      120.00      909.00        0.00
     0    14      122.00      915.00        0.00
     0    14      126.00      921.00        0.00
     0    14      130.00      927.00        0.00
     0    14      134.00      933.00        0.00
     0    14      142.00      937.00        0.00
     0    14      146.00      941.00        0.00
     0    14      150.00      945.00        0.00
     0    14      154.00      949.00        0.00
     0    14      158.00      953.00        0.00
     0    14      162.00      959.00        0.00
     0    14      164.00      965.00        0.00
     0    14      166.00      971.00        0.00
     0    14      170.00      977.00        0.00
     0    14      172.00      983.00        0.00
     0    14      176.00      987.00        0.00
     0    14      180.00      993.00        0.00
     0    14      182.00     1001.00        0.00
     0    14      182.00     1007.00        0.00
     0    14      182.00     1013.00        0.00
     0    14      182.00     1021.00        0.00
     0    14      182.00     1027.00        0.00
     0    14      182.00     1035.00        0.00
     0    14      180.00     1041.00        0.00
     0    14      178.00     1047.00        0.00
     0    14      176.00     1053.00        0.00
     0    14      174.00     1059.00        0.00
     0    14      174.00     1065.00        0.00
     0    14      172.00     1071.00        0.00
     0    14      170.00     1077.00        0.00
     0    14      166.00     1081.00        0.00
     0    14      160.00     1085.00        0.00
     0    14      154.00     1085.00        0.00
     0    14      148.00     1087.00        0.00
     0    14      142.00     1087.00        0.00
     0    14      136.00     1087.00        0.00
     0    14      130.00     1087.00        0.00
     0    14      122.00     1087.00        0.00
     0    14      116.00     1085.00        0.00
     0    14      110.00     1081.00        0.00
     0    14      102.00     1075.00        0.00
     0    14       98.00     1067.00        0.00
     0    14       94.00     1063.00        0.00
     0    14       90.00     1059.00        0.00
     0    14       86.00     1053.00        0.00
     0    14       84.00     1047.00        0.00
     0    14       80.00     1043.00        0.00
     0    14       76.00     1037.00        0.00
     0    14       72.00     1033.00        0.00
     0    14       68.00     1029.00        0.00
     0    14       64.00     1025.00        0.00
     0    14       58.00     1023.00        0.00
     0    14       54.00     1019.00        0.00
     0    14       50.00     1015.00        0.00
     0    14       46.00     1011.00        0.00
     0    14       42.00     1007.00        0.00
     0    14       40.00      999.00        0.00
     0    14       38.00      993.00        0.00
     0    14       34.00      989.00        0.00
     0    14       30.00      983.00        0.00
     0    14       26.00      979.00        0.00
     0    14       22.00      975.00        0.00
     0    14       18.00      969.00        0.00
     0    14       18.00      963.00        0.00
     0    14       16.00      957.00        0.00
     0    14       16.00      951.00        0.00
     0    14       16.00      943.00        0.00
     0    14       16.00      937.00        0.00
     0    14       16.00      931.00        0.00
     0    14       16.00      925.00        0.00
     0    14       18.00      919.00        0.00
     0    14       20.00      913.00        0.00
     0    14       24.00      909.00        0.00
     0    14       28.00      905.00        0.00
     0    14       32.00      901.00        0.00
     0    14       38.00      897.00        0.00
     0    14       42.00      893.00        0.00
     0    14       48.00      891.00        0.00
     0    14       54.00      891.00        0.00
     0    14       60.00      889.00        0.00
     0    14       66.00      887.00        0.00
     0    15      258.00      473.00        0.00
     0    15      246.00      463.00        0.00
     0    15      240.00      455.00        0.00
     0    15      236.00      449.00        0.00
     0    15      232.00      445.00        0.00
     0    15      228.00      439.00        0.00
     0    15      226.00      433.00        0.00
     0    15      222.00      425.00        0.00
     0    15      218.00      417.00        0.00
     0    15      216.00      411.00        0.00
     0    15      214.00      405.00        0.00
     0    15      212.00      399.00        0.00
     0    15      212.00      393.00        0.00
     0    15      212.00      385.00        0.00
     0    15      212.00      379.00        0.00
     0    15      212.00      373.00        0.00
     0    15      218.00      369.00        0.00
     0    15      222.00      365.00        0.00
     0    15      228.00      363.00        0.00
     0    15      236.00      365.00        0.00
     0    15      240.00      369.00        0.00
     0    15      244.00      375.00        0.00
     0    15      248.00      381.00        0.00
     0    15      252.00      387.00        0.00
     0    15      256.00      393.00        0.00
     0    15      260.00      399.00        0.00
     0    15      264.00      403.00        0.00
     0    15      268.00      409.00        0.00
     0    15      272.00      413.00        0.00
     0    15      276.00      417.00        0.00
     0    15      280.00      421.00        0.00
     0    15      284.00      427.00        0.00
     0    15      288.00      431.00        0.00
     0    15      294.00      435.00        0.00
     0    15      300.00      439.00        0.00
     0    15      304.00      443.00        0.00
     0    15      310.00      445.00        0.00
     0    15      316.00      449.00        0.00
     0    15      326.00      451.00        0.00
     0    15      334.00      453.00        0.00
     0    15      344.00      457.00        0.00
     0    15      352.00      459.00        0.00
     0    15      362.00      463.00        0.00
     0    15      372.00      465.00        0.00
     0    15      378.00      465.00        0.00
     0    15      386.00      467.00        0.00
     0    15      394.00      469.00        0.00
     0    15      400.00      469.00        0.00
     0    15      406.00      471.00        0.00
     0    15      418.00      471.00        0.00
     0    15      424.00      473.00        0.00
     0    15      434.00      475.00        0.00
     0    15      442.00      479.00        0.00
     0    15      448.00      481.00        0.00
     0    15      452.00      485.00        0.00
     0    15      454.00      491.00        0.00
     0    15      454.00      497.00        0.00
     0    15      454.00      505.00        0.00
     0    15      452.00      511.00        0.00
     0    15      450.00      519.00        0.00
     0    15      448.00      527.00        0.00
     0    15      444.00      533.00        0.00
     0    15      440.00      541.00        0.00
     0    15      438.00      549.00        0.00
     0    15      434.00      555.00        0.00
     0    15      434.00      561.00        0.00
     0    15      430.00      565.00        0.00
     0    15      428.00      571.00        0.00
     0    15      426.00      577.00        0.00
     0    15      422.00      583.00        0.00
     0    15      418.00      587.00        0.00
     0    15      412.00      591.00        0.00
     0    15      406.00      591.00        0.00
     0    15      400.00      591.00        0.00
     0    15      394.00      589.00        0.00
     0    15      388.00      587.00        0.00
     0    15      382.00      585.00        0.00
     0    15      376.00      581.00        0.00
     0    15      372.00      577.00        0.00
     0    15      368.00      571.00        0.00
     0    15      364.00      567.00        0.00
     0    15      360.00      563.00        0.00
     0    15      356.00      559.00        0.00
     0    15      352.00      553.00        0.00
     0    15      348.00      549.00        0.00
     0    15      344.00      545.00        0.00
     0    15      340.00      539.00        0.00
     0    15      336.00      535.00        0.00
     0    15      334.00      529.00        0.00
     0    15      330.00      525.00        0.00
