     0     0      490.00     1331.00        0.00
     0     0      484.00     1333.00        0.00
     0     0      478.00     1333.00        0.00
     0     0      470.00     1333.00        0.00
     0     0      464.00     1333.00        0.00
     0     0      458.00     1333.00        0.00
     0     0      452.00     1333.00        0.00
     0     0      446.00     1333.00        0.00
     0     0      438.00     1333.00        0.00
     0     0      432.00     1331.00        0.00
     0     0      426.00     1329.00        0.00
     0     0      420.00     1325.00        0.00
     0     0      414.00     1323.00        0.00
     0     0      408.00     1321.00        0.00
     0     0      402.00     1319.00        0.00
     0     0      396.00     1317.00        0.00
     0     0      388.00     1315.00        0.00
     0     0      382.00     1313.00        0.00
     0     0      376.00     1311.00        0.00
     0     0      370.00     1307.00        0.00
     0     0      366.00     1303.00        0.00
     0     0      364.00     1297.00        0.00
     0     0      360.00     1291.00        0.00
     0     0      360.00     1283.00        0.00
     0     0      358.00     1277.00        0.00
     0     0      358.00     1271.00        0.00
     0     0      358.00     1265.00        0.00
     0     0      358.00     1259.00        0.00
     0     0      358.00     1253.00        0.00
     0     0      360.00     1247.00        0.00
     0     0      360.00     1241.00        0.00
     0     0      362.00     1235.00        0.00
     0     0      364.00     1229.00        0.00
     0     0      364.00     1221.00        0.00
     0     0      368.00     1215.00        0.00
     0     0      374.00     1211.00        0.00
     0     0      380.00     1205.00        0.00
     0     0      386.00     1205.00        0.00
     0     0      392.00     1205.00        0.00
     0     0      400.00     1205.00        0.00
     0     0      406.00     1205.00        0.00
     0     0      412.00     1205.00        0.00
     0     0      418.00     1207.00        0.00
     0     0      424.00     1209.00        0.00
     0     0      430.00     1211.00        0.00
     0     0      436.00     1213.00        0.00
     0     0      442.00     1215.00        0.00
     0     0      448.00     1217.00        0.00
     0     0      454.00     1219.00        0.00
     0     0      460.00     1221.00        0.00
     0     0      466.00     1221.00        0.00
     0     0      472.00     1223.00        0.00
     0     0      478.00     1225.00        0.00
     0     0      484.00     1225.00        0.00
     0     0      492.00     1225.00        0.00
     0     0      498.00     1225.00        0.00
     0     0      504.00     1225.00        0.00
     0     0      510.00     1225.00        0.00
     0     0      518.00     1225.00        0.00
     0     0      526.00     1225.00        0.00
     0     0      534.00     1227.00        0.00
     0     0      540.00     1231.00        0.00
     0     0      546.00     1235.00        0.00
     0     0      552.00     1237.00        0.00
     0     0      558.00     1239.00        0.00
     0     0      564.00     1239.00        0.00
     0     0      570.00     1241.00        0.00
     0     0      578.00     1243.00        0.00
     0     0      584.00     1243.00        0.00
     0     0      592.00     1245.00        0.00
     0     0      598.00     1245.00        0.00
     0     0      604.00     1245.00        0.00
     0     0      610.00     1247.00        0.00
     0     0      616.00     1247.00        0.00
     0     0      622.00     1247.00        0.00
     0     0      632.00     1247.00        0.00
     0     0      638.00     1247.00        0.00
     0     0      646.00     1247.00        0.00
     0     0      654.00     1247.00        0.00
     0     0      660.00     1247.00        0.00
     0     0      666.00     1247.00        0.00
     0     0      672.00     1247.00        0.00
     0     0      668.00     1253.00        0.00
     0     0      662.00     1257.00        0.00
     0     0      656.00     1259.00        0.00
     0     0      648.00     1261.00        0.00
     0     0      640.00     1263.00        0.00
     0     0      634.00     1265.00        0.00
     0     0      626.00     1267.00        0.00
     0     0      620.00     1269.00        0.00
     0     0      614.00     1273.00        0.00
     0     0      608.00     1277.00        0.00
     0     0      604.00     1281.00        0.00
     0     0      602.00     1287.00        0.00
     0     0      598.00     1293.00        0.00
     0     0      594.00     1299.00        0.00
     0     0      590.00     1305.00        0.00
     0     0      586.00     1309.00        0.00
     0     0      584.00     1315.00        0.00
     0     0      580.00     1319.00        0.00
     0     0      576.00     1325.00        0.00
     0     0      572.00     1329.00        0.00
     0     0      566.00     1331.00        0.00
     0     0      560.00     1331.00        0.00
     0     0      554.00     1331.00        0.00
     0     0      548.00     1329.00        0.00
     0     1      418.00     1137.00        0.00
     0     1      422.00     1141.00        0.00
     0     1      428.00     1145.00        0.00
     0     1      434.00     1147.00        0.00
     0     1      440.00     1149.00        0.00
     0     1      446.00     1149.00        0.00
     0     1      452.00     1151.00        0.00
     0     1      458.00     1153.00        0.00
     0     1      464.00     1155.00        0.00
     0     1      472.00     1157.00        0.00
     0     1      482.00     1157.00        0.00
     0     1      490.00     1159.00        0.00
     0     1      496.00     1161.00        0.00
     0     1      502.00     1161.00        0.00
     0     1      508.00     1161.00        0.00
     0     1      516.00     1163.00        0.00
     0     1      522.00     1165.00        0.00
     0     1      528.00     1165.00        0.00
     0     1      534.00     1169.00        0.00
     0     1      538.00     1173.00        0.00
     0     1      540.00     1179.00        0.00
     0     1      542.00     1185.00        0.00
     0     1      544.00     1191.00        0.00
     0     1      546.00     1197.00        0.00
     0     1      546.00     1203.00        0.00
     0     1      548.00     1209.00        0.00
     0     1      548.00     1215.00        0.00
     0     1      548.00     1221.00        0.00
     0     1      544.00     1225.00        0.00
     0     1      538.00     1225.00        0.00
     0     1      532.00     1225.00        0.00
     0     1      526.00     1223.00        0.00
     0     1      520.00     1221.00        0.00
     0     1      512.00     1219.00        0.00
     0     1      504.00     1219.00        0.00
     0     1      498.00     1219.00        0.00
     0     1      492.00     1219.00        0.00
     0     1      486.00     1219.00        0.00
     0     1      480.00     1219.00        0.00
     0     1      474.00     1219.00        0.00
     0     1      468.00     1219.00        0.00
     0     1      462.00     1219.00        0.00
     0     1      456.00     1219.00        0.00
     0     1      450.00     1217.00        0.00
     0     1      444.00     1217.00        0.00
     0     1      438.00     1215.00        0.00
     0     1      432.00     1213.00        0.00
     0     1      426.00     1213.00        0.00
     0     1      420.00     1211.00        0.00
     0     1      414.00     1209.00        0.00
     0     1      408.00     1207.00        0.00
     0     1      402.00     1205.00        0.00
     0     1      396.00     1205.00        0.00
     0     1      390.00     1205.00        0.00
     0     1      384.00     1209.00        0.00
     0     1      378.00     1211.00        0.00
     0     1      372.00     1211.00        0.00
     0     1      366.00     1211.00        0.00
     0     1      360.00     1211.00        0.00
     0     1      354.00     1211.00        0.00
     0     1      350.00     1207.00        0.00
     0     1      346.00     1203.00        0.00
     0     1      342.00     1197.00        0.00
     0     1      342.00     1191.00        0.00
     0     1      340.00     1185.00        0.00
     0     1      340.00     1179.00        0.00
     0     1      336.00     1173.00        0.00
     0     1      334.00     1167.00        0.00
     0     1      334.00     1161.00        0.00
     0     1      334.00     1155.00        0.00
     0     1      336.00     1149.00        0.00
     0     1      342.00     1145.00        0.00
     0     1      348.00     1143.00        0.00
     0     1      354.00     1141.00        0.00
     0     2      272.00      801.00        0.00
     0     2      276.00      805.00        0.00
     0     2      282.00      809.00        0.00
     0     2      288.00      811.00        0.00
     0     2      294.00      813.00        0.00
     0     2      300.00      817.00        0.00
     0     2      308.00      819.00        0.00
     0     2      314.00      823.00        0.00
     0     2      320.00      825.00        0.00
     0     2      326.00      827.00        0.00
     0     2      330.00      831.00        0.00
     0     2      336.00      833.00        0.00
     0     2      340.00      837.00        0.00
     0     2      346.00      839.00        0.00
     0     2      352.00      843.00        0.00
     0     2      352.00      849.00        0.00
     0     2      352.00      855.00        0.00
     0     2      348.00      861.00        0.00
     0     2      344.00      867.00        0.00
     0     2      344.00      873.00        0.00
     0     2      342.00      879.00        0.00
     0     2      340.00      885.00        0.00
     0     2      340.00      891.00        0.00
     0     2      338.00      897.00        0.00
     0     2      336.00      903.00        0.00
     0     2      332.00      909.00        0.00
     0     2      330.00      915.00        0.00
     0     2      326.00      921.00        0.00
     0     2      322.00      927.00        0.00
     0     2      318.00      931.00        0.00
     0     2      314.00      935.00        0.00
     0     2      308.00      935.00        0.00
     0     2      302.00      935.00        0.00
     0     2      296.00      935.00        0.00
     0     2      290.00      935.00        0.00
     0     2      284.00      935.00        0.00
     0     2      278.00      935.00        0.00
     0     2      272.00      933.00        0.00
     0     2      266.00      931.00        0.00
     0     2      260.00      929.00        0.00
     0     2      254.00      927.00        0.00
     0     2      248.00      925.00        0.00
     0     2      242.00      925.00        0.00
     0     2      236.00      923.00        0.00
     0     2      230.00      923.00        0.00
     0     2      224.00      919.00        0.00
     0     2      218.00      917.00        0.00
     0     2      214.00      913.00        0.00
     0     2      212.00      907.00        0.00
     0     2      212.00      901.00        0.00
     0     2      212.00      895.00        0.00
     0     2      212.00      889.00        0.00
     0     2      212.00      883.00        0.00
     0     2      212.00      877.00        0.00
     0     2      214.00      871.00        0.00
     0     2      216.00      865.00        0.00
     0     2      220.00      859.00        0.00
     0     2      224.00      853.00        0.00
     0     2      228.00      849.00        0.00
     0     2      232.00      845.00        0.00
     0     2      236.00      841.00        0.00
     0     2      240.00      837.00        0.00
     0     2      242.00      831.00        0.00
     0     2      246.00      827.00        0.00
     0     2      248.00      821.00        0.00
     0     2      254.00      821.00        0.00
     0     3      620.00     1061.00        0.00
     0     3      614.00     1071.00        0.00
     0     3      610.00     1077.00        0.00
     0     3      608.00     1083.00        0.00
     0     3      606.00     1089.00        0.00
     0     3      604.00     1095.00        0.00
     0     3      602.00     1101.00        0.00
     0     3      600.00     1107.00        0.00
     0     3      594.00     1109.00        0.00
     0     3      588.00     1111.00        0.00
     0     3      582.00     1111.00        0.00
     0     3      578.00     1107.00        0.00
     0     3      572.00     1105.00        0.00
     0     3      568.00     1101.00        0.00
     0     3      564.00     1097.00        0.00
     0     3      558.00     1093.00        0.00
     0     3      556.00     1085.00        0.00
     0     3      552.00     1079.00        0.00
     0     3      548.00     1073.00        0.00
     0     3      546.00     1067.00        0.00
     0     3      544.00     1061.00        0.00
     0     3      544.00     1055.00        0.00
     0     3      544.00     1047.00        0.00
     0     3      544.00     1041.00        0.00
     0     3      544.00     1033.00        0.00
     0     3      548.00     1025.00        0.00
     0     3      552.00     1021.00        0.00
     0     3      556.00     1015.00        0.00
     0     3      562.00     1013.00        0.00
     0     3      568.00     1011.00        0.00
     0     3      574.00     1009.00        0.00
     0     3      580.00     1007.00        0.00
     0     3      586.00     1005.00        0.00
     0     3      592.00     1003.00        0.00
     0     3      598.00     1001.00        0.00
     0     3      606.00      997.00        0.00
     0     3      612.00      995.00        0.00
     0     3      622.00      993.00        0.00
     0     3      632.00      991.00        0.00
     0     3      642.00      989.00        0.00
     0     3      650.00      987.00        0.00
     0     3      656.00      987.00        0.00
     0     3      662.00      983.00        0.00
     0     3      668.00      981.00        0.00
     0     3      672.00      977.00        0.00
     0     3      678.00      975.00        0.00
     0     3      686.00      971.00        0.00
     0     3      694.00      967.00        0.00
     0     3      698.00      963.00        0.00
     0     3      702.00      959.00        0.00
     0     3      706.00      955.00        0.00
     0     3      710.00      949.00        0.00
     0     3      716.00      945.00        0.00
     0     3      722.00      941.00        0.00
     0     3      728.00      939.00        0.00
     0     3      732.00      935.00        0.00
     0     3      738.00      933.00        0.00
     0     3      744.00      929.00        0.00
     0     3      748.00      925.00        0.00
     0     3      752.00      921.00        0.00
     0     3      756.00      915.00        0.00
     0     3      760.00      909.00        0.00
     0     3      764.00      905.00        0.00
     0     3      766.00      899.00        0.00
     0     3      770.00      895.00        0.00
     0     3      776.00      893.00        0.00
     0     3      780.00      897.00        0.00
     0     3      782.00      903.00        0.00
     0     3      782.00      909.00        0.00
     0     3      782.00      915.00        0.00
     0     3      784.00      925.00        0.00
     0     3      784.00      931.00        0.00
     0     3      786.00      937.00        0.00
     0     3      786.00      943.00        0.00
     0     3      788.00      949.00        0.00
     0     3      790.00      955.00        0.00
     0     3      790.00      961.00        0.00
     0     3      792.00      967.00        0.00
     0     3      794.00      973.00        0.00
     0     3      794.00      979.00        0.00
     0     3      794.00      985.00        0.00
     0     3      790.00      991.00        0.00
     0     3      786.00      995.00        0.00
     0     3      782.00      999.00        0.00
     0     3      776.00     1001.00        0.00
     0     3      772.00     1005.00        0.00
     0     3      766.00     1007.00        0.00
     0     3      758.00     1011.00        0.00
     0     3      752.00     1015.00        0.00
     0     3      746.00     1017.00        0.00
     0     3      740.00     1021.00        0.00
     0     3      734.00     1023.00        0.00
     0     3      728.00     1025.00        0.00
     0     3      722.00     1027.00        0.00
     0     3      716.00     1029.00        0.00
     0     3      710.00     1031.00        0.00
     0     4      900.00      977.00        0.00
     0     4      880.00      977.00        0.00
     0     4      874.00      977.00        0.00
     0     4      868.00      977.00        0.00
     0     4      862.00      977.00        0.00
     0     4      856.00      977.00        0.00
     0     4      850.00      977.00        0.00
     0     4      844.00      975.00        0.00
     0     4      838.00      975.00        0.00
     0     4      832.00      975.00        0.00
     0     4      824.00      975.00        0.00
     0     4      818.00      975.00        0.00
     0     4      812.00      975.00        0.00
     0     4      806.00      975.00        0.00
     0     4      800.00      973.00        0.00
     0     4      796.00      969.00        0.00
     0     4      792.00      965.00        0.00
     0     4      788.00      961.00        0.00
     0     4      786.00      955.00        0.00
     0     4      784.00      949.00        0.00
     0     4      784.00      941.00        0.00
     0     4      784.00      935.00        0.00
     0     4      784.00      929.00        0.00
     0     4      784.00      923.00        0.00
     0     4      782.00      917.00        0.00
     0     4      780.00      911.00        0.00
     0     4      780.00      905.00        0.00
     0     4      780.00      897.00        0.00
     0     4      780.00      891.00        0.00
     0     4      780.00      883.00        0.00
     0     4      780.00      875.00        0.00
     0     4      782.00      869.00        0.00
     0     4      784.00      863.00        0.00
     0     4      786.00      857.00        0.00
     0     4      786.00      851.00        0.00
     0     4      790.00      843.00        0.00
     0     4      792.00      837.00        0.00
     0     4      794.00      831.00        0.00
     0     4      796.00      825.00        0.00
     0     4      800.00      821.00        0.00
     0     4      804.00      817.00        0.00
     0     4      808.00      813.00        0.00
     0     4      812.00      807.00        0.00
     0     4      816.00      801.00        0.00
     0     4      820.00      797.00        0.00
     0     4      826.00      793.00        0.00
     0     4      832.00      789.00        0.00
     0     4      838.00      787.00        0.00
     0     4      846.00      783.00        0.00
     0     4      852.00      781.00        0.00
     0     4      858.00      779.00        0.00
     0     4      864.00      777.00        0.00
     0     4      872.00      777.00        0.00
     0     4      878.00      777.00        0.00
     0     4      886.00      777.00        0.00
     0     4      892.00      779.00        0.00
     0     4      896.00      783.00        0.00
     0     4      904.00      787.00        0.00
     0     4      908.00      791.00        0.00
     0     4      914.00      793.00        0.00
     0     4      920.00      795.00        0.00
     0     4      926.00      795.00        0.00
     0     4      932.00      795.00        0.00
     0     4      938.00      795.00        0.00
     0     4      944.00      795.00        0.00
     0     4      948.00      799.00        0.00
     0     4      950.00      805.00        0.00
     0     4      952.00      811.00        0.00
     0     4      954.00      819.00        0.00
     0     4      956.00      825.00        0.00
     0     4      958.00      833.00        0.00
     0     4      958.00      839.00        0.00
     0     4      958.00      845.00        0.00
     0     4      958.00      851.00        0.00
     0     4      956.00      857.00        0.00
     0     4      954.00      863.00        0.00
     0     4      952.00      869.00        0.00
     0     4      950.00      875.00        0.00
     0     4      948.00      883.00        0.00
     0     4      946.00      889.00        0.00
     0     4      946.00      895.00        0.00
     0     4      946.00      901.00        0.00
     0     4      946.00      909.00        0.00
     0     4      946.00      915.00        0.00
     0     4      948.00      921.00        0.00
     0     4      948.00      927.00        0.00
     0     4      950.00      933.00        0.00
     0     4      950.00      939.00        0.00
     0     4      948.00      949.00        0.00
     0     4      946.00      955.00        0.00
     0     4      944.00      961.00        0.00
     0     5     1044.00      897.00        0.00
     0     5     1042.00      897.00        0.00
     0     5     1054.00      913.00        0.00
     0     5     1060.00      917.00        0.00
     0     5     1066.00      919.00        0.00
     0     5     1072.00      921.00        0.00
     0     5     1078.00      923.00        0.00
     0     5     1084.00      925.00        0.00
     0     5     1090.00      927.00        0.00
     0     5     1096.00      929.00        0.00
     0     5     1102.00      933.00        0.00
     0     5     1106.00      937.00        0.00
     0     5     1108.00      945.00        0.00
     0     5     1110.00      951.00        0.00
     0     5     1110.00      957.00        0.00
     0     5     1110.00      963.00        0.00
     0     5     1110.00      969.00        0.00
     0     5     1110.00      977.00        0.00
     0     5     1110.00      983.00        0.00
     0     5     1108.00      991.00        0.00
     0     5     1104.00      997.00        0.00
     0     5     1098.00     1001.00        0.00
     0     5     1092.00     1003.00        0.00
     0     5     1086.00     1007.00        0.00
     0     5     1080.00     1011.00        0.00
     0     5     1074.00     1013.00        0.00
     0     5     1066.00     1017.00        0.00
     0     5     1062.00     1021.00        0.00
     0     5     1056.00     1023.00        0.00
     0     5     1052.00     1027.00        0.00
     0     5     1044.00     1031.00        0.00
     0     5     1038.00     1033.00        0.00
     0     5     1030.00     1035.00        0.00
     0     5     1024.00     1035.00        0.00
     0     5     1018.00     1035.00        0.00
     0     5     1012.00     1035.00        0.00
     0     5     1004.00     1037.00        0.00
     0     5      998.00     1037.00        0.00
     0     5      990.00     1037.00        0.00
     0     5      982.00     1037.00        0.00
     0     5      972.00     1037.00        0.00
     0     5      964.00     1035.00        0.00
     0     5      958.00     1033.00        0.00
     0     5      954.00     1029.00        0.00
     0     5      950.00     1025.00        0.00
     0     5      946.00     1019.00        0.00
     0     5      942.00     1013.00        0.00
     0     5      940.00     1007.00        0.00
     0     5      940.00     1001.00        0.00
     0     5      938.00      995.00        0.00
     0     5      938.00      989.00        0.00
     0     5      938.00      981.00        0.00
     0     5      938.00      973.00        0.00
     0     5      940.00      967.00        0.00
     0     5      942.00      961.00        0.00
     0     5      944.00      955.00        0.00
     0     5      944.00      949.00        0.00
     0     5      944.00      943.00        0.00
     0     5      944.00      937.00        0.00
     0     5      946.00      931.00        0.00
     0     5      946.00      925.00        0.00
     0     5      946.00      919.00        0.00
     0     5      946.00      911.00        0.00
     0     5      946.00      905.00        0.00
     0     5      946.00      899.00        0.00
     0     5      946.00      893.00        0.00
     0     5      946.00      885.00        0.00
     0     5      946.00      877.00        0.00
     0     5      946.00      869.00        0.00
     0     5      946.00      861.00        0.00
     0     5      948.00      855.00        0.00
     0     5      950.00      849.00        0.00
     0     5      952.00      843.00        0.00
     0     5      954.00      837.00        0.00
     0     5      958.00      831.00        0.00
     0     5      962.00      825.00        0.00
     0     5      968.00      819.00        0.00
     0     5      974.00      815.00        0.00
     0     5      978.00      811.00        0.00
     0     5      984.00      807.00        0.00
     0     5      990.00      805.00        0.00
     0     5      994.00      801.00        0.00
     0     5     1000.00      797.00        0.00
     0     5     1006.00      795.00        0.00
     0     5     1010.00      791.00        0.00
     0     5     1014.00      787.00        0.00
     0     5     1016.00      781.00        0.00
     0     5     1016.00      775.00        0.00
     0     5     1018.00      769.00        0.00
     0     5     1020.00      763.00        0.00
     0     5     1022.00      757.00        0.00
     0     5     1022.00      751.00        0.00
     0     5     1022.00      745.00        0.00
     0     5     1022.00      739.00        0.00
     0     5     1028.00      737.00        0.00
     0     5     1034.00      737.00        0.00
     0     5     1038.00      741.00        0.00
     0     5     1042.00      745.00        0.00
     0     5     1044.00      753.00        0.00
     0     5     1044.00      759.00        0.00
     0     5     1042.00      765.00        0.00
     0     5     1040.00      771.00        0.00
     0     5     1040.00      779.00        0.00
     0     5     1040.00      785.00        0.00
     0     5     1040.00      791.00        0.00
     0     5     1040.00      799.00        0.00
     0     5     1040.00      807.00        0.00
     0     5     1040.00      813.00        0.00
     0     5     1040.00      819.00        0.00
     0     5     1040.00      825.00        0.00
     0     5     1040.00      831.00        0.00
     0     5     1042.00      837.00        0.00
     0     5     1042.00      843.00        0.00
     0     5     1042.00      849.00        0.00
     0     6     1260.00      723.00        0.00
     0     6     1264.00      739.00        0.00
     0     6     1268.00      745.00        0.00
     0     6     1272.00      751.00        0.00
     0     6     1276.00      755.00        0.00
     0     6     1278.00      763.00        0.00
     0     6     1282.00      767.00        0.00
     0     6     1284.00      773.00        0.00
     0     6     1288.00      777.00        0.00
     0     6     1290.00      783.00        0.00
     0     6     1296.00      789.00        0.00
     0     6     1300.00      795.00        0.00
     0     6     1302.00      801.00        0.00
     0     6     1304.00      807.00        0.00
     0     6     1306.00      813.00        0.00
     0     6     1308.00      819.00        0.00
     0     6     1310.00      827.00        0.00
     0     6     1312.00      833.00        0.00
     0     6     1314.00      839.00        0.00
     0     6     1318.00      845.00        0.00
     0     6     1320.00      851.00        0.00
     0     6     1322.00      857.00        0.00
     0     6     1324.00      865.00        0.00
     0     6     1324.00      871.00        0.00
     0     6     1326.00      877.00        0.00
     0     6     1328.00      883.00        0.00
     0     6     1328.00      889.00        0.00
     0     6     1328.00      897.00        0.00
     0     6     1328.00      903.00        0.00
     0     6     1328.00      911.00        0.00
     0     6     1330.00      917.00        0.00
     0     6     1332.00      925.00        0.00
     0     6     1334.00      931.00        0.00
     0     6     1336.00      939.00        0.00
     0     6     1338.00      945.00        0.00
     0     6     1338.00      951.00        0.00
     0     6     1338.00      957.00        0.00
     0     6     1332.00      961.00        0.00
     0     6     1326.00      961.00        0.00
     0     6     1320.00      961.00        0.00
     0     6     1314.00      961.00        0.00
     0     6     1308.00      961.00        0.00
     0     6     1302.00      961.00        0.00
     0     6     1296.00      961.00        0.00
     0     6     1290.00      961.00        0.00
     0     6     1284.00      961.00        0.00
     0     6     1278.00      961.00        0.00
     0     6     1272.00      961.00        0.00
     0     6     1266.00      961.00        0.00
     0     6     1260.00      959.00        0.00
     0     6     1252.00      957.00        0.00
     0     6     1246.00      955.00        0.00
     0     6     1238.00      951.00        0.00
     0     6     1232.00      949.00        0.00
     0     6     1226.00      945.00        0.00
     0     6     1220.00      941.00        0.00
     0     6     1214.00      937.00        0.00
     0     6     1210.00      931.00        0.00
     0     6     1208.00      925.00        0.00
     0     6     1208.00      919.00        0.00
     0     6     1208.00      913.00        0.00
     0     6     1208.00      907.00        0.00
     0     6     1212.00      899.00        0.00
     0     6     1212.00      893.00        0.00
     0     6     1214.00      887.00        0.00
     0     6     1216.00      879.00        0.00
     0     6     1218.00      871.00        0.00
     0     6     1218.00      865.00        0.00
     0     6     1220.00      859.00        0.00
     0     6     1220.00      853.00        0.00
     0     6     1220.00      847.00        0.00
     0     6     1222.00      841.00        0.00
     0     6     1222.00      833.00        0.00
     0     6     1222.00      827.00        0.00
     0     6     1222.00      821.00        0.00
     0     6     1224.00      813.00        0.00
     0     6     1224.00      807.00        0.00
     0     6     1224.00      801.00        0.00
     0     6     1226.00      795.00        0.00
     0     6     1230.00      789.00        0.00
     0     6     1232.00      783.00        0.00
     0     6     1234.00      777.00        0.00
     0     6     1238.00      773.00        0.00
     0     6     1240.00      767.00        0.00
     0     6     1240.00      761.00        0.00
     0     6     1242.00      755.00        0.00
     0     6     1246.00      749.00        0.00
     0     7     1364.00      805.00        0.00
     0     7     1378.00      811.00        0.00
     0     7     1384.00      815.00        0.00
     0     7     1390.00      817.00        0.00
     0     7     1394.00      821.00        0.00
     0     7     1400.00      823.00        0.00
     0     7     1406.00      827.00        0.00
     0     7     1410.00      831.00        0.00
     0     7     1412.00      837.00        0.00
     0     7     1416.00      843.00        0.00
     0     7     1420.00      847.00        0.00
     0     7     1422.00      853.00        0.00
     0     7     1424.00      859.00        0.00
     0     7     1424.00      865.00        0.00
     0     7     1428.00      871.00        0.00
     0     7     1430.00      877.00        0.00
     0     7     1436.00      883.00        0.00
     0     7     1440.00      889.00        0.00
     0     7     1442.00      895.00        0.00
     0     7     1442.00      901.00        0.00
     0     7     1442.00      907.00        0.00
     0     7     1442.00      913.00        0.00
     0     7     1442.00      919.00        0.00
     0     7     1442.00      927.00        0.00
     0     7     1440.00      933.00        0.00
     0     7     1438.00      939.00        0.00
     0     7     1434.00      943.00        0.00
     0     7     1430.00      947.00        0.00
     0     7     1426.00      951.00        0.00
     0     7     1422.00      955.00        0.00
     0     7     1416.00      963.00        0.00
     0     7     1412.00      967.00        0.00
     0     7     1408.00      973.00        0.00
     0     7     1402.00      977.00        0.00
     0     7     1396.00      979.00        0.00
     0     7     1390.00      981.00        0.00
     0     7     1384.00      983.00        0.00
     0     7     1376.00      983.00        0.00
     0     7     1368.00      983.00        0.00
     0     7     1362.00      981.00        0.00
     0     7     1356.00      977.00        0.00
     0     7     1350.00      975.00        0.00
     0     7     1346.00      971.00        0.00
     0     7     1342.00      965.00        0.00
     0     7     1340.00      959.00        0.00
     0     7     1338.00      953.00        0.00
     0     7     1336.00      947.00        0.00
     0     7     1336.00      941.00        0.00
     0     7     1334.00      935.00        0.00
     0     7     1334.00      929.00        0.00
     0     7     1334.00      923.00        0.00
     0     7     1332.00      917.00        0.00
     0     7     1332.00      911.00        0.00
     0     7     1332.00      903.00        0.00
     0     7     1330.00      895.00        0.00
     0     7     1330.00      889.00        0.00
     0     7     1330.00      883.00        0.00
     0     7     1328.00      875.00        0.00
     0     7     1326.00      867.00        0.00
     0     7     1326.00      861.00        0.00
     0     7     1324.00      855.00        0.00
     0     7     1324.00      849.00        0.00
     0     7     1324.00      843.00        0.00
     0     7     1326.00      837.00        0.00
     0     7     1330.00      831.00        0.00
     0     7     1336.00      829.00        0.00
     0     7     1340.00      823.00        0.00
     0     8     1592.00      831.00        0.00
     0     8     1606.00      839.00        0.00
     0     8     1612.00      843.00        0.00
     0     8     1620.00      847.00        0.00
     0     8     1624.00      851.00        0.00
     0     8     1630.00      853.00        0.00
     0     8     1636.00      855.00        0.00
     0     8     1642.00      857.00        0.00
     0     8     1648.00      859.00        0.00
     0     8     1654.00      861.00        0.00
     0     8     1660.00      861.00        0.00
     0     8     1666.00      863.00        0.00
     0     8     1670.00      867.00        0.00
     0     8     1678.00      869.00        0.00
     0     8     1682.00      875.00        0.00
     0     8     1684.00      883.00        0.00
     0     8     1686.00      889.00        0.00
     0     8     1686.00      897.00        0.00
     0     8     1686.00      905.00        0.00
     0     8     1688.00      911.00        0.00
     0     8     1688.00      917.00        0.00
     0     8     1688.00      925.00        0.00
     0     8     1684.00      929.00        0.00
     0     8     1680.00      935.00        0.00
     0     8     1676.00      939.00        0.00
     0     8     1670.00      941.00        0.00
     0     8     1666.00      945.00        0.00
     0     8     1662.00      949.00        0.00
     0     8     1658.00      953.00        0.00
     0     8     1654.00      959.00        0.00
     0     8     1652.00      965.00        0.00
     0     8     1650.00      971.00        0.00
     0     8     1648.00      977.00        0.00
     0     8     1644.00      983.00        0.00
     0     8     1642.00      989.00        0.00
     0     8     1640.00      995.00        0.00
     0     8     1636.00      999.00        0.00
     0     8     1632.00     1005.00        0.00
     0     8     1626.00     1009.00        0.00
     0     8     1620.00     1009.00        0.00
     0     8     1614.00     1007.00        0.00
     0     8     1608.00     1003.00        0.00
     0     8     1602.00      999.00        0.00
     0     8     1596.00      995.00        0.00
     0     8     1590.00      991.00        0.00
     0     8     1584.00      987.00        0.00
     0     8     1580.00      983.00        0.00
     0     8     1574.00      979.00        0.00
     0     8     1570.00      975.00        0.00
     0     8     1564.00      971.00        0.00
     0     8     1558.00      965.00        0.00
     0     8     1554.00      959.00        0.00
     0     8     1550.00      955.00        0.00
     0     8     1546.00      951.00        0.00
     0     8     1540.00      947.00        0.00
     0     8     1534.00      941.00        0.00
     0     8     1528.00      937.00        0.00
     0     8     1524.00      931.00        0.00
     0     8     1524.00      925.00        0.00
     0     8     1526.00      917.00        0.00
     0     8     1530.00      913.00        0.00
     0     8     1534.00      909.00        0.00
     0     8     1536.00      903.00        0.00
     0     8     1540.00      899.00        0.00
     0     8     1544.00      893.00        0.00
     0     8     1550.00      889.00        0.00
     0     8     1554.00      885.00        0.00
     0     8     1560.00      881.00        0.00
     0     8     1566.00      877.00        0.00
     0     8     1570.00      871.00        0.00
     0     8     1572.00      865.00        0.00
     0     8     1574.00      859.00        0.00
     0     8     1576.00      853.00        0.00
     0     9     1808.00      811.00        0.00
     0     9     1818.00      819.00        0.00
     0     9     1824.00      825.00        0.00
     0     9     1830.00      827.00        0.00
     0     9     1834.00      831.00        0.00
     0     9     1836.00      837.00        0.00
     0     9     1840.00      841.00        0.00
     0     9     1844.00      845.00        0.00
     0     9     1846.00      851.00        0.00
     0     9     1846.00      857.00        0.00
     0     9     1846.00      865.00        0.00
     0     9     1846.00      871.00        0.00
     0     9     1846.00      879.00        0.00
     0     9     1846.00      885.00        0.00
     0     9     1846.00      891.00        0.00
     0     9     1844.00      897.00        0.00
     0     9     1840.00      903.00        0.00
     0     9     1836.00      907.00        0.00
     0     9     1832.00      911.00        0.00
     0     9     1828.00      917.00        0.00
     0     9     1824.00      921.00        0.00
     0     9     1820.00      925.00        0.00
     0     9     1816.00      929.00        0.00
     0     9     1810.00      933.00        0.00
     0     9     1804.00      937.00        0.00
     0     9     1800.00      943.00        0.00
     0     9     1796.00      947.00        0.00
     0     9     1792.00      951.00        0.00
     0     9     1788.00      955.00        0.00
     0     9     1782.00      959.00        0.00
     0     9     1776.00      961.00        0.00
     0     9     1770.00      965.00        0.00
     0     9     1764.00      967.00        0.00
     0     9     1758.00      969.00        0.00
     0     9     1752.00      971.00        0.00
     0     9     1746.00      971.00        0.00
     0     9     1740.00      971.00        0.00
     0     9     1734.00      971.00        0.00
     0     9     1726.00      971.00        0.00
     0     9     1720.00      969.00        0.00
     0     9     1714.00      967.00        0.00
     0     9     1708.00      965.00        0.00
     0     9     1702.00      961.00        0.00
     0     9     1700.00      955.00        0.00
     0     9     1698.00      949.00        0.00
     0     9     1696.00      943.00        0.00
     0     9     1694.00      937.00        0.00
     0     9     1694.00      927.00        0.00
     0     9     1692.00      921.00        0.00
     0     9     1692.00      913.00        0.00
     0     9     1690.00      907.00        0.00
     0     9     1690.00      901.00        0.00
     0     9     1688.00      895.00        0.00
     0     9     1688.00      889.00        0.00
     0     9     1686.00      883.00        0.00
     0     9     1684.00      875.00        0.00
     0     9     1684.00      867.00        0.00
     0     9     1682.00      859.00        0.00
     0     9     1682.00      853.00        0.00
     0     9     1684.00      845.00        0.00
     0     9     1686.00      839.00        0.00
     0     9     1690.00      833.00        0.00
     0     9     1694.00      829.00        0.00
     0     9     1700.00      827.00        0.00
     0     9     1706.00      825.00        0.00
     0     9     1710.00      821.00        0.00
     0     9     1716.00      819.00        0.00
     0     9     1720.00      815.00        0.00
     0     9     1724.00      811.00        0.00
     0     9     1728.00      807.00        0.00
     0     9     1732.00      803.00        0.00
     0     9     1736.00      799.00        0.00
     0     9     1738.00      793.00        0.00
     0     9     1742.00      789.00        0.00
     0     9     1746.00      785.00        0.00
     0     9     1752.00      785.00        0.00
     0     9     1758.00      785.00        0.00
     0     9     1764.00      789.00        0.00
     0    10     1802.00      741.00        0.00
     0    10     1804.00      753.00        0.00
     0    10     1804.00      759.00        0.00
     0    10     1804.00      765.00        0.00
     0    10     1804.00      771.00        0.00
     0    10     1802.00      779.00        0.00
     0    10     1800.00      785.00        0.00
     0    10     1796.00      791.00        0.00
     0    10     1790.00      795.00        0.00
     0    10     1784.00      795.00        0.00
     0    10     1776.00      795.00        0.00
     0    10     1768.00      795.00        0.00
     0    10     1762.00      793.00        0.00
     0    10     1756.00      791.00        0.00
     0    10     1750.00      789.00        0.00
     0    10     1746.00      785.00        0.00
     0    10     1742.00      779.00        0.00
     0    10     1738.00      775.00        0.00
     0    10     1732.00      771.00        0.00
     0    10     1726.00      771.00        0.00
     0    10     1720.00      771.00        0.00
     0    10     1714.00      771.00        0.00
     0    10     1708.00      775.00        0.00
     0    10     1704.00      779.00        0.00
     0    10     1700.00      783.00        0.00
     0    10     1696.00      787.00        0.00
     0    10     1692.00      791.00        0.00
     0    10     1688.00      795.00        0.00
     0    10     1684.00      801.00        0.00
     0    10     1676.00      803.00        0.00
     0    10     1668.00      805.00        0.00
     0    10     1660.00      807.00        0.00
     0    10     1654.00      807.00        0.00
     0    10     1642.00      807.00        0.00
     0    10     1634.00      809.00        0.00
     0    10     1628.00      811.00        0.00
     0    10     1622.00      813.00        0.00
     0    10     1616.00      815.00        0.00
     0    10     1610.00      819.00        0.00
     0    10     1604.00      821.00        0.00
     0    10     1598.00      825.00        0.00
     0    10     1592.00      829.00        0.00
     0    10     1586.00      831.00        0.00
     0    10     1580.00      831.00        0.00
     0    10     1574.00      827.00        0.00
     0    10     1570.00      821.00        0.00
     0    10     1566.00      815.00        0.00
     0    10     1562.00      809.00        0.00
     0    10     1558.00      803.00        0.00
     0    10     1556.00      797.00        0.00
     0    10     1552.00      793.00        0.00
     0    10     1550.00      787.00        0.00
     0    10     1548.00      781.00        0.00
     0    10     1548.00      775.00        0.00
     0    10     1548.00      767.00        0.00
     0    10     1548.00      759.00        0.00
     0    10     1548.00      753.00        0.00
     0    10     1548.00      747.00        0.00
     0    10     1548.00      741.00        0.00
     0    10     1546.00      733.00        0.00
     0    10     1542.00      725.00        0.00
     0    10     1538.00      717.00        0.00
     0    10     1536.00      711.00        0.00
     0    10     1530.00      703.00        0.00
     0    10     1528.00      697.00        0.00
     0    10     1524.00      691.00        0.00
     0    10     1522.00      685.00        0.00
     0    10     1520.00      677.00        0.00
     0    10     1520.00      671.00        0.00
     0    10     1518.00      665.00        0.00
     0    10     1520.00      657.00        0.00
     0    10     1520.00      651.00        0.00
     0    10     1522.00      645.00        0.00
     0    10     1528.00      641.00        0.00
     0    10     1532.00      635.00        0.00
     0    10     1536.00      629.00        0.00
     0    10     1540.00      621.00        0.00
     0    10     1544.00      617.00        0.00
     0    10     1548.00      613.00        0.00
     0    10     1556.00      611.00        0.00
     0    10     1562.00      613.00        0.00
     0    10     1570.00      615.00        0.00
     0    10     1580.00      617.00        0.00
     0    10     1588.00      617.00        0.00
     0    10     1596.00      617.00        0.00
     0    10     1608.00      617.00        0.00
     0    10     1614.00      617.00        0.00
     0    10     1626.00      617.00        0.00
     0    10     1632.00      613.00        0.00
     0    10     1638.00      611.00        0.00
     0    10     1644.00      609.00        0.00
     0    10     1646.00      603.00        0.00
     0    10     1646.00      595.00        0.00
     0    10     1644.00      589.00        0.00
     0    10     1640.00      581.00        0.00
     0    10     1634.00      571.00        0.00
     0    10     1632.00      561.00        0.00
     0    10     1630.00      555.00        0.00
     0    10     1626.00      549.00        0.00
     0    10     1620.00      535.00        0.00
     0    10     1620.00      527.00        0.00
     0    10     1618.00      519.00        0.00
     0    10     1618.00      511.00        0.00
     0    10     1618.00      505.00        0.00
     0    10     1616.00      499.00        0.00
     0    10     1622.00      499.00        0.00
     0    10     1626.00      509.00        0.00
     0    10     1628.00      517.00        0.00
     0    10     1632.00      523.00        0.00
     0    10     1638.00      533.00        0.00
     0    10     1640.00      541.00        0.00
     0    10     1644.00      547.00        0.00
     0    10     1648.00      553.00        0.00
     0    10     1654.00      559.00        0.00
     0    10     1658.00      563.00        0.00
     0    10     1662.00      569.00        0.00
     0    10     1666.00      573.00        0.00
     0    10     1672.00      577.00        0.00
     0    10     1678.00      581.00        0.00
     0    10     1684.00      585.00        0.00
     0    10     1688.00      589.00        0.00
     0    10     1692.00      593.00        0.00
     0    10     1698.00      595.00        0.00
     0    10     1704.00      597.00        0.00
     0    10     1710.00      597.00        0.00
     0    10     1716.00      599.00        0.00
     0    10     1722.00      599.00        0.00
     0    10     1728.00      601.00        0.00
     0    10     1734.00      603.00        0.00
     0    10     1740.00      605.00        0.00
     0    10     1746.00      607.00        0.00
     0    10     1752.00      609.00        0.00
     0    10     1758.00      611.00        0.00
     0    10     1764.00      615.00        0.00
     0    10     1770.00      617.00        0.00
     0    10     1778.00      621.00        0.00
     0    10     1784.00      623.00        0.00
     0    10     1792.00      627.00        0.00
     0    10     1798.00      631.00        0.00
     0    10     1804.00      635.00        0.00
     0    10     1810.00      637.00        0.00
     0    10     1816.00      639.00        0.00
     0    10     1820.00      643.00        0.00
     0    10     1826.00      647.00        0.00
     0    10     1830.00      653.00        0.00
     0    10     1834.00      657.00        0.00
     0    10     1834.00      663.00        0.00
     0    10     1834.00      669.00        0.00
     0    10     1834.00      675.00        0.00
     0    10     1832.00      681.00        0.00
     0    10     1832.00      687.00        0.00
     0    10     1830.00      693.00        0.00
     0    10     1828.00      699.00        0.00
     0    10     1824.00      703.00        0.00
     0    10     1820.00      707.00        0.00
     0    10     1814.00      713.00        0.00
     0    11     1728.00      403.00        0.00
     0    11     1722.00      391.00        0.00
     0    11     1718.00      387.00        0.00
     0    11     1714.00      381.00        0.00
     0    11     1710.00      377.00        0.00
     0    11     1704.00      371.00        0.00
     0    11     1700.00      367.00        0.00
     0    11     1696.00      359.00        0.00
     0    11     1692.00      355.00        0.00
     0    11     1688.00      351.00        0.00
     0    11     1684.00      347.00        0.00
     0    11     1680.00      343.00        0.00
     0    11     1674.00      341.00        0.00
     0    11     1668.00      339.00        0.00
     0    11     1660.00      335.00        0.00
     0    11     1654.00      333.00        0.00
     0    11     1648.00      331.00        0.00
     0    11     1642.00      329.00        0.00
     0    11     1636.00      329.00        0.00
     0    11     1628.00      327.00        0.00
     0    11     1622.00      327.00        0.00
     0    11     1616.00      325.00        0.00
     0    11     1610.00      325.00        0.00
     0    11     1604.00      323.00        0.00
     0    11     1598.00      321.00        0.00
     0    11     1592.00      319.00        0.00
     0    11     1586.00      319.00        0.00
     0    11     1580.00      319.00        0.00
     0    11     1574.00      319.00        0.00
     0    11     1568.00      317.00        0.00
     0    11     1562.00      315.00        0.00
     0    11     1556.00      313.00        0.00
     0    11     1552.00      309.00        0.00
     0    11     1544.00      305.00        0.00
     0    11     1538.00      303.00        0.00
     0    11     1532.00      297.00        0.00
     0    11     1526.00      293.00        0.00
     0    11     1518.00      289.00        0.00
     0    11     1512.00      285.00        0.00
     0    11     1504.00      281.00        0.00
     0    11     1494.00      277.00        0.00
     0    11     1488.00      273.00        0.00
     0    11     1482.00      271.00        0.00
     0    11     1478.00      267.00        0.00
     0    11     1474.00      263.00        0.00
     0    11     1470.00      259.00        0.00
     0    11     1468.00      253.00        0.00
     0    11     1466.00      247.00        0.00
     0    11     1462.00      243.00        0.00
     0    11     1458.00      239.00        0.00
     0    11     1452.00      235.00        0.00
     0    11     1448.00      231.00        0.00
     0    11     1442.00      229.00        0.00
     0    11     1438.00      225.00        0.00
     0    11     1434.00      221.00        0.00
     0    11     1428.00      217.00        0.00
     0    11     1424.00      211.00        0.00
     0    11     1422.00      205.00        0.00
     0    11     1422.00      199.00        0.00
     0    11     1420.00      191.00        0.00
     0    11     1422.00      185.00        0.00
     0    11     1422.00      177.00        0.00
     0    11     1422.00      171.00        0.00
     0    11     1424.00      165.00        0.00
     0    11     1426.00      157.00        0.00
     0    11     1428.00      151.00        0.00
     0    11     1430.00      143.00        0.00
     0    11     1430.00      137.00        0.00
     0    11     1430.00      131.00        0.00
     0    11     1430.00      125.00        0.00
     0    11     1430.00      119.00        0.00
     0    11     1430.00      113.00        0.00
     0    11     1430.00      107.00        0.00
     0    11     1434.00      103.00        0.00
     0    11     1440.00      101.00        0.00
     0    11     1446.00      101.00        0.00
     0    11     1454.00       99.00        0.00
     0    11     1462.00       99.00        0.00
     0    11     1472.00       95.00        0.00
     0    11     1478.00       93.00        0.00
     0    11     1484.00       93.00        0.00
     0    11     1492.00       93.00        0.00
     0    11     1500.00       93.00        0.00
     0    11     1508.00       93.00        0.00
     0    11     1514.00       93.00        0.00
     0    11     1520.00       95.00        0.00
     0    11     1528.00       97.00        0.00
     0    11     1534.00       99.00        0.00
     0    11     1540.00      101.00        0.00
     0    11     1546.00      103.00        0.00
     0    11     1554.00      105.00        0.00
     0    11     1562.00      107.00        0.00
     0    11     1568.00      109.00        0.00
     0    11     1574.00      113.00        0.00
     0    11     1580.00      113.00        0.00
     0    11     1586.00      115.00        0.00
     0    11     1592.00      117.00        0.00
     0    11     1598.00      117.00        0.00
     0    11     1606.00      119.00        0.00
     0    11     1614.00      121.00        0.00
     0    11     1620.00      123.00        0.00
     0    11     1626.00      127.00        0.00
     0    11     1632.00      133.00        0.00
     0    11     1638.00      137.00        0.00
     0    11     1640.00      143.00        0.00
     0    11     1640.00      149.00        0.00
     0    11     1640.00      155.00        0.00
     0    11     1638.00      161.00        0.00
     0    11     1636.00      167.00        0.00
     0    11     1636.00      173.00        0.00
     0    11     1638.00      179.00        0.00
     0    11     1642.00      185.00        0.00
     0    11     1644.00      191.00        0.00
     0    11     1648.00      195.00        0.00
     0    11     1652.00      203.00        0.00
     0    11     1656.00      209.00        0.00
     0    11     1660.00      215.00        0.00
     0    11     1664.00      221.00        0.00
     0    11     1666.00      227.00        0.00
     0    11     1670.00      233.00        0.00
     0    11     1672.00      239.00        0.00
     0    11     1672.00      245.00        0.00
     0    11     1672.00      251.00        0.00
     0    11     1672.00      257.00        0.00
     0    11     1674.00      263.00        0.00
     0    11     1674.00      271.00        0.00
     0    11     1674.00      277.00        0.00
     0    11     1676.00      283.00        0.00
     0    11     1680.00      291.00        0.00
     0    11     1682.00      297.00        0.00
     0    11     1682.00      303.00        0.00
     0    11     1686.00      309.00        0.00
     0    11     1688.00      315.00        0.00
     0    11     1690.00      321.00        0.00
     0    11     1692.00      327.00        0.00
     0    11     1696.00      331.00        0.00
     0    11     1698.00      337.00        0.00
     0    11     1700.00      345.00        0.00
     0    11     1702.00      351.00        0.00
     0    12     1296.00      211.00        0.00
     0    12     1312.00      227.00        0.00
     0    12     1318.00      233.00        0.00
     0    12     1324.00      239.00        0.00
     0    12     1330.00      243.00        0.00
     0    12     1336.00      249.00        0.00
     0    12     1340.00      253.00        0.00
     0    12     1344.00      259.00        0.00
     0    12     1348.00      263.00        0.00
     0    12     1352.00      267.00        0.00
     0    12     1356.00      273.00        0.00
     0    12     1358.00      279.00        0.00
     0    12     1362.00      283.00        0.00
     0    12     1364.00      289.00        0.00
     0    12     1366.00      295.00        0.00
     0    12     1366.00      303.00        0.00
     0    12     1368.00      309.00        0.00
     0    12     1368.00      315.00        0.00
     0    12     1368.00      323.00        0.00
     0    12     1368.00      331.00        0.00
     0    12     1366.00      337.00        0.00
     0    12     1362.00      345.00        0.00
     0    12     1358.00      353.00        0.00
     0    12     1354.00      359.00        0.00
     0    12     1350.00      365.00        0.00
     0    12     1346.00      369.00        0.00
     0    12     1340.00      373.00        0.00
     0    12     1334.00      375.00        0.00
     0    12     1326.00      379.00        0.00
     0    12     1318.00      379.00        0.00
     0    12     1308.00      381.00        0.00
     0    12     1300.00      383.00        0.00
     0    12     1294.00      385.00        0.00
     0    12     1288.00      385.00        0.00
     0    12     1282.00      383.00        0.00
     0    12     1278.00      377.00        0.00
     0    12     1276.00      371.00        0.00
     0    12     1274.00      365.00        0.00
     0    12     1272.00      357.00        0.00
     0    12     1272.00      351.00        0.00
     0    12     1272.00      345.00        0.00
     0    12     1274.00      337.00        0.00
     0    12     1278.00      329.00        0.00
     0    12     1280.00      323.00        0.00
     0    12     1282.00      315.00        0.00
     0    12     1284.00      307.00        0.00
     0    12     1286.00      301.00        0.00
     0    12     1286.00      295.00        0.00
     0    12     1286.00      289.00        0.00
     0    12     1288.00      281.00        0.00
     0    12     1290.00      275.00        0.00
     0    12     1290.00      269.00        0.00
     0    12     1292.00      263.00        0.00
     0    12     1294.00      257.00        0.00
     0    13     1044.00      217.00        0.00
     0    13     1056.00      221.00        0.00
     0    13     1062.00      223.00        0.00
     0    13     1068.00      223.00        0.00
     0    13     1076.00      221.00        0.00
     0    13     1082.00      221.00        0.00
     0    13     1088.00      219.00        0.00
     0    13     1094.00      217.00        0.00
     0    13     1102.00      215.00        0.00
     0    13     1108.00      213.00        0.00
     0    13     1114.00      211.00        0.00
     0    13     1120.00      209.00        0.00
     0    13     1126.00      209.00        0.00
     0    13     1134.00      207.00        0.00
     0    13     1140.00      207.00        0.00
     0    13     1148.00      207.00        0.00
     0    13     1158.00      209.00        0.00
     0    13     1166.00      211.00        0.00
     0    13     1172.00      213.00        0.00
     0    13     1178.00      213.00        0.00
     0    13     1184.00      213.00        0.00
     0    13     1190.00      215.00        0.00
     0    13     1196.00      215.00        0.00
     0    13     1202.00      215.00        0.00
     0    13     1208.00      215.00        0.00
     0    13     1216.00      215.00        0.00
     0    13     1222.00      215.00        0.00
     0    13     1228.00      217.00        0.00
     0    13     1234.00      219.00        0.00
     0    13     1240.00      221.00        0.00
     0    13     1244.00      225.00        0.00
     0    13     1248.00      229.00        0.00
     0    13     1242.00      231.00        0.00
     0    13     1236.00      235.00        0.00
     0    13     1230.00      237.00        0.00
     0    13     1222.00      239.00        0.00
     0    13     1216.00      243.00        0.00
     0    13     1210.00      245.00        0.00
     0    13     1202.00      247.00        0.00
     0    13     1196.00      249.00        0.00
     0    13     1188.00      251.00        0.00
     0    13     1182.00      257.00        0.00
     0    13     1176.00      259.00        0.00
     0    13     1170.00      263.00        0.00
     0    13     1166.00      267.00        0.00
     0    13     1162.00      273.00        0.00
     0    13     1158.00      279.00        0.00
     0    13     1156.00      285.00        0.00
     0    13     1154.00      291.00        0.00
     0    13     1154.00      299.00        0.00
     0    13     1152.00      305.00        0.00
     0    13     1152.00      313.00        0.00
     0    13     1152.00      321.00        0.00
     0    13     1154.00      327.00        0.00
     0    13     1156.00      333.00        0.00
     0    13     1158.00      339.00        0.00
     0    13     1160.00      345.00        0.00
     0    13     1162.00      353.00        0.00
     0    13     1164.00      359.00        0.00
     0    13     1166.00      367.00        0.00
     0    13     1168.00      373.00        0.00
     0    13     1168.00      381.00        0.00
     0    13     1168.00      389.00        0.00
     0    13     1168.00      395.00        0.00
     0    13     1166.00      401.00        0.00
     0    13     1162.00      407.00        0.00
     0    13     1158.00      411.00        0.00
     0    13     1154.00      415.00        0.00
     0    13     1148.00      419.00        0.00
     0    13     1142.00      421.00        0.00
     0    13     1138.00      425.00        0.00
     0    13     1134.00      429.00        0.00
     0    13     1128.00      433.00        0.00
     0    13     1124.00      437.00        0.00
     0    13     1118.00      439.00        0.00
     0    13     1112.00      441.00        0.00
     0    13     1106.00      443.00        0.00
     0    13     1100.00      443.00        0.00
     0    13     1094.00      441.00        0.00
     0    13     1088.00      439.00        0.00
     0    13     1082.00      435.00        0.00
     0    13     1078.00      431.00        0.00
     0    13     1072.00      427.00        0.00
     0    13     1066.00      425.00        0.00
     0    13     1060.00      425.00        0.00
     0    13     1054.00      425.00        0.00
     0    13     1050.00      429.00        0.00
     0    13     1044.00      433.00        0.00
     0    13     1038.00      437.00        0.00
     0    13     1032.00      441.00        0.00
     0    13     1028.00      445.00        0.00
     0    13     1022.00      449.00        0.00
     0    13     1016.00      451.00        0.00
     0    13     1012.00      455.00        0.00
     0    13     1008.00      459.00        0.00
     0    13     1004.00      463.00        0.00
     0    13     1000.00      467.00        0.00
     0    13      996.00      473.00        0.00
     0    13      990.00      475.00        0.00
     0    13      984.00      477.00        0.00
     0    13      980.00      481.00        0.00
     0    13      976.00      485.00        0.00
     0    13      972.00      489.00        0.00
     0    13      968.00      495.00        0.00
     0    13      964.00      501.00        0.00
     0    13      962.00      507.00        0.00
     0    13      962.00      515.00        0.00
     0    13      960.00      521.00        0.00
     0    13      960.00      527.00        0.00
     0    13      958.00      533.00        0.00
     0    13      958.00      539.00        0.00
     0    13      958.00      545.00        0.00
     0    13      958.00      551.00        0.00
     0    13      962.00      559.00        0.00
     0    13      966.00      563.00        0.00
     0    13      968.00      569.00        0.00
     0    13      972.00      573.00        0.00
     0    13      972.00      579.00        0.00
     0    13      974.00      585.00        0.00
     0    13      974.00      591.00        0.00
     0    13      968.00      601.00        0.00
     0    13      964.00      605.00        0.00
     0    13      958.00      609.00        0.00
     0    13      954.00      613.00        0.00
     0    13      948.00      617.00        0.00
     0    13      942.00      617.00        0.00
     0    13      936.00      619.00        0.00
     0    13      930.00      619.00        0.00
     0    13      924.00      619.00        0.00
     0    13      918.00      619.00        0.00
     0    13      910.00      621.00        0.00
     0    13      904.00      621.00        0.00
     0    13      898.00      625.00        0.00
     0    13      892.00      625.00        0.00
     0    13      884.00      625.00        0.00
     0    13      878.00      625.00        0.00
     0    13      876.00      619.00        0.00
     0    13      876.00      613.00        0.00
     0    13      876.00      607.00        0.00
     0    13      878.00      601.00        0.00
     0    13      882.00      593.00        0.00
     0    13      882.00      585.00        0.00
     0    13      884.00      577.00        0.00
     0    13      886.00      571.00        0.00
     0    13      888.00      565.00        0.00
     0    13      888.00      559.00        0.00
     0    13      888.00      553.00        0.00
     0    13      886.00      545.00        0.00
     0    13      888.00      539.00        0.00
     0    13      890.00      531.00        0.00
     0    13      894.00      525.00        0.00
     0    13      898.00      521.00        0.00
     0    13      904.00      517.00        0.00
     0    13      908.00      513.00        0.00
     0    13      914.00      509.00        0.00
     0    13      920.00      503.00        0.00
     0    13      922.00      497.00        0.00
     0    13      926.00      493.00        0.00
     0    13      928.00      487.00        0.00
     0    13      930.00      479.00        0.00
     0    13      932.00      473.00        0.00
     0    13      934.00      467.00        0.00
     0    13      934.00      461.00        0.00
     0    13      934.00      455.00        0.00
     0    13      934.00      449.00        0.00
     0    13      930.00      445.00        0.00
     0    13      926.00      441.00        0.00
     0    13      922.00      433.00        0.00
     0    13      916.00      431.00        0.00
     0    13      910.00      429.00        0.00
     0    13      906.00      425.00        0.00
     0    13      900.00      423.00        0.00
     0    13      900.00      417.00        0.00
     0    13      902.00      409.00        0.00
     0    13      906.00      403.00        0.00
     0    13      910.00      395.00        0.00
     0    13      914.00      389.00        0.00
     0    13      918.00      381.00        0.00
     0    13      922.00      377.00        0.00
     0    13      926.00      373.00        0.00
     0    13      930.00      369.00        0.00
     0    13      936.00      363.00        0.00
     0    13      940.00      359.00        0.00
     0    13      946.00      357.00        0.00
     0    13      954.00      355.00        0.00
     0    13      960.00      349.00        0.00
     0    13      968.00      345.00        0.00
     0    13      970.00      339.00        0.00
     0    13      976.00      335.00        0.00
     0    13      980.00      331.00        0.00
     0    13      986.00      325.00        0.00
     0    13      992.00      319.00        0.00
     0    13      996.00      315.00        0.00
     0    13     1000.00      309.00        0.00
     0    13     1004.00      305.00        0.00
     0    13     1006.00      299.00        0.00
     0    13     1008.00      293.00        0.00
     0    13     1010.00      287.00        0.00
     0    13     1012.00      281.00        0.00
     0    13     1012.00      275.00        0.00
     0    13     1014.00      269.00        0.00
     0    13     1016.00      263.00        0.00
     0    13     1018.00      257.00        0.00
     0    13     1022.00      251.00        0.00
     0    13     1024.00      245.00        0.00
     0    13     1028.00      241.00        0.00
     0    14      976.00      593.00        0.00
     0    14      992.00      601.00        0.00
     0    14      996.00      605.00        0.00
     0    14     1000.00      609.00        0.00
     0    14     1004.00      613.00        0.00
     0    14     1010.00      617.00        0.00
     0    14     1016.00      619.00        0.00
     0    14     1020.00      623.00        0.00
     0    14     1026.00      625.00        0.00
     0    14     1032.00      629.00        0.00
     0    14     1036.00      633.00        0.00
     0    14     1040.00      637.00        0.00
     0    14     1046.00      641.00        0.00
     0    14     1050.00      645.00        0.00
     0    14     1054.00      649.00        0.00
     0    14     1060.00      651.00        0.00
     0    14     1066.00      655.00        0.00
     0    14     1072.00      657.00        0.00
     0    14     1078.00      661.00        0.00
     0    14     1084.00      665.00        0.00
     0    14     1090.00      667.00        0.00
     0    14     1096.00      669.00        0.00
     0    14     1102.00      673.00        0.00
     0    14     1110.00      677.00        0.00
     0    14     1116.00      681.00        0.00
     0    14     1122.00      685.00        0.00
     0    14     1128.00      687.00        0.00
     0    14     1134.00      689.00        0.00
     0    14     1140.00      689.00        0.00
     0    14     1148.00      691.00        0.00
     0    14     1154.00      693.00        0.00
     0    14     1160.00      693.00        0.00
     0    14     1166.00      695.00        0.00
     0    14     1168.00      701.00        0.00
     0    14     1168.00      707.00        0.00
     0    14     1168.00      713.00        0.00
     0    14     1166.00      719.00        0.00
     0    14     1162.00      725.00        0.00
     0    14     1160.00      731.00        0.00
     0    14     1156.00      737.00        0.00
     0    14     1154.00      743.00        0.00
     0    14     1150.00      749.00        0.00
     0    14     1148.00      755.00        0.00
     0    14     1144.00      759.00        0.00
     0    14     1138.00      765.00        0.00
     0    14     1134.00      769.00        0.00
     0    14     1128.00      773.00        0.00
     0    14     1122.00      777.00        0.00
     0    14     1118.00      781.00        0.00
     0    14     1112.00      785.00        0.00
     0    14     1108.00      789.00        0.00
     0    14     1102.00      791.00        0.00
     0    14     1096.00      793.00        0.00
     0    14     1090.00      795.00        0.00
     0    14     1084.00      795.00        0.00
     0    14     1076.00      799.00        0.00
     0    14     1070.00      799.00        0.00
     0    14     1064.00      799.00        0.00
     0    14     1058.00      799.00        0.00
     0    14     1054.00      795.00        0.00
     0    14     1050.00      789.00        0.00
     0    14     1048.00      783.00        0.00
     0    14     1046.00      775.00        0.00
     0    14     1046.00      769.00        0.00
     0    14     1044.00      761.00        0.00
     0    14     1042.00      755.00        0.00
     0    14     1040.00      749.00        0.00
     0    14     1036.00      745.00        0.00
     0    14     1034.00      739.00        0.00
     0    14     1030.00      735.00        0.00
     0    14     1028.00      729.00        0.00
     0    14     1024.00      723.00        0.00
     0    14     1022.00      717.00        0.00
     0    14     1020.00      711.00        0.00
     0    14     1018.00      705.00        0.00
     0    14     1016.00      697.00        0.00
     0    14     1014.00      691.00        0.00
     0    14     1012.00      685.00        0.00
     0    14     1010.00      679.00        0.00
     0    14     1008.00      673.00        0.00
     0    14     1006.00      667.00        0.00
     0    14     1004.00      661.00        0.00
     0    14     1002.00      655.00        0.00
     0    14     1002.00      649.00        0.00
     0    14     1002.00      643.00        0.00
     0    14     1000.00      637.00        0.00
     0    14      998.00      631.00        0.00
     0    14      998.00      625.00        0.00
     0    15     1038.00      583.00        0.00
     0    15     1048.00      589.00        0.00
     0    15     1054.00      589.00        0.00
     0    15     1060.00      589.00        0.00
     0    15     1068.00      587.00        0.00
     0    15     1072.00      583.00        0.00
     0    15     1076.00      579.00        0.00
     0    15     1082.00      577.00        0.00
     0    15     1088.00      575.00        0.00
     0    15     1094.00      575.00        0.00
     0    15     1100.00      575.00        0.00
     0    15     1106.00      571.00        0.00
     0    15     1110.00      567.00        0.00
     0    15     1116.00      563.00        0.00
     0    15     1122.00      561.00        0.00
     0    15     1130.00      557.00        0.00
     0    15     1136.00      557.00        0.00
     0    15     1144.00      557.00        0.00
     0    15     1150.00      559.00        0.00
     0    15     1156.00      563.00        0.00
     0    15     1162.00      565.00        0.00
     0    15     1168.00      569.00        0.00
     0    15     1172.00      573.00        0.00
     0    15     1178.00      577.00        0.00
     0    15     1182.00      581.00        0.00
     0    15     1186.00      587.00        0.00
     0    15     1186.00      593.00        0.00
     0    15     1188.00      601.00        0.00
     0    15     1192.00      609.00        0.00
     0    15     1194.00      615.00        0.00
     0    15     1196.00      621.00        0.00
     0    15     1196.00      629.00        0.00
     0    15     1198.00      635.00        0.00
     0    15     1198.00      641.00        0.00
     0    15     1198.00      649.00        0.00
     0    15     1198.00      655.00        0.00
     0    15     1196.00      663.00        0.00
     0    15     1192.00      669.00        0.00
     0    15     1188.00      673.00        0.00
     0    15     1184.00      679.00        0.00
     0    15     1178.00      683.00        0.00
     0    15     1172.00      683.00        0.00
     0    15     1166.00      683.00        0.00
     0    15     1160.00      683.00        0.00
     0    15     1154.00      683.00        0.00
     0    15     1148.00      683.00        0.00
     0    15     1140.00      681.00        0.00
     0    15     1134.00      681.00        0.00
     0    15     1128.00      679.00        0.00
     0    15     1122.00      677.00        0.00
     0    15     1114.00      675.00        0.00
     0    15     1108.00      671.00        0.00
     0    15     1102.00      667.00        0.00
     0    15     1096.00      663.00        0.00
     0    15     1092.00      659.00        0.00
     0    15     1088.00      655.00        0.00
     0    15     1082.00      649.00        0.00
     0    15     1078.00      643.00        0.00
     0    15     1074.00      637.00        0.00
     0    15     1070.00      633.00        0.00
     0    15     1066.00      627.00        0.00
     0    15     1064.00      621.00        0.00
     0    15     1062.00      615.00        0.00
     0    15     1058.00      609.00        0.00
     0    15     1054.00      605.00        0.00
     0    15     1050.00      601.00        0.00
     0    16     1036.00      555.00        0.00
     0    16     1028.00      571.00        0.00
     0    16     1026.00      577.00        0.00
     0    16     1026.00      583.00        0.00
     0    16     1026.00      589.00        0.00
     0    16     1024.00      595.00        0.00
     0    16     1018.00      597.00        0.00
     0    16     1010.00      599.00        0.00
     0    16     1002.00      599.00        0.00
     0    16      996.00      595.00        0.00
     0    16      988.00      593.00        0.00
     0    16      984.00      589.00        0.00
     0    16      980.00      585.00        0.00
     0    16      976.00      581.00        0.00
     0    16      972.00      573.00        0.00
     0    16      968.00      567.00        0.00
     0    16      966.00      561.00        0.00
     0    16      964.00      553.00        0.00
     0    16      962.00      545.00        0.00
     0    16      962.00      537.00        0.00
     0    16      962.00      531.00        0.00
     0    16      962.00      523.00        0.00
     0    16      962.00      517.00        0.00
     0    16      964.00      511.00        0.00
     0    16      968.00      505.00        0.00
     0    16      970.00      499.00        0.00
     0    16      976.00      493.00        0.00
     0    16      980.00      489.00        0.00
     0    16      984.00      485.00        0.00
     0    16      988.00      481.00        0.00
     0    16      994.00      477.00        0.00
     0    16      998.00      471.00        0.00
     0    16     1002.00      467.00        0.00
     0    16     1006.00      463.00        0.00
     0    16     1012.00      459.00        0.00
     0    16     1018.00      455.00        0.00
     0    16     1024.00      453.00        0.00
     0    16     1028.00      449.00        0.00
     0    16     1036.00      445.00        0.00
     0    16     1042.00      441.00        0.00
     0    16     1048.00      439.00        0.00
     0    16     1054.00      437.00        0.00
     0    16     1060.00      435.00        0.00
     0    16     1064.00      431.00        0.00
     0    16     1070.00      427.00        0.00
     0    16     1076.00      425.00        0.00
     0    16     1082.00      423.00        0.00
     0    16     1086.00      419.00        0.00
     0    16     1092.00      415.00        0.00
     0    16     1096.00      419.00        0.00
     0    16     1096.00      429.00        0.00
     0    16     1094.00      435.00        0.00
     0    16     1090.00      439.00        0.00
     0    16     1088.00      447.00        0.00
     0    16     1086.00      453.00        0.00
     0    16     1084.00      459.00        0.00
     0    16     1082.00      465.00        0.00
     0    16     1080.00      471.00        0.00
     0    16     1080.00      477.00        0.00
     0    16     1078.00      483.00        0.00
     0    16     1076.00      489.00        0.00
     0    16     1074.00      495.00        0.00
     0    16     1070.00      499.00        0.00
     0    16     1066.00      503.00        0.00
     0    16     1062.00      509.00        0.00
     0    16     1060.00      515.00        0.00
     0    16     1056.00      521.00        0.00
     0    16     1052.00      527.00        0.00
     0    17      768.00      259.00        0.00
     0    17      778.00      267.00        0.00
     0    17      784.00      273.00        0.00
     0    17      786.00      279.00        0.00
     0    17      790.00      285.00        0.00
     0    17      794.00      291.00        0.00
     0    17      798.00      297.00        0.00
     0    17      800.00      303.00        0.00
     0    17      804.00      309.00        0.00
     0    17      806.00      317.00        0.00
     0    17      810.00      323.00        0.00
     0    17      814.00      327.00        0.00
     0    17      818.00      331.00        0.00
     0    17      824.00      335.00        0.00
     0    17      828.00      341.00        0.00
     0    17      832.00      345.00        0.00
     0    17      834.00      353.00        0.00
     0    17      830.00      357.00        0.00
     0    17      828.00      363.00        0.00
     0    17      822.00      369.00        0.00
     0    17      818.00      373.00        0.00
     0    17      812.00      375.00        0.00
     0    17      806.00      377.00        0.00
     0    17      800.00      381.00        0.00
     0    17      792.00      383.00        0.00
     0    17      784.00      383.00        0.00
     0    17      776.00      379.00        0.00
     0    17      770.00      377.00        0.00
     0    17      762.00      377.00        0.00
     0    17      756.00      377.00        0.00
     0    17      750.00      375.00        0.00
     0    17      744.00      371.00        0.00
     0    17      738.00      369.00        0.00
     0    17      732.00      365.00        0.00
     0    17      728.00      361.00        0.00
     0    17      726.00      355.00        0.00
     0    17      722.00      349.00        0.00
     0    17      722.00      339.00        0.00
     0    17      722.00      333.00        0.00
     0    17      722.00      327.00        0.00
     0    17      722.00      321.00        0.00
     0    17      722.00      315.00        0.00
     0    17      722.00      307.00        0.00
     0    17      724.00      301.00        0.00
     0    17      724.00      295.00        0.00
     0    17      724.00      287.00        0.00
     0    17      726.00      281.00        0.00
     0    17      728.00      275.00        0.00
     0    17      730.00      269.00        0.00
     0    17      734.00      265.00        0.00
     0    17      738.00      261.00        0.00
     0    18      878.00      761.00        0.00
     0    18      878.00      755.00        0.00
     0    18      878.00      749.00        0.00
     0    18      878.00      741.00        0.00
     0    18      878.00      735.00        0.00
     0    18      880.00      729.00        0.00
     0    18      882.00      721.00        0.00
     0    18      882.00      715.00        0.00
     0    18      884.00      707.00        0.00
     0    18      886.00      701.00        0.00
     0    18      888.00      695.00        0.00
     0    18      888.00      689.00        0.00
     0    18      890.00      683.00        0.00
     0    18      890.00      677.00        0.00
     0    18      892.00      671.00        0.00
     0    18      892.00      665.00        0.00
     0    18      890.00      659.00        0.00
     0    18      890.00      651.00        0.00
     0    18      888.00      645.00        0.00
     0    18      884.00      639.00        0.00
     0    18      882.00      633.00        0.00
     0    18      880.00      625.00        0.00
     0    18      878.00      619.00        0.00
     0    18      876.00      613.00        0.00
     0    18      874.00      607.00        0.00
     0    18      870.00      601.00        0.00
     0    18      866.00      595.00        0.00
     0    18      862.00      589.00        0.00
     0    18      858.00      585.00        0.00
     0    18      854.00      581.00        0.00
     0    18      850.00      577.00        0.00
     0    18      842.00      573.00        0.00
     0    18      838.00      569.00        0.00
     0    18      832.00      567.00        0.00
     0    18      828.00      563.00        0.00
     0    18      822.00      559.00        0.00
     0    18      816.00      557.00        0.00
     0    18      810.00      555.00        0.00
     0    18      806.00      551.00        0.00
     0    18      800.00      549.00        0.00
     0    18      796.00      545.00        0.00
     0    18      788.00      539.00        0.00
     0    18      784.00      533.00        0.00
     0    18      778.00      529.00        0.00
     0    18      774.00      525.00        0.00
     0    18      770.00      521.00        0.00
     0    18      764.00      519.00        0.00
     0    18      758.00      517.00        0.00
     0    18      752.00      515.00        0.00
     0    18      744.00      513.00        0.00
     0    18      738.00      513.00        0.00
     0    18      732.00      511.00        0.00
     0    18      724.00      511.00        0.00
     0    18      718.00      509.00        0.00
     0    18      712.00      505.00        0.00
     0    18      706.00      501.00        0.00
     0    18      700.00      499.00        0.00
     0    18      696.00      495.00        0.00
     0    18      692.00      491.00        0.00
     0    18      690.00      485.00        0.00
     0    18      686.00      479.00        0.00
     0    18      682.00      473.00        0.00
     0    18      678.00      469.00        0.00
     0    18      672.00      465.00        0.00
     0    18      668.00      461.00        0.00
     0    18      668.00      455.00        0.00
     0    18      672.00      451.00        0.00
     0    18      678.00      449.00        0.00
     0    18      682.00      445.00        0.00
     0    18      688.00      443.00        0.00
     0    18      694.00      439.00        0.00
     0    18      700.00      435.00        0.00
     0    18      706.00      431.00        0.00
     0    18      712.00      425.00        0.00
     0    18      718.00      423.00        0.00
     0    18      724.00      417.00        0.00
     0    18      728.00      413.00        0.00
     0    18      734.00      409.00        0.00
     0    18      738.00      405.00        0.00
     0    18      742.00      399.00        0.00
     0    18      744.00      393.00        0.00
     0    18      750.00      389.00        0.00
     0    18      756.00      385.00        0.00
     0    18      762.00      383.00        0.00
     0    18      768.00      383.00        0.00
     0    18      776.00      381.00        0.00
     0    18      782.00      377.00        0.00
     0    18      788.00      377.00        0.00
     0    18      796.00      375.00        0.00
     0    18      802.00      375.00        0.00
     0    18      808.00      373.00        0.00
     0    18      814.00      373.00        0.00
     0    18      820.00      375.00        0.00
     0    18      826.00      379.00        0.00
     0    18      830.00      383.00        0.00
     0    18      836.00      387.00        0.00
     0    18      842.00      391.00        0.00
     0    18      846.00      397.00        0.00
     0    18      850.00      401.00        0.00
     0    18      854.00      405.00        0.00
     0    18      858.00      411.00        0.00
     0    18      862.00      415.00        0.00
     0    18      868.00      415.00        0.00
     0    18      874.00      415.00        0.00
     0    18      880.00      415.00        0.00
     0    18      880.00      421.00        0.00
     0    18      876.00      427.00        0.00
     0    18      874.00      435.00        0.00
     0    18      870.00      439.00        0.00
     0    18      868.00      445.00        0.00
     0    18      868.00      451.00        0.00
     0    18      866.00      457.00        0.00
     0    18      866.00      463.00        0.00
     0    18      866.00      469.00        0.00
     0    18      868.00      477.00        0.00
     0    18      870.00      485.00        0.00
     0    18      870.00      491.00        0.00
     0    18      872.00      499.00        0.00
     0    18      874.00      507.00        0.00
     0    18      874.00      513.00        0.00
     0    18      878.00      519.00        0.00
     0    18      880.00      525.00        0.00
     0    18      882.00      531.00        0.00
     0    18      884.00      537.00        0.00
     0    18      886.00      543.00        0.00
     0    18      886.00      549.00        0.00
     0    18      886.00      555.00        0.00
     0    18      886.00      561.00        0.00
     0    18      884.00      569.00        0.00
     0    18      884.00      575.00        0.00
     0    18      882.00      581.00        0.00
     0    18      882.00      587.00        0.00
     0    18      880.00      593.00        0.00
     0    18      880.00      599.00        0.00
     0    18      880.00      605.00        0.00
     0    18      882.00      613.00        0.00
     0    18      884.00      619.00        0.00
     0    18      888.00      625.00        0.00
     0    18      888.00      631.00        0.00
     0    18      890.00      637.00        0.00
     0    18      892.00      643.00        0.00
     0    18      894.00      649.00        0.00
     0    18      896.00      655.00        0.00
     0    18      896.00      661.00        0.00
     0    18      896.00      667.00        0.00
     0    18      896.00      673.00        0.00
     0    18      898.00      679.00        0.00
     0    18      898.00      685.00        0.00
     0    18      898.00      691.00        0.00
     0    18      898.00      697.00        0.00
     0    18      898.00      703.00        0.00
     0    18      898.00      709.00        0.00
     0    18      896.00      715.00        0.00
     0    18      892.00      719.00        0.00
     0    18      888.00      725.00        0.00
     0    18      884.00      729.00        0.00
     0    18      882.00      735.00        0.00
     0    19      480.00      465.00        0.00
     0    19      474.00      469.00        0.00
     0    19      466.00      469.00        0.00
     0    19      460.00      469.00        0.00
     0    19      454.00      469.00        0.00
     0    19      448.00      469.00        0.00
     0    19      442.00      469.00        0.00
     0    19      436.00      469.00        0.00
     0    19      430.00      469.00        0.00
     0    19      424.00      469.00        0.00
     0    19      418.00      469.00        0.00
     0    19      412.00      471.00        0.00
     0    19      404.00      473.00        0.00
     0    19      398.00      473.00        0.00
     0    19      392.00      473.00        0.00
     0    19      386.00      473.00        0.00
     0    19      380.00      473.00        0.00
     0    19      374.00      473.00        0.00
     0    19      366.00      473.00        0.00
     0    19      358.00      473.00        0.00
     0    19      350.00      475.00        0.00
     0    19      344.00      475.00        0.00
     0    19      350.00      475.00        0.00
     0    19      358.00      471.00        0.00
     0    19      364.00      467.00        0.00
     0    19      370.00      463.00        0.00
     0    19      374.00      459.00        0.00
     0    19      378.00      455.00        0.00
     0    19      382.00      451.00        0.00
     0    19      386.00      445.00        0.00
     0    19      388.00      439.00        0.00
     0    19      392.00      435.00        0.00
     0    19      394.00      429.00        0.00
     0    19      394.00      423.00        0.00
     0    19      396.00      417.00        0.00
     0    19      400.00      409.00        0.00
     0    19      404.00      405.00        0.00
     0    19      408.00      397.00        0.00
     0    19      412.00      393.00        0.00
     0    19      416.00      389.00        0.00
     0    19      418.00      383.00        0.00
     0    19      422.00      379.00        0.00
     0    19      424.00      373.00        0.00
     0    19      428.00      365.00        0.00
     0    19      432.00      361.00        0.00
     0    19      436.00      355.00        0.00
     0    19      440.00      351.00        0.00
     0    19      444.00      347.00        0.00
     0    19      450.00      343.00        0.00
     0    19      456.00      339.00        0.00
     0    19      462.00      337.00        0.00
     0    19      468.00      333.00        0.00
     0    19      472.00      329.00        0.00
     0    19      478.00      327.00        0.00
     0    19      482.00      323.00        0.00
     0    19      488.00      323.00        0.00
     0    19      494.00      323.00        0.00
     0    19      498.00      329.00        0.00
     0    19      498.00      337.00        0.00
     0    19      498.00      343.00        0.00
     0    19      498.00      349.00        0.00
     0    19      498.00      355.00        0.00
     0    19      502.00      361.00        0.00
     0    19      506.00      365.00        0.00
     0    19      512.00      369.00        0.00
     0    19      518.00      373.00        0.00
     0    19      524.00      375.00        0.00
     0    19      530.00      375.00        0.00
     0    19      536.00      377.00        0.00
     0    19      542.00      379.00        0.00
     0    19      548.00      379.00        0.00
     0    19      554.00      381.00        0.00
     0    19      562.00      381.00        0.00
     0    19      568.00      381.00        0.00
     0    19      574.00      383.00        0.00
     0    19      580.00      385.00        0.00
     0    19      586.00      387.00        0.00
     0    19      588.00      393.00        0.00
     0    19      584.00      397.00        0.00
     0    19      578.00      399.00        0.00
     0    19      570.00      399.00        0.00
     0    19      566.00      403.00        0.00
     0    19      568.00      409.00        0.00
     0    19      572.00      415.00        0.00
     0    19      574.00      421.00        0.00
     0    19      574.00      427.00        0.00
     0    19      574.00      433.00        0.00
     0    19      578.00      437.00        0.00
     0    19      584.00      441.00        0.00
     0    19      588.00      445.00        0.00
     0    19      584.00      449.00        0.00
     0    19      576.00      447.00        0.00
     0    19      570.00      445.00        0.00
     0    19      562.00      443.00        0.00
     0    19      556.00      439.00        0.00
     0    19      550.00      437.00        0.00
     0    19      542.00      433.00        0.00
     0    19      536.00      431.00        0.00
     0    19      530.00      429.00        0.00
     0    19      524.00      427.00        0.00
     0    19      518.00      427.00        0.00
     0    19      512.00      427.00        0.00
     0    19      506.00      427.00        0.00
     0    19      500.00      427.00        0.00
     0    19      496.00      431.00        0.00
     0    20      558.00      221.00        0.00
     0    20      556.00      231.00        0.00
     0    20      550.00      235.00        0.00
     0    20      542.00      237.00        0.00
     0    20      532.00      237.00        0.00
     0    20      524.00      235.00        0.00
     0    20      516.00      231.00        0.00
     0    20      510.00      227.00        0.00
     0    20      506.00      221.00        0.00
     0    20      506.00      213.00        0.00
     0    20      504.00      207.00        0.00
     0    20      504.00      201.00        0.00
     0    20      506.00      195.00        0.00
     0    20      506.00      189.00        0.00
     0    20      506.00      183.00        0.00
     0    20      508.00      177.00        0.00
     0    20      510.00      171.00        0.00
     0    20      510.00      165.00        0.00
     0    20      510.00      159.00        0.00
     0    20      510.00      153.00        0.00
     0    20      510.00      145.00        0.00
     0    20      510.00      139.00        0.00
     0    20      510.00      133.00        0.00
     0    20      510.00      127.00        0.00
     0    20      510.00      121.00        0.00
     0    20      508.00      115.00        0.00
     0    20      508.00      109.00        0.00
     0    20      508.00      103.00        0.00
     0    20      506.00       95.00        0.00
     0    20      506.00       89.00        0.00
     0    20      506.00       83.00        0.00
     0    20      508.00       77.00        0.00
     0    20      512.00       73.00        0.00
     0    20      518.00       69.00        0.00
     0    20      524.00       67.00        0.00
     0    20      530.00       67.00        0.00
     0    20      536.00       67.00        0.00
     0    20      540.00       71.00        0.00
     0    20      546.00       75.00        0.00
     0    20      550.00       79.00        0.00
     0    20      556.00       83.00        0.00
     0    20      564.00       89.00        0.00
     0    20      570.00       93.00        0.00
     0    20      574.00       97.00        0.00
     0    20      578.00      101.00        0.00
     0    20      582.00      105.00        0.00
     0    20      590.00      107.00        0.00
     0    20      596.00      109.00        0.00
     0    20      602.00      113.00        0.00
     0    20      608.00      115.00        0.00
     0    20      614.00      117.00        0.00
     0    20      618.00      121.00        0.00
     0    20      614.00      125.00        0.00
     0    20      608.00      125.00        0.00
     0    20      602.00      129.00        0.00
     0    20      598.00      133.00        0.00
     0    20      594.00      139.00        0.00
     0    20      592.00      145.00        0.00
     0    20      590.00      151.00        0.00
     0    20      590.00      159.00        0.00
     0    20      590.00      165.00        0.00
     0    20      590.00      171.00        0.00
     0    20      590.00      177.00        0.00
     0    20      588.00      185.00        0.00
     0    20      584.00      189.00        0.00
     0    20      580.00      195.00        0.00
