     0     0      694.00     1057.00        0.00
     0     0      676.00     1079.00        0.00
     0     0      670.00     1089.00        0.00
     0     0      666.00     1093.00        0.00
     0     0      662.00     1097.00        0.00
     0     0      658.00     1101.00        0.00
     0     0      654.00     1105.00        0.00
     0     0      648.00     1107.00        0.00
     0     0      642.00     1111.00        0.00
     0     0      636.00     1115.00        0.00
     0     0      630.00     1119.00        0.00
     0     0      622.00     1121.00        0.00
     0     0      616.00     1123.00        0.00
     0     0      608.00     1123.00        0.00
     0     0      602.00     1123.00        0.00
     0     0      596.00     1125.00        0.00
     0     0      590.00     1125.00        0.00
     0     0      584.00     1125.00        0.00
     0     0      578.00     1125.00        0.00
     0     0      574.00     1121.00        0.00
     0     0      570.00     1115.00        0.00
     0     0      570.00     1109.00        0.00
     0     0      568.00     1101.00        0.00
     0     0      566.00     1095.00        0.00
     0     0      564.00     1089.00        0.00
     0     0      564.00     1081.00        0.00
     0     0      564.00     1075.00        0.00
     0     0      564.00     1067.00        0.00
     0     0      562.00     1061.00        0.00
     0     0      560.00     1055.00        0.00
     0     0      560.00     1047.00        0.00
     0     0      558.00     1041.00        0.00
     0     0      556.00     1031.00        0.00
     0     0      554.00     1021.00        0.00
     0     0      554.00     1015.00        0.00
     0     0      552.00     1009.00        0.00
     0     0      552.00     1003.00        0.00
     0     0      554.00      997.00        0.00
     0     0      560.00      993.00        0.00
     0     0      564.00      989.00        0.00
     0     0      568.00      983.00        0.00
     0     0      572.00      977.00        0.00
     0     0      576.00      973.00        0.00
     0     0      580.00      967.00        0.00
     0     0      582.00      961.00        0.00
     0     0      584.00      955.00        0.00
     0     0      590.00      953.00        0.00
     0     0      596.00      951.00        0.00
     0     0      600.00      947.00        0.00
     0     0      604.00      943.00        0.00
     0     0      610.00      939.00        0.00
     0     0      616.00      933.00        0.00
     0     0      620.00      929.00        0.00
     0     0      624.00      923.00        0.00
     0     0      628.00      919.00        0.00
     0     0      634.00      917.00        0.00
     0     0      640.00      913.00        0.00
     0     0      646.00      911.00        0.00
     0     0      654.00      911.00        0.00
     0     0      662.00      909.00        0.00
     0     0      668.00      907.00        0.00
     0     0      676.00      905.00        0.00
     0     0      684.00      905.00        0.00
     0     0      692.00      905.00        0.00
     0     0      702.00      905.00        0.00
     0     0      708.00      905.00        0.00
     0     0      714.00      907.00        0.00
     0     0      720.00      909.00        0.00
     0     0      726.00      909.00        0.00
     0     0      732.00      911.00        0.00
     0     0      738.00      915.00        0.00
     0     0      738.00      921.00        0.00
     0     0      738.00      929.00        0.00
     0     0      736.00      935.00        0.00
     0     0      734.00      943.00        0.00
     0     0      730.00      949.00        0.00
     0     0      730.00      955.00        0.00
     0     0      728.00      961.00        0.00
     0     0      726.00      969.00        0.00
     0     0      724.00      975.00        0.00
     0     0      724.00      981.00        0.00
     0     0      720.00      985.00        0.00
     0     0      716.00      991.00        0.00
     0     0      712.00      995.00        0.00
     0     0      710.00     1001.00        0.00
     0     0      706.00     1007.00        0.00
     0     1      782.00      843.00        0.00
     0     1      784.00      855.00        0.00
     0     1      786.00      861.00        0.00
     0     1      790.00      865.00        0.00
     0     1      796.00      867.00        0.00
     0     1      802.00      869.00        0.00
     0     1      808.00      871.00        0.00
     0     1      814.00      875.00        0.00
     0     1      818.00      879.00        0.00
     0     1      822.00      883.00        0.00
     0     1      822.00      889.00        0.00
     0     1      822.00      895.00        0.00
     0     1      818.00      899.00        0.00
     0     1      816.00      905.00        0.00
     0     1      812.00      909.00        0.00
     0     1      808.00      915.00        0.00
     0     1      806.00      921.00        0.00
     0     1      800.00      923.00        0.00
     0     1      794.00      925.00        0.00
     0     1      788.00      925.00        0.00
     0     1      782.00      925.00        0.00
     0     1      774.00      923.00        0.00
     0     1      768.00      923.00        0.00
     0     1      762.00      921.00        0.00
     0     1      756.00      919.00        0.00
     0     1      750.00      917.00        0.00
     0     1      744.00      917.00        0.00
     0     1      738.00      915.00        0.00
     0     1      734.00      911.00        0.00
     0     1      728.00      909.00        0.00
     0     1      724.00      905.00        0.00
     0     1      720.00      899.00        0.00
     0     1      716.00      895.00        0.00
     0     1      712.00      891.00        0.00
     0     1      708.00      885.00        0.00
     0     1      702.00      881.00        0.00
     0     1      696.00      877.00        0.00
     0     1      692.00      873.00        0.00
     0     1      688.00      869.00        0.00
     0     1      682.00      865.00        0.00
     0     1      678.00      861.00        0.00
     0     1      672.00      859.00        0.00
     0     1      668.00      855.00        0.00
     0     1      662.00      853.00        0.00
     0     1      656.00      851.00        0.00
     0     1      650.00      849.00        0.00
     0     1      642.00      845.00        0.00
     0     1      634.00      841.00        0.00
     0     1      628.00      839.00        0.00
     0     1      622.00      837.00        0.00
     0     1      620.00      831.00        0.00
     0     1      624.00      825.00        0.00
     0     1      628.00      819.00        0.00
     0     1      636.00      815.00        0.00
     0     1      642.00      813.00        0.00
     0     1      648.00      811.00        0.00
     0     1      652.00      807.00        0.00
     0     1      658.00      805.00        0.00
     0     1      664.00      801.00        0.00
     0     1      670.00      797.00        0.00
     0     1      676.00      795.00        0.00
     0     1      682.00      793.00        0.00
     0     1      688.00      789.00        0.00
     0     1      694.00      789.00        0.00
     0     1      700.00      789.00        0.00
     0     1      708.00      789.00        0.00
     0     1      714.00      791.00        0.00
     0     1      720.00      793.00        0.00
     0     1      726.00      797.00        0.00
     0     1      730.00      801.00        0.00
     0     1      736.00      803.00        0.00
     0     1      742.00      805.00        0.00
     0     1      746.00      809.00        0.00
     0     1      752.00      811.00        0.00
     0     1      758.00      815.00        0.00
     0     1      764.00      819.00        0.00
     0     2      904.00      821.00        0.00
     0     2      898.00      835.00        0.00
     0     2      894.00      841.00        0.00
     0     2      890.00      847.00        0.00
     0     2      884.00      847.00        0.00
     0     2      876.00      847.00        0.00
     0     2      868.00      847.00        0.00
     0     2      862.00      845.00        0.00
     0     2      856.00      843.00        0.00
     0     2      848.00      841.00        0.00
     0     2      842.00      839.00        0.00
     0     2      836.00      835.00        0.00
     0     2      828.00      833.00        0.00
     0     2      822.00      829.00        0.00
     0     2      816.00      825.00        0.00
     0     2      810.00      821.00        0.00
     0     2      802.00      815.00        0.00
     0     2      798.00      809.00        0.00
     0     2      792.00      805.00        0.00
     0     2      788.00      801.00        0.00
     0     2      784.00      797.00        0.00
     0     2      778.00      793.00        0.00
     0     2      772.00      789.00        0.00
     0     2      766.00      785.00        0.00
     0     2      760.00      781.00        0.00
     0     2      756.00      777.00        0.00
     0     2      752.00      769.00        0.00
     0     2      752.00      761.00        0.00
     0     2      752.00      755.00        0.00
     0     2      756.00      749.00        0.00
     0     2      762.00      743.00        0.00
     0     2      768.00      741.00        0.00
     0     2      774.00      739.00        0.00
     0     2      778.00      735.00        0.00
     0     2      784.00      731.00        0.00
     0     2      790.00      731.00        0.00
     0     2      796.00      729.00        0.00
     0     2      802.00      729.00        0.00
     0     2      808.00      727.00        0.00
     0     2      814.00      727.00        0.00
     0     2      820.00      725.00        0.00
     0     2      826.00      725.00        0.00
     0     2      832.00      721.00        0.00
     0     2      838.00      719.00        0.00
     0     2      844.00      715.00        0.00
     0     2      850.00      711.00        0.00
     0     2      856.00      709.00        0.00
     0     2      860.00      705.00        0.00
     0     2      866.00      701.00        0.00
     0     2      872.00      699.00        0.00
     0     2      878.00      697.00        0.00
     0     2      884.00      697.00        0.00
     0     2      890.00      697.00        0.00
     0     2      896.00      699.00        0.00
     0     2      900.00      703.00        0.00
     0     2      906.00      707.00        0.00
     0     2      910.00      711.00        0.00
     0     2      914.00      717.00        0.00
     0     2      918.00      723.00        0.00
     0     2      922.00      727.00        0.00
     0     2      926.00      735.00        0.00
     0     2      932.00      739.00        0.00
     0     2      940.00      743.00        0.00
     0     2      946.00      747.00        0.00
     0     2      952.00      749.00        0.00
     0     2      958.00      753.00        0.00
     0     2      964.00      755.00        0.00
     0     2      970.00      757.00        0.00
     0     2      974.00      761.00        0.00
     0     2      978.00      767.00        0.00
     0     2      980.00      773.00        0.00
     0     2      980.00      779.00        0.00
     0     2      980.00      785.00        0.00
     0     2      976.00      789.00        0.00
     0     2      970.00      789.00        0.00
     0     2      964.00      789.00        0.00
     0     2      956.00      789.00        0.00
     0     2      950.00      791.00        0.00
     0     2      944.00      791.00        0.00
     0     2      938.00      791.00        0.00
     0     3     1056.00      873.00        0.00
     0     3     1064.00      871.00        0.00
     0     3     1070.00      869.00        0.00
     0     3     1076.00      865.00        0.00
     0     3     1082.00      863.00        0.00
     0     3     1086.00      859.00        0.00
     0     3     1092.00      857.00        0.00
     0     3     1098.00      857.00        0.00
     0     3     1104.00      855.00        0.00
     0     3     1110.00      853.00        0.00
     0     3     1116.00      853.00        0.00
     0     3     1122.00      851.00        0.00
     0     3     1128.00      849.00        0.00
     0     3     1134.00      849.00        0.00
     0     3     1140.00      849.00        0.00
     0     3     1146.00      849.00        0.00
     0     3     1150.00      853.00        0.00
     0     3     1154.00      857.00        0.00
     0     3     1158.00      861.00        0.00
     0     3     1162.00      867.00        0.00
     0     3     1166.00      873.00        0.00
     0     3     1170.00      877.00        0.00
     0     3     1172.00      883.00        0.00
     0     3     1174.00      889.00        0.00
     0     3     1174.00      895.00        0.00
     0     3     1176.00      901.00        0.00
     0     3     1176.00      907.00        0.00
     0     3     1172.00      911.00        0.00
     0     3     1166.00      915.00        0.00
     0     3     1160.00      919.00        0.00
     0     3     1154.00      921.00        0.00
     0     3     1148.00      923.00        0.00
     0     3     1140.00      927.00        0.00
     0     3     1132.00      929.00        0.00
     0     3     1126.00      933.00        0.00
     0     3     1120.00      935.00        0.00
     0     3     1114.00      937.00        0.00
     0     3     1108.00      941.00        0.00
     0     3     1102.00      941.00        0.00
     0     3     1094.00      945.00        0.00
     0     3     1086.00      947.00        0.00
     0     3     1080.00      951.00        0.00
     0     3     1074.00      953.00        0.00
     0     3     1068.00      955.00        0.00
     0     3     1062.00      959.00        0.00
     0     3     1056.00      961.00        0.00
     0     3     1050.00      961.00        0.00
     0     3     1044.00      963.00        0.00
     0     3     1038.00      963.00        0.00
     0     3     1032.00      965.00        0.00
     0     3     1026.00      967.00        0.00
     0     3     1020.00      969.00        0.00
     0     3     1014.00      971.00        0.00
     0     3     1008.00      973.00        0.00
     0     3     1000.00      973.00        0.00
     0     3      994.00      973.00        0.00
     0     3      986.00      973.00        0.00
     0     3      980.00      971.00        0.00
     0     3      974.00      969.00        0.00
     0     3      968.00      967.00        0.00
     0     3      964.00      961.00        0.00
     0     3      962.00      955.00        0.00
     0     3      962.00      949.00        0.00
     0     3      960.00      943.00        0.00
     0     3      960.00      937.00        0.00
     0     3      958.00      931.00        0.00
     0     3      958.00      925.00        0.00
     0     3      958.00      919.00        0.00
     0     3      960.00      911.00        0.00
     0     3      964.00      907.00        0.00
     0     3      968.00      903.00        0.00
     0     3      972.00      899.00        0.00
     0     3      976.00      895.00        0.00
     0     3      982.00      891.00        0.00
     0     3      988.00      889.00        0.00
     0     3      996.00      887.00        0.00
     0     3     1004.00      885.00        0.00
     0     3     1010.00      883.00        0.00
     0     3     1016.00      881.00        0.00
     0     3     1022.00      877.00        0.00
     0     3     1028.00      875.00        0.00
     0     4     1112.00      801.00        0.00
     0     4     1102.00      819.00        0.00
     0     4     1098.00      829.00        0.00
     0     4     1096.00      835.00        0.00
     0     4     1092.00      831.00        0.00
     0     4     1092.00      821.00        0.00
     0     4     1092.00      811.00        0.00
     0     4     1092.00      803.00        0.00
     0     4     1092.00      793.00        0.00
     0     4     1092.00      787.00        0.00
     0     4     1092.00      781.00        0.00
     0     4     1092.00      773.00        0.00
     0     4     1088.00      767.00        0.00
     0     4     1084.00      759.00        0.00
     0     4     1080.00      755.00        0.00
     0     4     1076.00      749.00        0.00
     0     4     1072.00      741.00        0.00
     0     4     1070.00      733.00        0.00
     0     4     1066.00      725.00        0.00
     0     4     1064.00      719.00        0.00
     0     4     1062.00      707.00        0.00
     0     4     1058.00      693.00        0.00
     0     4     1056.00      685.00        0.00
     0     4     1054.00      675.00        0.00
     0     4     1050.00      669.00        0.00
     0     4     1048.00      659.00        0.00
     0     4     1046.00      647.00        0.00
     0     4     1044.00      641.00        0.00
     0     4     1044.00      635.00        0.00
     0     4     1042.00      627.00        0.00
     0     4     1042.00      613.00        0.00
     0     4     1042.00      607.00        0.00
     0     4     1040.00      601.00        0.00
     0     4     1038.00      591.00        0.00
     0     4     1038.00      585.00        0.00
     0     4     1038.00      579.00        0.00
     0     4     1038.00      573.00        0.00
     0     4     1042.00      569.00        0.00
     0     4     1046.00      563.00        0.00
     0     4     1052.00      561.00        0.00
     0     4     1058.00      561.00        0.00
     0     4     1066.00      561.00        0.00
     0     4     1072.00      563.00        0.00
     0     4     1078.00      565.00        0.00
     0     4     1086.00      569.00        0.00
     0     4     1092.00      573.00        0.00
     0     4     1100.00      579.00        0.00
     0     4     1106.00      585.00        0.00
     0     4     1110.00      591.00        0.00
     0     4     1118.00      597.00        0.00
     0     4     1122.00      603.00        0.00
     0     4     1130.00      611.00        0.00
     0     4     1136.00      617.00        0.00
     0     4     1142.00      623.00        0.00
     0     4     1146.00      629.00        0.00
     0     4     1154.00      637.00        0.00
     0     4     1160.00      643.00        0.00
     0     4     1166.00      651.00        0.00
     0     4     1172.00      657.00        0.00
     0     4     1178.00      661.00        0.00
     0     4     1182.00      667.00        0.00
     0     4     1190.00      673.00        0.00
     0     4     1198.00      679.00        0.00
     0     4     1202.00      685.00        0.00
     0     4     1210.00      693.00        0.00
     0     4     1216.00      697.00        0.00
     0     4     1224.00      701.00        0.00
     0     4     1230.00      707.00        0.00
     0     4     1234.00      711.00        0.00
     0     4     1238.00      715.00        0.00
     0     4     1246.00      719.00        0.00
     0     4     1250.00      723.00        0.00
     0     4     1254.00      727.00        0.00
     0     4     1260.00      731.00        0.00
     0     4     1266.00      735.00        0.00
     0     4     1272.00      739.00        0.00
     0     4     1278.00      741.00        0.00
     0     4     1282.00      745.00        0.00
     0     4     1288.00      747.00        0.00
     0     4     1292.00      751.00        0.00
     0     4     1298.00      755.00        0.00
     0     4     1304.00      759.00        0.00
     0     4     1306.00      765.00        0.00
     0     4     1310.00      769.00        0.00
     0     4     1312.00      775.00        0.00
     0     4     1314.00      781.00        0.00
     0     4     1316.00      789.00        0.00
     0     4     1316.00      797.00        0.00
     0     4     1316.00      803.00        0.00
     0     4     1318.00      809.00        0.00
     0     4     1320.00      819.00        0.00
     0     4     1322.00      827.00        0.00
     0     4     1324.00      837.00        0.00
     0     4     1326.00      851.00        0.00
     0     4     1328.00      861.00        0.00
     0     4     1334.00      873.00        0.00
     0     4     1336.00      883.00        0.00
     0     4     1340.00      891.00        0.00
     0     4     1342.00      899.00        0.00
     0     4     1344.00      909.00        0.00
     0     4     1348.00      917.00        0.00
     0     4     1350.00      923.00        0.00
     0     4     1350.00      929.00        0.00
     0     4     1350.00      937.00        0.00
     0     4     1350.00      943.00        0.00
     0     4     1348.00      949.00        0.00
     0     4     1346.00      955.00        0.00
     0     4     1344.00      961.00        0.00
     0     4     1342.00      967.00        0.00
     0     4     1340.00      973.00        0.00
     0     4     1338.00      981.00        0.00
     0     4     1336.00      987.00        0.00
     0     4     1334.00      993.00        0.00
     0     4     1330.00      997.00        0.00
     0     4     1330.00     1003.00        0.00
     0     4     1328.00     1009.00        0.00
     0     4     1326.00     1017.00        0.00
     0     4     1322.00     1023.00        0.00
     0     4     1320.00     1029.00        0.00
     0     4     1314.00     1031.00        0.00
     0     4     1310.00     1035.00        0.00
     0     4     1304.00     1035.00        0.00
     0     4     1298.00     1035.00        0.00
     0     4     1292.00     1033.00        0.00
     0     4     1286.00     1029.00        0.00
     0     4     1282.00     1025.00        0.00
     0     4     1278.00     1021.00        0.00
     0     4     1274.00     1017.00        0.00
     0     4     1270.00     1013.00        0.00
     0     4     1264.00     1013.00        0.00
     0     4     1258.00     1013.00        0.00
     0     4     1254.00     1017.00        0.00
     0     4     1250.00     1021.00        0.00
     0     4     1246.00     1025.00        0.00
     0     4     1242.00     1031.00        0.00
     0     4     1236.00     1033.00        0.00
     0     4     1230.00     1035.00        0.00
     0     4     1224.00     1035.00        0.00
     0     4     1218.00     1037.00        0.00
     0     4     1212.00     1037.00        0.00
     0     4     1206.00     1037.00        0.00
     0     4     1198.00     1039.00        0.00
     0     4     1190.00     1039.00        0.00
     0     4     1184.00     1039.00        0.00
     0     4     1178.00     1039.00        0.00
     0     4     1172.00     1037.00        0.00
     0     4     1166.00     1035.00        0.00
     0     4     1164.00     1029.00        0.00
     0     4     1164.00     1023.00        0.00
     0     4     1164.00     1017.00        0.00
     0     4     1166.00     1011.00        0.00
     0     4     1172.00     1005.00        0.00
     0     4     1176.00      999.00        0.00
     0     4     1180.00      995.00        0.00
     0     4     1184.00      991.00        0.00
     0     4     1188.00      987.00        0.00
     0     4     1192.00      983.00        0.00
     0     4     1196.00      979.00        0.00
     0     4     1200.00      975.00        0.00
     0     4     1202.00      969.00        0.00
     0     4     1202.00      963.00        0.00
     0     4     1202.00      957.00        0.00
     0     4     1200.00      951.00        0.00
     0     4     1196.00      947.00        0.00
     0     4     1190.00      943.00        0.00
     0     4     1184.00      939.00        0.00
     0     4     1178.00      937.00        0.00
     0     4     1174.00      933.00        0.00
     0     4     1174.00      927.00        0.00
     0     4     1174.00      921.00        0.00
     0     4     1174.00      915.00        0.00
     0     4     1174.00      909.00        0.00
     0     4     1176.00      903.00        0.00
     0     4     1176.00      897.00        0.00
     0     4     1176.00      891.00        0.00
     0     4     1176.00      885.00        0.00
     0     4     1174.00      877.00        0.00
     0     4     1172.00      871.00        0.00
     0     4     1168.00      863.00        0.00
     0     4     1166.00      855.00        0.00
     0     4     1164.00      849.00        0.00
     0     4     1162.00      843.00        0.00
     0     4     1158.00      837.00        0.00
     0     4     1156.00      831.00        0.00
     0     4     1152.00      825.00        0.00
     0     4     1150.00      819.00        0.00
     0     4     1146.00      813.00        0.00
     0     4     1144.00      807.00        0.00
     0     4     1140.00      803.00        0.00
     0     4     1138.00      797.00        0.00
     0     4     1134.00      793.00        0.00
     0     4     1128.00      789.00        0.00
     0     5     1116.00     1023.00        0.00
     0     5     1084.00     1013.00        0.00
     0     5     1066.00     1005.00        0.00
     0     5     1062.00     1001.00        0.00
     0     5     1056.00      997.00        0.00
     0     5     1048.00      995.00        0.00
     0     5     1042.00      993.00        0.00
     0     5     1036.00      993.00        0.00
     0     5     1030.00      993.00        0.00
     0     5     1024.00      993.00        0.00
     0     5     1016.00      993.00        0.00
     0     5     1010.00      993.00        0.00
     0     5     1004.00      993.00        0.00
     0     5      998.00      995.00        0.00
     0     5      990.00      995.00        0.00
     0     5      984.00      995.00        0.00
     0     5      978.00      995.00        0.00
     0     5      970.00      993.00        0.00
     0     5      964.00      989.00        0.00
     0     5      968.00      983.00        0.00
     0     5      976.00      981.00        0.00
     0     5      982.00      981.00        0.00
     0     5      990.00      979.00        0.00
     0     5      996.00      979.00        0.00
     0     5     1004.00      977.00        0.00
     0     5     1012.00      975.00        0.00
     0     5     1018.00      975.00        0.00
     0     5     1024.00      973.00        0.00
     0     5     1030.00      969.00        0.00
     0     5     1036.00      967.00        0.00
     0     5     1044.00      963.00        0.00
     0     5     1050.00      961.00        0.00
     0     5     1056.00      959.00        0.00
     0     5     1064.00      957.00        0.00
     0     5     1070.00      955.00        0.00
     0     5     1078.00      951.00        0.00
     0     5     1084.00      949.00        0.00
     0     5     1092.00      947.00        0.00
     0     5     1098.00      945.00        0.00
     0     5     1104.00      943.00        0.00
     0     5     1110.00      941.00        0.00
     0     5     1116.00      939.00        0.00
     0     5     1122.00      937.00        0.00
     0     5     1130.00      933.00        0.00
     0     5     1134.00      929.00        0.00
     0     5     1140.00      927.00        0.00
     0     5     1144.00      923.00        0.00
     0     5     1150.00      921.00        0.00
     0     5     1156.00      921.00        0.00
     0     5     1162.00      921.00        0.00
     0     5     1168.00      921.00        0.00
     0     5     1170.00      927.00        0.00
     0     5     1172.00      933.00        0.00
     0     5     1176.00      937.00        0.00
     0     5     1182.00      939.00        0.00
     0     5     1188.00      941.00        0.00
     0     5     1192.00      945.00        0.00
     0     5     1196.00      949.00        0.00
     0     5     1198.00      955.00        0.00
     0     5     1198.00      961.00        0.00
     0     5     1194.00      967.00        0.00
     0     5     1192.00      973.00        0.00
     0     5     1188.00      979.00        0.00
     0     5     1184.00      985.00        0.00
     0     5     1180.00      991.00        0.00
     0     5     1176.00      995.00        0.00
     0     5     1172.00      999.00        0.00
     0     5     1166.00      999.00        0.00
     0     6     1160.00     1263.00        0.00
     0     6     1156.00     1257.00        0.00
     0     6     1154.00     1251.00        0.00
     0     6     1150.00     1245.00        0.00
     0     6     1146.00     1239.00        0.00
     0     6     1144.00     1233.00        0.00
     0     6     1140.00     1227.00        0.00
     0     6     1138.00     1221.00        0.00
     0     6     1138.00     1215.00        0.00
     0     6     1136.00     1209.00        0.00
     0     6     1132.00     1201.00        0.00
     0     6     1130.00     1195.00        0.00
     0     6     1128.00     1187.00        0.00
     0     6     1126.00     1181.00        0.00
     0     6     1124.00     1175.00        0.00
     0     6     1122.00     1169.00        0.00
     0     6     1118.00     1165.00        0.00
     0     6     1112.00     1165.00        0.00
     0     6     1106.00     1167.00        0.00
     0     6     1102.00     1171.00        0.00
     0     6     1096.00     1177.00        0.00
     0     6     1090.00     1181.00        0.00
     0     6     1084.00     1183.00        0.00
     0     6     1080.00     1189.00        0.00
     0     6     1074.00     1195.00        0.00
     0     6     1070.00     1199.00        0.00
     0     6     1064.00     1203.00        0.00
     0     6     1060.00     1207.00        0.00
     0     6     1054.00     1211.00        0.00
     0     6     1050.00     1217.00        0.00
     0     6     1044.00     1221.00        0.00
     0     6     1040.00     1225.00        0.00
     0     6     1034.00     1231.00        0.00
     0     6     1024.00     1235.00        0.00
     0     6     1020.00     1239.00        0.00
     0     6     1014.00     1241.00        0.00
     0     6     1008.00     1245.00        0.00
     0     6     1002.00     1247.00        0.00
     0     6      994.00     1249.00        0.00
     0     6      988.00     1251.00        0.00
     0     6      980.00     1253.00        0.00
     0     6      974.00     1255.00        0.00
     0     6      968.00     1255.00        0.00
     0     6      962.00     1257.00        0.00
     0     6      956.00     1257.00        0.00
     0     6      948.00     1259.00        0.00
     0     6      940.00     1259.00        0.00
     0     6      934.00     1261.00        0.00
     0     6      928.00     1261.00        0.00
     0     6      922.00     1263.00        0.00
     0     6      916.00     1263.00        0.00
     0     6      910.00     1263.00        0.00
     0     6      904.00     1263.00        0.00
     0     6      896.00     1263.00        0.00
     0     6      890.00     1263.00        0.00
     0     6      884.00     1263.00        0.00
     0     6      878.00     1263.00        0.00
     0     6      872.00     1261.00        0.00
     0     6      866.00     1261.00        0.00
     0     6      858.00     1259.00        0.00
     0     6      852.00     1257.00        0.00
     0     6      842.00     1257.00        0.00
     0     6      834.00     1255.00        0.00
     0     6      828.00     1255.00        0.00
     0     6      818.00     1255.00        0.00
     0     6      812.00     1251.00        0.00
     0     6      806.00     1249.00        0.00
     0     6      802.00     1245.00        0.00
     0     6      796.00     1243.00        0.00
     0     6      790.00     1239.00        0.00
     0     6      784.00     1237.00        0.00
     0     6      778.00     1233.00        0.00
     0     6      772.00     1233.00        0.00
     0     6      766.00     1231.00        0.00
     0     6      760.00     1229.00        0.00
     0     6      754.00     1229.00        0.00
     0     6      748.00     1229.00        0.00
     0     6      738.00     1227.00        0.00
     0     6      732.00     1225.00        0.00
     0     6      726.00     1223.00        0.00
     0     6      730.00     1219.00        0.00
     0     6      736.00     1217.00        0.00
     0     6      742.00     1217.00        0.00
     0     6      748.00     1217.00        0.00
     0     6      756.00     1221.00        0.00
     0     6      762.00     1221.00        0.00
     0     6      768.00     1223.00        0.00
     0     6      774.00     1225.00        0.00
     0     6      780.00     1229.00        0.00
     0     6      786.00     1231.00        0.00
     0     6      790.00     1235.00        0.00
     0     6      796.00     1237.00        0.00
     0     6      800.00     1241.00        0.00
     0     6      806.00     1243.00        0.00
     0     6      812.00     1245.00        0.00
     0     6      818.00     1247.00        0.00
     0     6      826.00     1249.00        0.00
     0     6      832.00     1251.00        0.00
     0     6      840.00     1253.00        0.00
     0     6      846.00     1253.00        0.00
     0     6      854.00     1255.00        0.00
     0     6      864.00     1255.00        0.00
     0     6      870.00     1255.00        0.00
     0     6      876.00     1255.00        0.00
     0     6      882.00     1255.00        0.00
     0     6      888.00     1257.00        0.00
     0     6      894.00     1257.00        0.00
     0     6      900.00     1257.00        0.00
     0     6      910.00     1257.00        0.00
     0     6      916.00     1257.00        0.00
     0     6      924.00     1257.00        0.00
     0     6      930.00     1255.00        0.00
     0     6      936.00     1255.00        0.00
     0     6      942.00     1253.00        0.00
     0     6      948.00     1253.00        0.00
     0     6      954.00     1251.00        0.00
     0     6      960.00     1251.00        0.00
     0     6      966.00     1249.00        0.00
     0     6      972.00     1247.00        0.00
     0     6      978.00     1245.00        0.00
     0     6      984.00     1243.00        0.00
     0     6      992.00     1241.00        0.00
     0     6      998.00     1237.00        0.00
     0     6     1006.00     1235.00        0.00
     0     6     1012.00     1233.00        0.00
     0     6     1018.00     1231.00        0.00
     0     6     1022.00     1227.00        0.00
     0     6     1028.00     1223.00        0.00
     0     6     1034.00     1219.00        0.00
     0     6     1040.00     1215.00        0.00
     0     6     1044.00     1211.00        0.00
     0     6     1048.00     1205.00        0.00
     0     6     1052.00     1201.00        0.00
     0     6     1056.00     1195.00        0.00
     0     6     1062.00     1191.00        0.00
     0     6     1068.00     1185.00        0.00
     0     6     1072.00     1179.00        0.00
     0     6     1076.00     1175.00        0.00
     0     6     1080.00     1169.00        0.00
     0     6     1084.00     1163.00        0.00
     0     6     1088.00     1157.00        0.00
     0     6     1090.00     1151.00        0.00
     0     6     1090.00     1145.00        0.00
     0     6     1090.00     1137.00        0.00
     0     6     1090.00     1131.00        0.00
     0     6     1090.00     1125.00        0.00
     0     6     1090.00     1117.00        0.00
     0     6     1086.00     1111.00        0.00
     0     6     1082.00     1105.00        0.00
     0     6     1078.00     1101.00        0.00
     0     6     1074.00     1095.00        0.00
     0     6     1070.00     1089.00        0.00
     0     6     1068.00     1083.00        0.00
     0     6     1068.00     1077.00        0.00
     0     6     1066.00     1071.00        0.00
     0     6     1066.00     1063.00        0.00
     0     6     1066.00     1055.00        0.00
     0     6     1068.00     1049.00        0.00
     0     6     1072.00     1045.00        0.00
     0     6     1076.00     1041.00        0.00
     0     6     1082.00     1037.00        0.00
     0     6     1088.00     1035.00        0.00
     0     6     1096.00     1035.00        0.00
     0     6     1104.00     1033.00        0.00
     0     6     1112.00     1033.00        0.00
     0     6     1118.00     1035.00        0.00
     0     6     1126.00     1037.00        0.00
     0     6     1134.00     1039.00        0.00
     0     6     1140.00     1039.00        0.00
     0     6     1146.00     1041.00        0.00
     0     6     1152.00     1043.00        0.00
     0     6     1158.00     1045.00        0.00
     0     6     1164.00     1047.00        0.00
     0     6     1170.00     1049.00        0.00
     0     6     1176.00     1049.00        0.00
     0     6     1186.00     1049.00        0.00
     0     6     1192.00     1049.00        0.00
     0     6     1202.00     1049.00        0.00
     0     6     1208.00     1049.00        0.00
     0     6     1214.00     1049.00        0.00
     0     6     1222.00     1047.00        0.00
     0     6     1228.00     1045.00        0.00
     0     6     1234.00     1043.00        0.00
     0     6     1242.00     1037.00        0.00
     0     6     1248.00     1035.00        0.00
     0     6     1254.00     1035.00        0.00
     0     6     1256.00     1041.00        0.00
     0     6     1256.00     1047.00        0.00
     0     6     1252.00     1053.00        0.00
     0     6     1246.00     1059.00        0.00
     0     6     1240.00     1063.00        0.00
     0     6     1238.00     1069.00        0.00
     0     6     1238.00     1075.00        0.00
     0     6     1240.00     1083.00        0.00
     0     6     1242.00     1089.00        0.00
     0     6     1242.00     1095.00        0.00
     0     6     1238.00     1103.00        0.00
     0     6     1234.00     1107.00        0.00
     0     6     1230.00     1111.00        0.00
     0     6     1226.00     1115.00        0.00
     0     6     1224.00     1121.00        0.00
     0     6     1220.00     1129.00        0.00
     0     6     1218.00     1135.00        0.00
     0     6     1214.00     1143.00        0.00
     0     6     1212.00     1149.00        0.00
     0     6     1210.00     1157.00        0.00
     0     6     1208.00     1165.00        0.00
     0     6     1206.00     1171.00        0.00
     0     6     1204.00     1177.00        0.00
     0     6     1202.00     1183.00        0.00
     0     6     1198.00     1191.00        0.00
     0     6     1194.00     1197.00        0.00
     0     6     1190.00     1203.00        0.00
     0     6     1188.00     1209.00        0.00
     0     6     1182.00     1215.00        0.00
     0     6     1178.00     1219.00        0.00
     0     7     1472.00     1081.00        0.00
     0     7     1462.00     1093.00        0.00
     0     7     1456.00     1097.00        0.00
     0     7     1452.00     1101.00        0.00
     0     7     1446.00     1105.00        0.00
     0     7     1438.00     1107.00        0.00
     0     7     1432.00     1107.00        0.00
     0     7     1426.00     1107.00        0.00
     0     7     1420.00     1107.00        0.00
     0     7     1414.00     1107.00        0.00
     0     7     1408.00     1103.00        0.00
     0     7     1402.00     1101.00        0.00
     0     7     1396.00     1097.00        0.00
     0     7     1392.00     1091.00        0.00
     0     7     1390.00     1085.00        0.00
     0     7     1392.00     1079.00        0.00
     0     7     1394.00     1071.00        0.00
     0     7     1398.00     1063.00        0.00
     0     7     1402.00     1057.00        0.00
     0     7     1406.00     1053.00        0.00
     0     7     1410.00     1045.00        0.00
     0     7     1414.00     1037.00        0.00
     0     7     1418.00     1031.00        0.00
     0     7     1424.00     1023.00        0.00
     0     7     1426.00     1017.00        0.00
     0     7     1430.00     1011.00        0.00
     0     7     1434.00     1005.00        0.00
     0     7     1438.00      999.00        0.00
     0     7     1442.00      993.00        0.00
     0     7     1444.00      985.00        0.00
     0     7     1448.00      979.00        0.00
     0     7     1450.00      973.00        0.00
     0     7     1454.00      967.00        0.00
     0     7     1456.00      961.00        0.00
     0     7     1460.00      957.00        0.00
     0     7     1464.00      951.00        0.00
     0     7     1466.00      945.00        0.00
     0     7     1470.00      939.00        0.00
     0     7     1474.00      933.00        0.00
     0     7     1478.00      929.00        0.00
     0     7     1482.00      921.00        0.00
     0     7     1486.00      915.00        0.00
     0     7     1490.00      909.00        0.00
     0     7     1494.00      905.00        0.00
     0     7     1498.00      901.00        0.00
     0     7     1502.00      895.00        0.00
     0     7     1508.00      891.00        0.00
     0     7     1512.00      887.00        0.00
     0     7     1516.00      883.00        0.00
     0     7     1522.00      879.00        0.00
     0     7     1530.00      877.00        0.00
     0     7     1536.00      877.00        0.00
     0     7     1544.00      875.00        0.00
     0     7     1550.00      873.00        0.00
     0     7     1556.00      873.00        0.00
     0     7     1562.00      873.00        0.00
     0     7     1568.00      877.00        0.00
     0     7     1572.00      881.00        0.00
     0     7     1576.00      885.00        0.00
     0     7     1580.00      889.00        0.00
     0     7     1586.00      895.00        0.00
     0     7     1588.00      901.00        0.00
     0     7     1590.00      907.00        0.00
     0     7     1592.00      913.00        0.00
     0     7     1594.00      919.00        0.00
     0     7     1596.00      925.00        0.00
     0     7     1596.00      931.00        0.00
     0     7     1596.00      937.00        0.00
     0     7     1592.00      943.00        0.00
     0     7     1588.00      947.00        0.00
     0     7     1582.00      951.00        0.00
     0     7     1576.00      955.00        0.00
     0     7     1572.00      959.00        0.00
     0     7     1568.00      963.00        0.00
     0     7     1564.00      969.00        0.00
     0     7     1560.00      973.00        0.00
     0     7     1556.00      979.00        0.00
     0     7     1552.00      985.00        0.00
     0     7     1550.00      993.00        0.00
     0     7     1548.00      999.00        0.00
     0     7     1548.00     1005.00        0.00
     0     7     1546.00     1011.00        0.00
     0     7     1544.00     1017.00        0.00
     0     7     1540.00     1023.00        0.00
     0     7     1536.00     1029.00        0.00
     0     7     1532.00     1033.00        0.00
     0     7     1528.00     1037.00        0.00
     0     8     1560.00      553.00        0.00
     0     8     1580.00      561.00        0.00
     0     8     1588.00      563.00        0.00
     0     8     1596.00      565.00        0.00
     0     8     1602.00      567.00        0.00
     0     8     1610.00      569.00        0.00
     0     8     1618.00      571.00        0.00
     0     8     1626.00      573.00        0.00
     0     8     1634.00      575.00        0.00
     0     8     1642.00      577.00        0.00
     0     8     1648.00      579.00        0.00
     0     8     1658.00      583.00        0.00
     0     8     1664.00      585.00        0.00
     0     8     1672.00      585.00        0.00
     0     8     1682.00      587.00        0.00
     0     8     1690.00      589.00        0.00
     0     8     1698.00      591.00        0.00
     0     8     1704.00      593.00        0.00
     0     8     1712.00      595.00        0.00
     0     8     1718.00      599.00        0.00
     0     8     1724.00      601.00        0.00
     0     8     1732.00      603.00        0.00
     0     8     1738.00      605.00        0.00
     0     8     1746.00      609.00        0.00
     0     8     1754.00      613.00        0.00
     0     8     1760.00      615.00        0.00
     0     8     1764.00      619.00        0.00
     0     8     1770.00      621.00        0.00
     0     8     1774.00      625.00        0.00
     0     8     1780.00      629.00        0.00
     0     8     1786.00      631.00        0.00
     0     8     1792.00      635.00        0.00
     0     8     1798.00      639.00        0.00
     0     8     1802.00      643.00        0.00
     0     8     1806.00      647.00        0.00
     0     8     1810.00      655.00        0.00
     0     8     1812.00      661.00        0.00
     0     8     1812.00      667.00        0.00
     0     8     1812.00      673.00        0.00
     0     8     1812.00      681.00        0.00
     0     8     1814.00      689.00        0.00
     0     8     1814.00      697.00        0.00
     0     8     1814.00      705.00        0.00
     0     8     1814.00      713.00        0.00
     0     8     1812.00      719.00        0.00
     0     8     1812.00      725.00        0.00
     0     8     1808.00      729.00        0.00
     0     8     1806.00      735.00        0.00
     0     8     1802.00      739.00        0.00
     0     8     1796.00      743.00        0.00
     0     8     1792.00      747.00        0.00
     0     8     1786.00      749.00        0.00
     0     8     1778.00      749.00        0.00
     0     8     1772.00      745.00        0.00
     0     8     1768.00      741.00        0.00
     0     8     1764.00      735.00        0.00
     0     8     1760.00      729.00        0.00
     0     8     1756.00      723.00        0.00
     0     8     1752.00      717.00        0.00
     0     8     1748.00      711.00        0.00
     0     8     1744.00      707.00        0.00
     0     8     1740.00      703.00        0.00
     0     8     1734.00      697.00        0.00
     0     8     1730.00      693.00        0.00
     0     8     1726.00      689.00        0.00
     0     8     1720.00      683.00        0.00
     0     8     1716.00      679.00        0.00
     0     8     1712.00      673.00        0.00
     0     8     1706.00      669.00        0.00
     0     8     1702.00      665.00        0.00
     0     8     1698.00      657.00        0.00
     0     8     1692.00      653.00        0.00
     0     8     1686.00      647.00        0.00
     0     8     1682.00      643.00        0.00
     0     8     1676.00      639.00        0.00
     0     8     1670.00      633.00        0.00
     0     8     1666.00      627.00        0.00
     0     8     1662.00      623.00        0.00
     0     8     1658.00      619.00        0.00
     0     8     1654.00      613.00        0.00
     0     8     1652.00      607.00        0.00
     0     8     1650.00      601.00        0.00
     0     8     1646.00      597.00        0.00
     0     8     1644.00      591.00        0.00
     0     8     1642.00      585.00        0.00
     0     8     1638.00      581.00        0.00
     0     9     1536.00      441.00        0.00
     0     9     1534.00      435.00        0.00
     0     9     1536.00      429.00        0.00
     0     9     1538.00      421.00        0.00
     0     9     1540.00      415.00        0.00
     0     9     1542.00      405.00        0.00
     0     9     1546.00      397.00        0.00
     0     9     1548.00      391.00        0.00
     0     9     1550.00      385.00        0.00
     0     9     1552.00      379.00        0.00
     0     9     1556.00      375.00        0.00
     0     9     1558.00      367.00        0.00
     0     9     1562.00      363.00        0.00
     0     9     1566.00      357.00        0.00
     0     9     1570.00      349.00        0.00
     0     9     1574.00      345.00        0.00
     0     9     1578.00      339.00        0.00
     0     9     1580.00      333.00        0.00
     0     9     1584.00      329.00        0.00
     0     9     1590.00      327.00        0.00
     0     9     1596.00      323.00        0.00
     0     9     1604.00      319.00        0.00
     0     9     1610.00      315.00        0.00
     0     9     1616.00      313.00        0.00
     0     9     1620.00      309.00        0.00
     0     9     1624.00      305.00        0.00
     0     9     1630.00      301.00        0.00
     0     9     1634.00      295.00        0.00
     0     9     1638.00      287.00        0.00
     0     9     1640.00      281.00        0.00
     0     9     1642.00      275.00        0.00
     0     9     1644.00      269.00        0.00
     0     9     1644.00      263.00        0.00
     0     9     1646.00      255.00        0.00
     0     9     1646.00      247.00        0.00
     0     9     1646.00      241.00        0.00
     0     9     1646.00      235.00        0.00
     0     9     1644.00      227.00        0.00
     0     9     1642.00      221.00        0.00
     0     9     1640.00      211.00        0.00
     0     9     1638.00      203.00        0.00
     0     9     1634.00      193.00        0.00
     0     9     1630.00      187.00        0.00
     0     9     1626.00      183.00        0.00
     0     9     1622.00      179.00        0.00
     0     9     1616.00      177.00        0.00
     0     9     1612.00      173.00        0.00
     0     9     1606.00      169.00        0.00
     0     9     1600.00      167.00        0.00
     0     9     1594.00      167.00        0.00
     0     9     1588.00      167.00        0.00
     0     9     1582.00      167.00        0.00
     0     9     1576.00      169.00        0.00
     0     9     1568.00      171.00        0.00
     0     9     1562.00      173.00        0.00
     0     9     1558.00      177.00        0.00
     0     9     1554.00      181.00        0.00
     0     9     1550.00      185.00        0.00
     0     9     1546.00      193.00        0.00
     0     9     1544.00      199.00        0.00
     0     9     1542.00      205.00        0.00
     0     9     1540.00      211.00        0.00
     0     9     1538.00      217.00        0.00
     0     9     1534.00      223.00        0.00
     0     9     1534.00      229.00        0.00
     0     9     1534.00      237.00        0.00
     0     9     1534.00      243.00        0.00
     0     9     1534.00      249.00        0.00
     0     9     1534.00      255.00        0.00
     0     9     1534.00      261.00        0.00
     0     9     1536.00      267.00        0.00
     0     9     1536.00      273.00        0.00
     0     9     1538.00      279.00        0.00
     0     9     1534.00      287.00        0.00
     0     9     1532.00      293.00        0.00
     0     9     1528.00      297.00        0.00
     0     9     1524.00      303.00        0.00
     0     9     1518.00      307.00        0.00
     0     9     1516.00      313.00        0.00
     0     9     1520.00      317.00        0.00
     0     9     1524.00      321.00        0.00
     0     9     1530.00      323.00        0.00
     0     9     1536.00      325.00        0.00
     0     9     1542.00      327.00        0.00
     0     9     1548.00      329.00        0.00
     0     9     1552.00      333.00        0.00
     0     9     1558.00      337.00        0.00
     0     9     1562.00      341.00        0.00
     0     9     1562.00      347.00        0.00
     0    10     1036.00     1381.00        0.00
     0    10     1024.00     1385.00        0.00
     0    10     1016.00     1387.00        0.00
     0    10     1008.00     1389.00        0.00
     0    10     1002.00     1391.00        0.00
     0    10      992.00     1391.00        0.00
     0    10      982.00     1391.00        0.00
     0    10      976.00     1391.00        0.00
     0    10      970.00     1391.00        0.00
     0    10      964.00     1391.00        0.00
     0    10      958.00     1391.00        0.00
     0    10      952.00     1393.00        0.00
     0    10      946.00     1393.00        0.00
     0    10      940.00     1395.00        0.00
     0    10      934.00     1397.00        0.00
     0    10      926.00     1399.00        0.00
     0    10      920.00     1401.00        0.00
     0    10      912.00     1403.00        0.00
     0    10      906.00     1403.00        0.00
     0    10      900.00     1405.00        0.00
     0    10      892.00     1405.00        0.00
     0    10      886.00     1405.00        0.00
     0    10      880.00     1403.00        0.00
     0    10      874.00     1401.00        0.00
     0    10      868.00     1399.00        0.00
     0    10      860.00     1397.00        0.00
     0    10      852.00     1395.00        0.00
     0    10      846.00     1393.00        0.00
     0    10      838.00     1389.00        0.00
     0    10      830.00     1387.00        0.00
     0    10      822.00     1385.00        0.00
     0    10      816.00     1383.00        0.00
     0    10      810.00     1381.00        0.00
     0    10      804.00     1379.00        0.00
     0    10      796.00     1375.00        0.00
     0    10      788.00     1371.00        0.00
     0    10      784.00     1367.00        0.00
     0    10      780.00     1363.00        0.00
     0    10      774.00     1355.00        0.00
     0    10      770.00     1351.00        0.00
     0    10      766.00     1343.00        0.00
     0    10      764.00     1337.00        0.00
     0    10      762.00     1331.00        0.00
     0    10      760.00     1325.00        0.00
     0    10      758.00     1319.00        0.00
     0    10      758.00     1313.00        0.00
     0    10      758.00     1305.00        0.00
     0    10      762.00     1301.00        0.00
     0    10      766.00     1293.00        0.00
     0    10      770.00     1289.00        0.00
     0    10      774.00     1285.00        0.00
     0    10      780.00     1281.00        0.00
     0    10      786.00     1279.00        0.00
     0    10      794.00     1275.00        0.00
     0    10      802.00     1273.00        0.00
     0    10      810.00     1273.00        0.00
     0    10      816.00     1273.00        0.00
     0    10      826.00     1273.00        0.00
     0    10      838.00     1271.00        0.00
     0    10      844.00     1271.00        0.00
     0    10      856.00     1271.00        0.00
     0    10      866.00     1271.00        0.00
     0    10      874.00     1271.00        0.00
     0    10      882.00     1271.00        0.00
     0    10      896.00     1271.00        0.00
     0    10      904.00     1271.00        0.00
     0    10      910.00     1269.00        0.00
     0    10      916.00     1269.00        0.00
     0    10      922.00     1267.00        0.00
     0    10      928.00     1265.00        0.00
     0    10      938.00     1263.00        0.00
     0    10      946.00     1261.00        0.00
     0    10      954.00     1261.00        0.00
     0    10      964.00     1259.00        0.00
     0    10      970.00     1257.00        0.00
     0    10      976.00     1255.00        0.00
     0    10      982.00     1253.00        0.00
     0    10      988.00     1251.00        0.00
     0    10      994.00     1249.00        0.00
     0    10     1000.00     1249.00        0.00
     0    10     1006.00     1249.00        0.00
     0    10     1012.00     1253.00        0.00
     0    10     1018.00     1255.00        0.00
     0    10     1024.00     1259.00        0.00
     0    10     1028.00     1265.00        0.00
     0    10     1032.00     1269.00        0.00
     0    10     1036.00     1273.00        0.00
     0    10     1038.00     1279.00        0.00
     0    10     1042.00     1285.00        0.00
     0    10     1046.00     1289.00        0.00
     0    10     1050.00     1293.00        0.00
     0    10     1052.00     1299.00        0.00
     0    10     1056.00     1305.00        0.00
     0    10     1062.00     1309.00        0.00
     0    10     1066.00     1317.00        0.00
     0    10     1072.00     1321.00        0.00
     0    10     1078.00     1323.00        0.00
     0    10     1084.00     1325.00        0.00
     0    10     1090.00     1327.00        0.00
     0    10     1096.00     1329.00        0.00
     0    10     1102.00     1331.00        0.00
     0    10     1108.00     1333.00        0.00
     0    10     1112.00     1337.00        0.00
     0    10     1114.00     1343.00        0.00
     0    10     1114.00     1349.00        0.00
     0    10     1108.00     1353.00        0.00
