     0     0      578.00     1103.00        0.00
     0     0      584.00     1099.00        0.00
     0     0      590.00     1095.00        0.00
     0     0      594.00     1091.00        0.00
     0     0      600.00     1089.00        0.00
     0     0      604.00     1085.00        0.00
     0     0      610.00     1083.00        0.00
     0     0      614.00     1079.00        0.00
     0     0      620.00     1077.00        0.00
     0     0      624.00     1073.00        0.00
     0     0      630.00     1071.00        0.00
     0     0      636.00     1067.00        0.00
     0     0      642.00     1063.00        0.00
     0     0      648.00     1059.00        0.00
     0     0      652.00     1055.00        0.00
     0     0      656.00     1049.00        0.00
     0     0      660.00     1045.00        0.00
     0     0      662.00     1039.00        0.00
     0     0      666.00     1035.00        0.00
     0     0      670.00     1029.00        0.00
     0     0      672.00     1023.00        0.00
     0     0      674.00     1017.00        0.00
     0     0      676.00     1011.00        0.00
     0     0      678.00     1005.00        0.00
     0     0      680.00      999.00        0.00
     0     0      682.00      993.00        0.00
     0     0      684.00      987.00        0.00
     0     0      686.00      981.00        0.00
     0     0      686.00      975.00        0.00
     0     0      686.00      969.00        0.00
     0     0      684.00      963.00        0.00
     0     0      684.00      957.00        0.00
     0     0      682.00      951.00        0.00
     0     0      682.00      945.00        0.00
     0     0      678.00      941.00        0.00
     0     0      674.00      935.00        0.00
     0     0      670.00      931.00        0.00
     0     0      664.00      931.00        0.00
     0     0      658.00      929.00        0.00
     0     0      652.00      929.00        0.00
     0     0      646.00      929.00        0.00
     0     0      640.00      929.00        0.00
     0     0      634.00      931.00        0.00
     0     0      626.00      933.00        0.00
     0     0      620.00      935.00        0.00
     0     0      616.00      939.00        0.00
     0     0      616.00      945.00        0.00
     0     0      614.00      953.00        0.00
     0     0      612.00      959.00        0.00
     0     0      612.00      965.00        0.00
     0     0      612.00      973.00        0.00
     0     0      610.00      979.00        0.00
     0     0      608.00      985.00        0.00
     0     0      608.00      991.00        0.00
     0     0      604.00      997.00        0.00
     0     0      604.00     1003.00        0.00
     0     0      602.00     1009.00        0.00
     0     0      602.00     1015.00        0.00
     0     0      600.00     1021.00        0.00
     0     0      598.00     1027.00        0.00
     0     0      596.00     1033.00        0.00
     0     0      596.00     1039.00        0.00
     0     0      596.00     1045.00        0.00
     0     0      594.00     1051.00        0.00
     0     0      592.00     1057.00        0.00
     0     0      590.00     1063.00        0.00
     0     0      588.00     1069.00        0.00
     0     0      588.00     1075.00        0.00
     0     1      608.00      673.00        0.00
     0     1      608.00      667.00        0.00
     0     1      606.00      661.00        0.00
     0     1      606.00      655.00        0.00
     0     1      604.00      649.00        0.00
     0     1      604.00      643.00        0.00
     0     1      602.00      637.00        0.00
     0     1      600.00      631.00        0.00
     0     1      596.00      627.00        0.00
     0     1      590.00      625.00        0.00
     0     1      586.00      621.00        0.00
     0     1      580.00      619.00        0.00
     0     1      574.00      615.00        0.00
     0     1      566.00      611.00        0.00
     0     1      560.00      607.00        0.00
     0     1      554.00      605.00        0.00
     0     1      550.00      601.00        0.00
     0     1      546.00      597.00        0.00
     0     1      542.00      593.00        0.00
     0     1      538.00      587.00        0.00
     0     1      536.00      581.00        0.00
     0     1      532.00      573.00        0.00
     0     1      530.00      567.00        0.00
     0     1      526.00      563.00        0.00
     0     1      524.00      557.00        0.00
     0     1      520.00      553.00        0.00
     0     1      518.00      547.00        0.00
     0     1      518.00      539.00        0.00
     0     1      518.00      533.00        0.00
     0     1      518.00      527.00        0.00
     0     1      518.00      521.00        0.00
     0     1      520.00      515.00        0.00
     0     1      520.00      507.00        0.00
     0     1      522.00      499.00        0.00
     0     1      522.00      493.00        0.00
     0     1      524.00      487.00        0.00
     0     1      520.00      481.00        0.00
     0     1      516.00      477.00        0.00
     0     1      514.00      471.00        0.00
     0     1      510.00      465.00        0.00
     0     1      510.00      459.00        0.00
     0     1      510.00      453.00        0.00
     0     1      512.00      447.00        0.00
     0     1      516.00      441.00        0.00
     0     1      520.00      437.00        0.00
     0     1      524.00      433.00        0.00
     0     1      528.00      429.00        0.00
     0     1      532.00      425.00        0.00
     0     1      540.00      423.00        0.00
     0     1      544.00      417.00        0.00
     0     1      548.00      413.00        0.00
     0     1      552.00      407.00        0.00
     0     1      556.00      403.00        0.00
     0     1      562.00      401.00        0.00
     0     1      570.00      399.00        0.00
     0     1      578.00      397.00        0.00
     0     1      584.00      397.00        0.00
     0     1      590.00      395.00        0.00
     0     1      598.00      395.00        0.00
     0     1      604.00      397.00        0.00
     0     1      610.00      399.00        0.00
     0     1      612.00      405.00        0.00
     0     1      616.00      411.00        0.00
     0     1      620.00      417.00        0.00
     0     1      622.00      423.00        0.00
     0     1      626.00      427.00        0.00
     0     1      628.00      433.00        0.00
     0     1      630.00      439.00        0.00
     0     1      632.00      447.00        0.00
     0     1      634.00      453.00        0.00
     0     1      634.00      459.00        0.00
     0     1      636.00      465.00        0.00
     0     1      640.00      469.00        0.00
     0     1      644.00      475.00        0.00
     0     1      648.00      481.00        0.00
     0     1      652.00      489.00        0.00
     0     1      654.00      495.00        0.00
     0     1      656.00      501.00        0.00
     0     1      656.00      509.00        0.00
     0     1      656.00      515.00        0.00
     0     1      656.00      521.00        0.00
     0     1      656.00      527.00        0.00
     0     1      656.00      533.00        0.00
     0     1      656.00      539.00        0.00
     0     1      656.00      545.00        0.00
     0     1      652.00      549.00        0.00
     0     1      652.00      555.00        0.00
     0     1      650.00      561.00        0.00
     0     1      648.00      567.00        0.00
     0     1      646.00      573.00        0.00
     0     1      644.00      579.00        0.00
     0     1      644.00      585.00        0.00
     0     1      640.00      589.00        0.00
     0     1      638.00      595.00        0.00
     0     1      634.00      599.00        0.00
     0     1      632.00      605.00        0.00
     0     1      628.00      611.00        0.00
     0     1      624.00      617.00        0.00
     0     1      620.00      621.00        0.00
     0     1      616.00      625.00        0.00
     0     1      614.00      631.00        0.00
     0     2      646.00      579.00        0.00
     0     2      662.00      573.00        0.00
     0     2      668.00      573.00        0.00
     0     2      676.00      573.00        0.00
     0     2      684.00      573.00        0.00
     0     2      692.00      573.00        0.00
     0     2      698.00      575.00        0.00
     0     2      704.00      577.00        0.00
     0     2      710.00      577.00        0.00
     0     2      716.00      577.00        0.00
     0     2      722.00      577.00        0.00
     0     2      728.00      579.00        0.00
     0     2      734.00      579.00        0.00
     0     2      740.00      579.00        0.00
     0     2      746.00      579.00        0.00
     0     2      752.00      575.00        0.00
     0     2      760.00      573.00        0.00
     0     2      764.00      567.00        0.00
     0     2      768.00      561.00        0.00
     0     2      772.00      555.00        0.00
     0     2      774.00      549.00        0.00
     0     2      778.00      541.00        0.00
     0     2      780.00      533.00        0.00
     0     2      780.00      525.00        0.00
     0     2      782.00      517.00        0.00
     0     2      784.00      511.00        0.00
     0     2      786.00      503.00        0.00
     0     2      786.00      495.00        0.00
     0     2      788.00      489.00        0.00
     0     2      788.00      483.00        0.00
     0     2      790.00      477.00        0.00
     0     2      792.00      471.00        0.00
     0     2      792.00      465.00        0.00
     0     2      794.00      459.00        0.00
     0     2      796.00      453.00        0.00
     0     2      796.00      447.00        0.00
     0     2      796.00      439.00        0.00
     0     2      796.00      433.00        0.00
     0     2      796.00      427.00        0.00
     0     2      794.00      421.00        0.00
     0     2      792.00      415.00        0.00
     0     2      786.00      413.00        0.00
     0     2      780.00      413.00        0.00
     0     2      774.00      413.00        0.00
     0     2      768.00      411.00        0.00
     0     2      762.00      411.00        0.00
     0     2      756.00      411.00        0.00
     0     2      750.00      411.00        0.00
     0     2      744.00      411.00        0.00
     0     2      738.00      409.00        0.00
     0     2      732.00      409.00        0.00
     0     2      724.00      405.00        0.00
     0     2      720.00      401.00        0.00
     0     2      716.00      397.00        0.00
     0     2      712.00      393.00        0.00
     0     2      708.00      387.00        0.00
     0     2      706.00      379.00        0.00
     0     2      702.00      373.00        0.00
     0     2      696.00      363.00        0.00
     0     2      694.00      357.00        0.00
     0     2      692.00      351.00        0.00
     0     2      688.00      345.00        0.00
     0     2      682.00      347.00        0.00
     0     2      680.00      353.00        0.00
     0     2      678.00      363.00        0.00
     0     2      676.00      373.00        0.00
     0     2      676.00      383.00        0.00
     0     2      674.00      389.00        0.00
     0     2      674.00      395.00        0.00
     0     2      672.00      401.00        0.00
     0     2      670.00      407.00        0.00
     0     2      666.00      411.00        0.00
     0     2      662.00      415.00        0.00
     0     2      658.00      421.00        0.00
     0     2      654.00      425.00        0.00
     0     2      650.00      431.00        0.00
     0     2      650.00      437.00        0.00
     0     2      650.00      443.00        0.00
     0     2      650.00      449.00        0.00
     0     2      652.00      459.00        0.00
     0     2      656.00      465.00        0.00
     0     2      658.00      471.00        0.00
     0     2      660.00      477.00        0.00
     0     2      664.00      481.00        0.00
     0     2      666.00      487.00        0.00
     0     2      668.00      495.00        0.00
     0     2      668.00      503.00        0.00
     0     2      668.00      511.00        0.00
     0     2      668.00      517.00        0.00
     0     2      668.00      525.00        0.00
     0     2      668.00      531.00        0.00
     0     2      666.00      537.00        0.00
     0     2      664.00      543.00        0.00
     0     3      902.00      529.00        0.00
     0     3      930.00      537.00        0.00
     0     3      946.00      543.00        0.00
     0     3      952.00      545.00        0.00
     0     3      960.00      547.00        0.00
     0     3      966.00      549.00        0.00
     0     3      972.00      551.00        0.00
     0     3      980.00      553.00        0.00
     0     3      988.00      555.00        0.00
     0     3      996.00      555.00        0.00
     0     3     1002.00      557.00        0.00
     0     3     1008.00      559.00        0.00
     0     3     1014.00      561.00        0.00
     0     3     1022.00      563.00        0.00
     0     3     1028.00      565.00        0.00
     0     3     1034.00      567.00        0.00
     0     3     1040.00      569.00        0.00
     0     3     1048.00      571.00        0.00
     0     3     1054.00      573.00        0.00
     0     3     1062.00      573.00        0.00
     0     3     1068.00      575.00        0.00
     0     3     1074.00      577.00        0.00
     0     3     1084.00      579.00        0.00
     0     3     1090.00      579.00        0.00
     0     3     1096.00      581.00        0.00
     0     3     1104.00      583.00        0.00
     0     3     1110.00      583.00        0.00
     0     3     1116.00      583.00        0.00
     0     3     1124.00      583.00        0.00
     0     3     1130.00      585.00        0.00
     0     3     1136.00      585.00        0.00
     0     3     1144.00      585.00        0.00
     0     3     1152.00      587.00        0.00
     0     3     1158.00      589.00        0.00
     0     3     1160.00      597.00        0.00
     0     3     1164.00      601.00        0.00
     0     3     1168.00      605.00        0.00
     0     3     1168.00      611.00        0.00
     0     3     1172.00      617.00        0.00
     0     3     1180.00      621.00        0.00
     0     3     1184.00      625.00        0.00
     0     3     1188.00      631.00        0.00
     0     3     1196.00      635.00        0.00
     0     3     1202.00      639.00        0.00
     0     3     1206.00      643.00        0.00
     0     3     1210.00      647.00        0.00
     0     3     1212.00      653.00        0.00
     0     3     1216.00      657.00        0.00
     0     3     1216.00      663.00        0.00
     0     3     1220.00      667.00        0.00
     0     3     1224.00      673.00        0.00
     0     3     1224.00      679.00        0.00
     0     3     1228.00      685.00        0.00
     0     3     1228.00      691.00        0.00
     0     3     1228.00      697.00        0.00
     0     3     1232.00      701.00        0.00
     0     3     1238.00      701.00        0.00
     0     3     1246.00      703.00        0.00
     0     3     1250.00      707.00        0.00
     0     3     1258.00      711.00        0.00
     0     3     1262.00      715.00        0.00
     0     3     1266.00      719.00        0.00
     0     3     1268.00      725.00        0.00
     0     3     1272.00      731.00        0.00
     0     3     1278.00      735.00        0.00
     0     3     1284.00      737.00        0.00
     0     3     1290.00      741.00        0.00
     0     3     1296.00      741.00        0.00
     0     3     1302.00      743.00        0.00
     0     3     1312.00      743.00        0.00
     0     3     1320.00      743.00        0.00
     0     3     1326.00      741.00        0.00
     0     3     1330.00      737.00        0.00
     0     3     1334.00      733.00        0.00
     0     3     1338.00      729.00        0.00
     0     3     1342.00      723.00        0.00
     0     3     1346.00      719.00        0.00
     0     3     1346.00      713.00        0.00
     0     3     1348.00      705.00        0.00
     0     3     1348.00      699.00        0.00
     0     3     1348.00      693.00        0.00
     0     3     1348.00      685.00        0.00
     0     3     1346.00      679.00        0.00
     0     3     1342.00      673.00        0.00
     0     3     1338.00      667.00        0.00
     0     3     1336.00      659.00        0.00
     0     3     1332.00      653.00        0.00
     0     3     1328.00      647.00        0.00
     0     3     1326.00      641.00        0.00
     0     3     1324.00      635.00        0.00
     0     3     1320.00      629.00        0.00
     0     3     1316.00      621.00        0.00
     0     3     1312.00      617.00        0.00
     0     3     1310.00      611.00        0.00
     0     3     1308.00      605.00        0.00
     0     3     1304.00      595.00        0.00
     0     3     1302.00      589.00        0.00
     0     3     1300.00      581.00        0.00
     0     3     1298.00      575.00        0.00
     0     3     1294.00      567.00        0.00
     0     3     1292.00      561.00        0.00
     0     3     1288.00      553.00        0.00
     0     3     1284.00      549.00        0.00
     0     3     1280.00      543.00        0.00
     0     3     1276.00      537.00        0.00
     0     3     1272.00      533.00        0.00
     0     3     1266.00      529.00        0.00
     0     3     1262.00      525.00        0.00
     0     3     1256.00      523.00        0.00
     0     3     1250.00      523.00        0.00
     0     3     1240.00      523.00        0.00
     0     3     1232.00      523.00        0.00
     0     3     1226.00      519.00        0.00
     0     3     1222.00      515.00        0.00
     0     3     1218.00      511.00        0.00
     0     3     1214.00      505.00        0.00
     0     3     1212.00      499.00        0.00
     0     3     1212.00      493.00        0.00
     0     3     1212.00      487.00        0.00
     0     3     1212.00      481.00        0.00
     0     3     1212.00      475.00        0.00
     0     3     1212.00      469.00        0.00
     0     3     1212.00      463.00        0.00
     0     3     1208.00      459.00        0.00
     0     3     1200.00      463.00        0.00
     0     3     1194.00      467.00        0.00
     0     3     1186.00      471.00        0.00
     0     3     1180.00      477.00        0.00
     0     3     1174.00      481.00        0.00
     0     3     1170.00      485.00        0.00
     0     3     1166.00      491.00        0.00
     0     3     1164.00      497.00        0.00
     0     3     1160.00      503.00        0.00
     0     3     1158.00      509.00        0.00
     0     3     1158.00      515.00        0.00
     0     3     1160.00      521.00        0.00
     0     3     1164.00      525.00        0.00
     0     3     1172.00      529.00        0.00
     0     3     1178.00      535.00        0.00
     0     3     1184.00      539.00        0.00
     0     3     1188.00      543.00        0.00
     0     3     1188.00      549.00        0.00
     0     3     1180.00      551.00        0.00
     0     3     1174.00      555.00        0.00
     0     3     1168.00      559.00        0.00
     0     3     1164.00      563.00        0.00
     0     3     1158.00      567.00        0.00
     0     3     1152.00      569.00        0.00
     0     3     1146.00      571.00        0.00
     0     3     1140.00      573.00        0.00
     0     3     1132.00      575.00        0.00
     0     3     1126.00      577.00        0.00
     0     3     1120.00      577.00        0.00
     0     3     1114.00      577.00        0.00
     0     3     1106.00      577.00        0.00
     0     3     1100.00      577.00        0.00
     0     3     1094.00      577.00        0.00
     0     3     1086.00      575.00        0.00
     0     3     1080.00      575.00        0.00
     0     3     1074.00      573.00        0.00
     0     3     1068.00      573.00        0.00
     0     4     1602.00      425.00        0.00
     0     4     1600.00      437.00        0.00
     0     4     1598.00      443.00        0.00
     0     4     1598.00      449.00        0.00
     0     4     1596.00      455.00        0.00
     0     4     1590.00      461.00        0.00
     0     4     1588.00      467.00        0.00
     0     4     1584.00      471.00        0.00
     0     4     1584.00      477.00        0.00
     0     4     1582.00      483.00        0.00
     0     4     1582.00      489.00        0.00
     0     4     1582.00      495.00        0.00
     0     4     1582.00      501.00        0.00
     0     4     1582.00      509.00        0.00
     0     4     1582.00      515.00        0.00
     0     4     1582.00      523.00        0.00
     0     4     1582.00      531.00        0.00
     0     4     1580.00      537.00        0.00
     0     4     1580.00      545.00        0.00
     0     4     1580.00      551.00        0.00
     0     4     1580.00      559.00        0.00
     0     4     1580.00      565.00        0.00
     0     4     1582.00      573.00        0.00
     0     4     1584.00      581.00        0.00
     0     4     1584.00      587.00        0.00
     0     4     1588.00      591.00        0.00
     0     4     1592.00      595.00        0.00
     0     4     1596.00      599.00        0.00
     0     4     1600.00      605.00        0.00
     0     4     1604.00      609.00        0.00
     0     4     1608.00      613.00        0.00
     0     4     1612.00      617.00        0.00
     0     4     1614.00      623.00        0.00
     0     4     1620.00      623.00        0.00
     0     4     1626.00      621.00        0.00
     0     4     1630.00      615.00        0.00
     0     4     1632.00      609.00        0.00
     0     4     1634.00      603.00        0.00
     0     4     1640.00      597.00        0.00
     0     4     1644.00      593.00        0.00
     0     4     1650.00      589.00        0.00
     0     4     1654.00      585.00        0.00
     0     4     1658.00      579.00        0.00
     0     4     1660.00      573.00        0.00
     0     4     1662.00      565.00        0.00
     0     4     1662.00      559.00        0.00
     0     4     1664.00      553.00        0.00
     0     4     1666.00      547.00        0.00
     0     4     1666.00      541.00        0.00
     0     4     1668.00      535.00        0.00
     0     4     1666.00      529.00        0.00
     0     4     1664.00      523.00        0.00
     0     4     1662.00      517.00        0.00
     0     4     1660.00      509.00        0.00
     0     4     1660.00      501.00        0.00
     0     4     1660.00      495.00        0.00
     0     4     1660.00      489.00        0.00
     0     4     1658.00      483.00        0.00
     0     4     1658.00      477.00        0.00
     0     4     1656.00      471.00        0.00
     0     4     1654.00      465.00        0.00
     0     4     1650.00      461.00        0.00
     0     4     1644.00      461.00        0.00
     0     4     1636.00      461.00        0.00
     0     4     1632.00      457.00        0.00
     0     4     1628.00      453.00        0.00
     0     4     1622.00      453.00        0.00
     0     4     1618.00      457.00        0.00
     0     4     1612.00      459.00        0.00
     0     4     1606.00      455.00        0.00
     0     5     1768.00     1397.00        0.00
     0     5     1766.00     1391.00        0.00
     0     5     1764.00     1383.00        0.00
     0     5     1764.00     1377.00        0.00
     0     5     1762.00     1371.00        0.00
     0     5     1762.00     1365.00        0.00
     0     5     1762.00     1359.00        0.00
     0     5     1760.00     1353.00        0.00
     0     5     1760.00     1347.00        0.00
     0     5     1760.00     1341.00        0.00
     0     5     1760.00     1335.00        0.00
     0     5     1760.00     1329.00        0.00
     0     5     1762.00     1323.00        0.00
     0     5     1764.00     1317.00        0.00
     0     5     1770.00     1313.00        0.00
     0     5     1776.00     1311.00        0.00
     0     5     1782.00     1307.00        0.00
     0     5     1790.00     1305.00        0.00
     0     5     1796.00     1301.00        0.00
     0     5     1802.00     1297.00        0.00
     0     5     1808.00     1293.00        0.00
     0     5     1814.00     1289.00        0.00
     0     5     1818.00     1285.00        0.00
     0     5     1824.00     1281.00        0.00
     0     5     1828.00     1277.00        0.00
     0     5     1832.00     1273.00        0.00
     0     5     1834.00     1267.00        0.00
     0     5     1836.00     1261.00        0.00
     0     5     1838.00     1255.00        0.00
     0     5     1838.00     1249.00        0.00
     0     5     1840.00     1241.00        0.00
     0     5     1840.00     1235.00        0.00
     0     5     1842.00     1229.00        0.00
     0     5     1842.00     1223.00        0.00
     0     5     1842.00     1217.00        0.00
     0     5     1842.00     1211.00        0.00
     0     5     1842.00     1205.00        0.00
     0     5     1842.00     1199.00        0.00
     0     5     1840.00     1193.00        0.00
     0     5     1838.00     1187.00        0.00
     0     5     1834.00     1181.00        0.00
     0     5     1832.00     1175.00        0.00
     0     5     1826.00     1167.00        0.00
     0     5     1822.00     1157.00        0.00
     0     5     1820.00     1151.00        0.00
     0     5     1818.00     1145.00        0.00
     0     5     1818.00     1139.00        0.00
     0     5     1818.00     1133.00        0.00
     0     5     1818.00     1125.00        0.00
     0     5     1816.00     1119.00        0.00
     0     5     1816.00     1113.00        0.00
     0     5     1816.00     1107.00        0.00
     0     5     1814.00     1101.00        0.00
     0     5     1810.00     1095.00        0.00
     0     5     1808.00     1089.00        0.00
     0     5     1804.00     1085.00        0.00
     0     5     1802.00     1079.00        0.00
     0     5     1798.00     1075.00        0.00
     0     5     1792.00     1073.00        0.00
     0     5     1786.00     1073.00        0.00
     0     5     1780.00     1073.00        0.00
     0     5     1774.00     1075.00        0.00
     0     5     1770.00     1079.00        0.00
     0     5     1768.00     1085.00        0.00
     0     5     1764.00     1093.00        0.00
     0     5     1762.00     1099.00        0.00
     0     5     1760.00     1105.00        0.00
     0     5     1758.00     1113.00        0.00
     0     5     1758.00     1119.00        0.00
     0     5     1754.00     1123.00        0.00
     0     5     1748.00     1125.00        0.00
     0     5     1744.00     1129.00        0.00
     0     5     1738.00     1133.00        0.00
     0     5     1732.00     1137.00        0.00
     0     5     1726.00     1141.00        0.00
     0     5     1724.00     1147.00        0.00
     0     5     1720.00     1153.00        0.00
     0     5     1718.00     1161.00        0.00
     0     5     1718.00     1167.00        0.00
     0     5     1716.00     1173.00        0.00
     0     5     1716.00     1181.00        0.00
     0     5     1716.00     1187.00        0.00
     0     5     1716.00     1193.00        0.00
     0     5     1720.00     1201.00        0.00
     0     5     1722.00     1209.00        0.00
     0     5     1724.00     1215.00        0.00
     0     5     1726.00     1221.00        0.00
     0     5     1728.00     1229.00        0.00
     0     5     1730.00     1235.00        0.00
     0     5     1734.00     1241.00        0.00
     0     5     1738.00     1249.00        0.00
     0     5     1738.00     1255.00        0.00
     0     5     1740.00     1261.00        0.00
     0     5     1742.00     1267.00        0.00
     0     5     1744.00     1273.00        0.00
     0     5     1746.00     1279.00        0.00
     0     5     1748.00     1285.00        0.00
     0     5     1750.00     1291.00        0.00
     0     5     1754.00     1297.00        0.00
     0     5     1756.00     1303.00        0.00
     0     5     1758.00     1309.00        0.00
     0     5     1760.00     1315.00        0.00
     0     5     1760.00     1321.00        0.00
     0     5     1760.00     1327.00        0.00
     0     5     1760.00     1333.00        0.00
     0     5     1760.00     1339.00        0.00
     0     5     1760.00     1345.00        0.00
     0     5     1760.00     1351.00        0.00
     0     6     1232.00     1325.00        0.00
     0     6     1250.00     1319.00        0.00
     0     6     1256.00     1319.00        0.00
     0     6     1262.00     1317.00        0.00
     0     6     1270.00     1313.00        0.00
     0     6     1276.00     1311.00        0.00
     0     6     1284.00     1309.00        0.00
     0     6     1290.00     1307.00        0.00
     0     6     1296.00     1307.00        0.00
     0     6     1302.00     1305.00        0.00
     0     6     1310.00     1305.00        0.00
     0     6     1318.00     1303.00        0.00
     0     6     1324.00     1303.00        0.00
     0     6     1330.00     1303.00        0.00
     0     6     1336.00     1301.00        0.00
     0     6     1342.00     1301.00        0.00
     0     6     1348.00     1301.00        0.00
     0     6     1354.00     1301.00        0.00
     0     6     1360.00     1299.00        0.00
     0     6     1366.00     1297.00        0.00
     0     6     1372.00     1295.00        0.00
     0     6     1384.00     1293.00        0.00
     0     6     1392.00     1293.00        0.00
     0     6     1398.00     1293.00        0.00
     0     6     1404.00     1293.00        0.00
     0     6     1410.00     1293.00        0.00
     0     6     1416.00     1293.00        0.00
     0     6     1422.00     1293.00        0.00
     0     6     1428.00     1293.00        0.00
     0     6     1434.00     1293.00        0.00
     0     6     1440.00     1293.00        0.00
     0     6     1446.00     1293.00        0.00
     0     6     1454.00     1293.00        0.00
     0     6     1462.00     1291.00        0.00
     0     6     1468.00     1289.00        0.00
     0     6     1474.00     1289.00        0.00
     0     6     1480.00     1287.00        0.00
     0     6     1486.00     1285.00        0.00
     0     6     1492.00     1283.00        0.00
     0     6     1500.00     1279.00        0.00
     0     6     1506.00     1277.00        0.00
     0     6     1512.00     1273.00        0.00
     0     6     1516.00     1267.00        0.00
     0     6     1520.00     1259.00        0.00
     0     6     1522.00     1253.00        0.00
     0     6     1524.00     1247.00        0.00
     0     6     1526.00     1241.00        0.00
     0     6     1528.00     1235.00        0.00
     0     6     1528.00     1229.00        0.00
     0     6     1526.00     1221.00        0.00
     0     6     1524.00     1215.00        0.00
     0     6     1522.00     1207.00        0.00
     0     6     1522.00     1201.00        0.00
     0     6     1524.00     1195.00        0.00
     0     6     1528.00     1189.00        0.00
     0     6     1530.00     1183.00        0.00
     0     6     1532.00     1175.00        0.00
     0     6     1532.00     1169.00        0.00
     0     6     1532.00     1163.00        0.00
     0     6     1528.00     1159.00        0.00
     0     6     1526.00     1153.00        0.00
     0     6     1520.00     1153.00        0.00
     0     6     1512.00     1153.00        0.00
     0     6     1504.00     1151.00        0.00
     0     6     1496.00     1151.00        0.00
     0     6     1490.00     1151.00        0.00
     0     6     1482.00     1149.00        0.00
     0     6     1476.00     1149.00        0.00
     0     6     1468.00     1147.00        0.00
     0     6     1462.00     1149.00        0.00
     0     6     1456.00     1153.00        0.00
     0     6     1450.00     1157.00        0.00
     0     6     1446.00     1161.00        0.00
     0     6     1440.00     1165.00        0.00
     0     6     1436.00     1169.00        0.00
     0     6     1430.00     1173.00        0.00
     0     6     1424.00     1177.00        0.00
     0     6     1418.00     1181.00        0.00
     0     6     1414.00     1185.00        0.00
     0     6     1408.00     1191.00        0.00
     0     6     1404.00     1195.00        0.00
     0     6     1400.00     1199.00        0.00
     0     6     1396.00     1205.00        0.00
     0     6     1392.00     1209.00        0.00
     0     6     1388.00     1213.00        0.00
     0     6     1384.00     1217.00        0.00
     0     6     1380.00     1223.00        0.00
     0     6     1374.00     1231.00        0.00
     0     6     1370.00     1237.00        0.00
     0     6     1364.00     1243.00        0.00
     0     6     1360.00     1249.00        0.00
     0     6     1356.00     1255.00        0.00
     0     6     1352.00     1261.00        0.00
     0     6     1348.00     1265.00        0.00
     0     6     1342.00     1269.00        0.00
     0     6     1338.00     1273.00        0.00
     0     6     1334.00     1277.00        0.00
     0     6     1330.00     1281.00        0.00
     0     6     1326.00     1285.00        0.00
     0     6     1322.00     1289.00        0.00
     0     6     1318.00     1293.00        0.00
     0     6     1312.00     1295.00        0.00
     0     6     1306.00     1297.00        0.00
     0     7      266.00      291.00        0.00
     0     7      260.00      291.00        0.00
     0     7      254.00      291.00        0.00
     0     7      248.00      291.00        0.00
     0     7      242.00      291.00        0.00
     0     7      236.00      289.00        0.00
     0     7      230.00      287.00        0.00
     0     7      224.00      287.00        0.00
     0     7      216.00      285.00        0.00
     0     7      210.00      281.00        0.00
     0     7      206.00      277.00        0.00
     0     7      204.00      269.00        0.00
     0     7      200.00      261.00        0.00
     0     7      198.00      255.00        0.00
     0     7      198.00      249.00        0.00
     0     7      194.00      243.00        0.00
     0     7      192.00      237.00        0.00
     0     7      190.00      231.00        0.00
     0     7      188.00      223.00        0.00
     0     7      186.00      217.00        0.00
     0     7      184.00      211.00        0.00
     0     7      184.00      205.00        0.00
     0     7      180.00      195.00        0.00
     0     7      178.00      189.00        0.00
     0     7      176.00      181.00        0.00
     0     7      176.00      175.00        0.00
     0     7      174.00      169.00        0.00
     0     7      174.00      161.00        0.00
     0     7      174.00      155.00        0.00
     0     7      174.00      147.00        0.00
     0     7      174.00      141.00        0.00
     0     7      174.00      135.00        0.00
     0     7      174.00      129.00        0.00
     0     7      174.00      123.00        0.00
     0     7      180.00      123.00        0.00
     0     7      184.00      129.00        0.00
     0     7      188.00      133.00        0.00
     0     7      194.00      135.00        0.00
     0     7      200.00      139.00        0.00
     0     7      206.00      139.00        0.00
     0     7      216.00      143.00        0.00
     0     7      222.00      145.00        0.00
     0     7      228.00      147.00        0.00
     0     7      236.00      149.00        0.00
     0     7      242.00      151.00        0.00
     0     7      252.00      155.00        0.00
     0     7      258.00      157.00        0.00
     0     7      264.00      159.00        0.00
     0     7      270.00      163.00        0.00
     0     7      276.00      165.00        0.00
     0     7      280.00      169.00        0.00
     0     7      284.00      173.00        0.00
     0     7      292.00      177.00        0.00
     0     7      296.00      183.00        0.00
     0     7      298.00      189.00        0.00
     0     7      302.00      195.00        0.00
     0     7      308.00      199.00        0.00
     0     7      314.00      203.00        0.00
     0     7      318.00      207.00        0.00
     0     7      320.00      213.00        0.00
     0     7      320.00      219.00        0.00
     0     7      320.00      225.00        0.00
     0     7      322.00      231.00        0.00
     0     7      324.00      237.00        0.00
     0     7      328.00      241.00        0.00
     0     7      328.00      247.00        0.00
     0     7      324.00      251.00        0.00
     0     7      320.00      255.00        0.00
     0     7      320.00      261.00        0.00
     0     7      320.00      267.00        0.00
     0     7      320.00      275.00        0.00
     0     7      320.00      281.00        0.00
     0     7      318.00      287.00        0.00
     0     7      316.00      293.00        0.00
     0     7      310.00      295.00        0.00
     0     7      304.00      295.00        0.00
     0     7      298.00      295.00        0.00
     0     7      292.00      293.00        0.00
