     0     0      448.00     1301.00        0.00
     0     0      446.00     1307.00        0.00
     0     0      450.00     1313.00        0.00
     0     0      452.00     1319.00        0.00
     0     0      456.00     1325.00        0.00
     0     0      458.00     1331.00        0.00
     0     0      460.00     1337.00        0.00
     0     0      460.00     1343.00        0.00
     0     0      460.00     1349.00        0.00
     0     0      458.00     1355.00        0.00
     0     0      456.00     1361.00        0.00
     0     0      454.00     1367.00        0.00
     0     0      450.00     1373.00        0.00
     0     0      448.00     1379.00        0.00
     0     0      442.00     1383.00        0.00
     0     0      436.00     1381.00        0.00
     0     0      428.00     1375.00        0.00
     0     0      424.00     1369.00        0.00
     0     0      420.00     1363.00        0.00
     0     0      416.00     1357.00        0.00
     0     0      412.00     1353.00        0.00
     0     0      408.00     1349.00        0.00
     0     0      402.00     1343.00        0.00
     0     0      396.00     1339.00        0.00
     0     0      392.00     1333.00        0.00
     0     0      386.00     1331.00        0.00
     0     0      382.00     1325.00        0.00
     0     0      376.00     1323.00        0.00
     0     0      372.00     1319.00        0.00
     0     0      368.00     1315.00        0.00
     0     0      364.00     1311.00        0.00
     0     0      360.00     1307.00        0.00
     0     0      356.00     1303.00        0.00
     0     0      350.00     1299.00        0.00
     0     0      344.00     1295.00        0.00
     0     0      338.00     1293.00        0.00
     0     0      332.00     1291.00        0.00
     0     0      328.00     1287.00        0.00
     0     0      326.00     1281.00        0.00
     0     0      326.00     1275.00        0.00
     0     0      326.00     1265.00        0.00
     0     0      326.00     1259.00        0.00
     0     0      326.00     1253.00        0.00
     0     0      326.00     1245.00        0.00
     0     0      326.00     1237.00        0.00
     0     0      328.00     1229.00        0.00
     0     0      328.00     1221.00        0.00
     0     0      328.00     1215.00        0.00
     0     0      328.00     1209.00        0.00
     0     0      328.00     1203.00        0.00
     0     0      328.00     1197.00        0.00
     0     0      328.00     1191.00        0.00
     0     0      328.00     1183.00        0.00
     0     0      330.00     1175.00        0.00
     0     0      332.00     1169.00        0.00
     0     0      336.00     1165.00        0.00
     0     0      340.00     1161.00        0.00
     0     0      348.00     1159.00        0.00
     0     0      352.00     1155.00        0.00
     0     0      358.00     1153.00        0.00
     0     0      364.00     1151.00        0.00
     0     0      370.00     1151.00        0.00
     0     0      376.00     1149.00        0.00
     0     0      384.00     1145.00        0.00
     0     0      392.00     1143.00        0.00
     0     0      398.00     1139.00        0.00
     0     0      404.00     1139.00        0.00
     0     0      410.00     1137.00        0.00
     0     0      416.00     1137.00        0.00
     0     0      424.00     1137.00        0.00
     0     0      430.00     1137.00        0.00
     0     0      434.00     1141.00        0.00
     0     0      438.00     1147.00        0.00
     0     0      440.00     1155.00        0.00
     0     0      442.00     1161.00        0.00
     0     0      442.00     1169.00        0.00
     0     0      444.00     1175.00        0.00
     0     0      446.00     1181.00        0.00
     0     0      448.00     1187.00        0.00
     0     0      450.00     1193.00        0.00
     0     0      454.00     1199.00        0.00
     0     0      458.00     1205.00        0.00
     0     0      460.00     1211.00        0.00
     0     0      464.00     1217.00        0.00
     0     0      468.00     1223.00        0.00
     0     0      470.00     1229.00        0.00
     0     0      472.00     1235.00        0.00
     0     0      472.00     1241.00        0.00
     0     0      472.00     1247.00        0.00
     0     0      472.00     1253.00        0.00
     0     1      812.00      807.00        0.00
     0     1      812.00      817.00        0.00
     0     1      810.00      823.00        0.00
     0     1      806.00      829.00        0.00
     0     1      804.00      835.00        0.00
     0     1      800.00      841.00        0.00
     0     1      794.00      845.00        0.00
     0     1      792.00      851.00        0.00
     0     1      786.00      853.00        0.00
     0     1      780.00      853.00        0.00
     0     1      774.00      851.00        0.00
     0     1      768.00      847.00        0.00
     0     1      764.00      841.00        0.00
     0     1      760.00      837.00        0.00
     0     1      756.00      831.00        0.00
     0     1      752.00      825.00        0.00
     0     1      748.00      819.00        0.00
     0     1      746.00      813.00        0.00
     0     1      742.00      805.00        0.00
     0     1      740.00      799.00        0.00
     0     1      736.00      791.00        0.00
     0     1      734.00      785.00        0.00
     0     1      734.00      779.00        0.00
     0     1      738.00      773.00        0.00
     0     1      744.00      769.00        0.00
     0     1      748.00      765.00        0.00
     0     1      754.00      761.00        0.00
     0     1      762.00      755.00        0.00
     0     1      768.00      751.00        0.00
     0     1      774.00      747.00        0.00
     0     1      778.00      741.00        0.00
     0     1      784.00      737.00        0.00
     0     1      790.00      733.00        0.00
     0     1      796.00      729.00        0.00
     0     1      804.00      723.00        0.00
     0     1      810.00      719.00        0.00
     0     1      816.00      717.00        0.00
     0     1      822.00      711.00        0.00
     0     1      826.00      707.00        0.00
     0     1      830.00      701.00        0.00
     0     1      836.00      697.00        0.00
     0     1      842.00      693.00        0.00
     0     1      848.00      687.00        0.00
     0     1      854.00      681.00        0.00
     0     1      862.00      677.00        0.00
     0     1      866.00      671.00        0.00
     0     1      870.00      663.00        0.00
     0     1      876.00      655.00        0.00
     0     1      880.00      651.00        0.00
     0     1      884.00      647.00        0.00
     0     1      888.00      643.00        0.00
     0     1      892.00      639.00        0.00
     0     1      898.00      635.00        0.00
     0     1      902.00      629.00        0.00
     0     1      906.00      625.00        0.00
     0     1      910.00      621.00        0.00
     0     1      914.00      617.00        0.00
     0     1      918.00      613.00        0.00
     0     1      922.00      609.00        0.00
     0     1      926.00      603.00        0.00
     0     1      930.00      597.00        0.00
     0     1      934.00      593.00        0.00
     0     1      940.00      589.00        0.00
     0     1      948.00      585.00        0.00
     0     1      954.00      581.00        0.00
     0     1      960.00      577.00        0.00
     0     1      966.00      575.00        0.00
     0     1      972.00      573.00        0.00
     0     1      978.00      573.00        0.00
     0     1      984.00      573.00        0.00
     0     1      992.00      573.00        0.00
     0     1      998.00      573.00        0.00
     0     1     1004.00      573.00        0.00
     0     1     1012.00      571.00        0.00
     0     1     1018.00      571.00        0.00
     0     1     1026.00      575.00        0.00
     0     1     1032.00      577.00        0.00
     0     1     1036.00      581.00        0.00
     0     1     1040.00      585.00        0.00
     0     1     1042.00      591.00        0.00
     0     1     1046.00      597.00        0.00
     0     1     1048.00      603.00        0.00
     0     1     1050.00      609.00        0.00
     0     1     1052.00      615.00        0.00
     0     1     1054.00      621.00        0.00
     0     1     1050.00      625.00        0.00
     0     1     1044.00      625.00        0.00
     0     1     1038.00      625.00        0.00
     0     1     1032.00      625.00        0.00
     0     1     1024.00      627.00        0.00
     0     1     1018.00      629.00        0.00
     0     1     1010.00      633.00        0.00
     0     1     1002.00      637.00        0.00
     0     1      996.00      641.00        0.00
     0     1      990.00      643.00        0.00
     0     1      984.00      643.00        0.00
     0     1      978.00      647.00        0.00
     0     1      970.00      651.00        0.00
     0     1      966.00      655.00        0.00
     0     1      960.00      659.00        0.00
     0     1      956.00      665.00        0.00
     0     1      952.00      669.00        0.00
     0     1      948.00      673.00        0.00
     0     1      944.00      679.00        0.00
     0     1      940.00      685.00        0.00
     0     1      938.00      691.00        0.00
     0     1      934.00      697.00        0.00
     0     1      928.00      703.00        0.00
     0     1      922.00      707.00        0.00
     0     1      918.00      711.00        0.00
     0     1      912.00      715.00        0.00
     0     1      906.00      717.00        0.00
     0     1      900.00      721.00        0.00
     0     1      894.00      723.00        0.00
     0     1      886.00      725.00        0.00
     0     1      880.00      727.00        0.00
     0     1      874.00      729.00        0.00
     0     1      868.00      733.00        0.00
     0     1      862.00      737.00        0.00
     0     1      858.00      741.00        0.00
     0     1      852.00      747.00        0.00
     0     1      846.00      749.00        0.00
     0     1      840.00      753.00        0.00
     0     1      834.00      755.00        0.00
     0     1      830.00      759.00        0.00
     0     1      828.00      765.00        0.00
     0     2     1168.00      679.00        0.00
     0     2     1186.00      681.00        0.00
     0     2     1192.00      681.00        0.00
     0     2     1198.00      681.00        0.00
     0     2     1204.00      681.00        0.00
     0     2     1210.00      679.00        0.00
     0     2     1216.00      675.00        0.00
     0     2     1222.00      673.00        0.00
     0     2     1228.00      673.00        0.00
     0     2     1234.00      671.00        0.00
     0     2     1240.00      671.00        0.00
     0     2     1246.00      671.00        0.00
     0     2     1254.00      671.00        0.00
     0     2     1262.00      671.00        0.00
     0     2     1268.00      671.00        0.00
     0     2     1274.00      673.00        0.00
     0     2     1280.00      675.00        0.00
     0     2     1286.00      677.00        0.00
     0     2     1292.00      679.00        0.00
     0     2     1298.00      681.00        0.00
     0     2     1306.00      683.00        0.00
     0     2     1312.00      683.00        0.00
     0     2     1320.00      683.00        0.00
     0     2     1326.00      681.00        0.00
     0     2     1332.00      679.00        0.00
     0     2     1340.00      677.00        0.00
     0     2     1348.00      677.00        0.00
     0     2     1352.00      673.00        0.00
     0     2     1360.00      671.00        0.00
     0     2     1366.00      669.00        0.00
     0     2     1372.00      667.00        0.00
     0     2     1378.00      667.00        0.00
     0     2     1388.00      665.00        0.00
     0     2     1394.00      665.00        0.00
     0     2     1402.00      665.00        0.00
     0     2     1408.00      665.00        0.00
     0     2     1416.00      667.00        0.00
     0     2     1422.00      667.00        0.00
     0     2     1428.00      667.00        0.00
     0     2     1434.00      667.00        0.00
     0     2     1440.00      667.00        0.00
     0     2     1440.00      675.00        0.00
     0     2     1436.00      679.00        0.00
     0     2     1430.00      681.00        0.00
     0     2     1422.00      685.00        0.00
     0     2     1416.00      687.00        0.00
     0     2     1410.00      689.00        0.00
     0     2     1404.00      693.00        0.00
     0     2     1396.00      695.00        0.00
     0     2     1388.00      699.00        0.00
     0     2     1382.00      703.00        0.00
     0     2     1374.00      705.00        0.00
     0     2     1366.00      709.00        0.00
     0     2     1358.00      711.00        0.00
     0     2     1352.00      715.00        0.00
     0     2     1346.00      719.00        0.00
     0     2     1340.00      723.00        0.00
     0     2     1334.00      727.00        0.00
     0     2     1330.00      733.00        0.00
     0     2     1324.00      737.00        0.00
     0     2     1320.00      741.00        0.00
     0     2     1314.00      745.00        0.00
     0     2     1310.00      749.00        0.00
     0     2     1306.00      753.00        0.00
     0     2     1302.00      757.00        0.00
     0     2     1296.00      761.00        0.00
     0     2     1290.00      765.00        0.00
     0     2     1284.00      765.00        0.00
     0     2     1278.00      767.00        0.00
     0     2     1270.00      769.00        0.00
     0     2     1264.00      769.00        0.00
     0     2     1256.00      771.00        0.00
     0     2     1250.00      769.00        0.00
     0     2     1244.00      767.00        0.00
     0     2     1238.00      767.00        0.00
     0     2     1232.00      767.00        0.00
     0     2     1226.00      767.00        0.00
     0     2     1220.00      767.00        0.00
     0     2     1214.00      769.00        0.00
     0     2     1210.00      773.00        0.00
     0     2     1202.00      775.00        0.00
     0     2     1196.00      779.00        0.00
     0     2     1188.00      781.00        0.00
     0     2     1182.00      783.00        0.00
     0     2     1176.00      787.00        0.00
     0     2     1170.00      787.00        0.00
     0     2     1162.00      789.00        0.00
     0     2     1156.00      791.00        0.00
     0     2     1150.00      793.00        0.00
     0     2     1142.00      797.00        0.00
     0     2     1136.00      799.00        0.00
     0     2     1130.00      799.00        0.00
     0     2     1124.00      799.00        0.00
     0     2     1120.00      795.00        0.00
     0     2     1118.00      789.00        0.00
     0     2     1116.00      783.00        0.00
     0     2     1112.00      779.00        0.00
     0     2     1112.00      773.00        0.00
     0     2     1112.00      767.00        0.00
     0     2     1112.00      761.00        0.00
     0     2     1112.00      755.00        0.00
     0     2     1110.00      749.00        0.00
     0     2     1110.00      743.00        0.00
     0     2     1108.00      737.00        0.00
     0     2     1108.00      731.00        0.00
     0     2     1108.00      725.00        0.00
     0     2     1110.00      719.00        0.00
     0     2     1112.00      713.00        0.00
     0     2     1116.00      705.00        0.00
     0     2     1120.00      699.00        0.00
     0     2     1124.00      695.00        0.00
     0     2     1128.00      691.00        0.00
     0     3     1222.00      925.00        0.00
     0     3     1234.00      931.00        0.00
     0     3     1238.00      935.00        0.00
     0     3     1244.00      941.00        0.00
     0     3     1252.00      945.00        0.00
     0     3     1258.00      949.00        0.00
     0     3     1266.00      953.00        0.00
     0     3     1272.00      957.00        0.00
     0     3     1278.00      961.00        0.00
     0     3     1284.00      965.00        0.00
     0     3     1292.00      969.00        0.00
     0     3     1296.00      973.00        0.00
     0     3     1302.00      979.00        0.00
     0     3     1306.00      983.00        0.00
     0     3     1312.00      989.00        0.00
     0     3     1316.00      995.00        0.00
     0     3     1320.00     1003.00        0.00
     0     3     1322.00     1009.00        0.00
     0     3     1326.00     1019.00        0.00
     0     3     1326.00     1027.00        0.00
     0     3     1326.00     1033.00        0.00
     0     3     1328.00     1039.00        0.00
     0     3     1330.00     1047.00        0.00
     0     3     1332.00     1053.00        0.00
     0     3     1334.00     1061.00        0.00
     0     3     1336.00     1067.00        0.00
     0     3     1338.00     1073.00        0.00
     0     3     1342.00     1081.00        0.00
     0     3     1346.00     1091.00        0.00
     0     3     1350.00     1101.00        0.00
     0     3     1352.00     1107.00        0.00
     0     3     1354.00     1115.00        0.00
     0     3     1354.00     1121.00        0.00
     0     3     1356.00     1129.00        0.00
     0     3     1356.00     1135.00        0.00
     0     3     1356.00     1141.00        0.00
     0     3     1356.00     1147.00        0.00
     0     3     1356.00     1153.00        0.00
     0     3     1356.00     1161.00        0.00
     0     3     1354.00     1167.00        0.00
     0     3     1350.00     1173.00        0.00
     0     3     1344.00     1173.00        0.00
     0     3     1338.00     1173.00        0.00
     0     3     1332.00     1171.00        0.00
     0     3     1326.00     1167.00        0.00
     0     3     1318.00     1163.00        0.00
     0     3     1312.00     1159.00        0.00
     0     3     1306.00     1155.00        0.00
     0     3     1300.00     1149.00        0.00
     0     3     1296.00     1143.00        0.00
     0     3     1290.00     1137.00        0.00
     0     3     1286.00     1129.00        0.00
     0     3     1280.00     1119.00        0.00
     0     3     1278.00     1113.00        0.00
     0     3     1274.00     1105.00        0.00
     0     3     1272.00     1099.00        0.00
     0     3     1268.00     1093.00        0.00
     0     3     1266.00     1087.00        0.00
     0     3     1264.00     1081.00        0.00
     0     3     1260.00     1077.00        0.00
     0     3     1258.00     1071.00        0.00
     0     3     1254.00     1063.00        0.00
     0     3     1250.00     1059.00        0.00
     0     3     1246.00     1051.00        0.00
     0     3     1244.00     1045.00        0.00
     0     3     1242.00     1039.00        0.00
     0     3     1240.00     1033.00        0.00
     0     3     1236.00     1029.00        0.00
     0     3     1234.00     1021.00        0.00
     0     3     1232.00     1013.00        0.00
     0     3     1228.00     1009.00        0.00
     0     3     1226.00     1003.00        0.00
     0     3     1224.00      997.00        0.00
     0     3     1222.00      989.00        0.00
     0     3     1222.00      983.00        0.00
     0     3     1222.00      977.00        0.00
     0     3     1222.00      971.00        0.00
     0     4      426.00      505.00        0.00
     0     4      428.00      517.00        0.00
     0     4      420.00      527.00        0.00
     0     4      418.00      533.00        0.00
     0     4      416.00      539.00        0.00
     0     4      412.00      545.00        0.00
     0     4      408.00      551.00        0.00
     0     4      406.00      557.00        0.00
     0     4      402.00      563.00        0.00
     0     4      398.00      567.00        0.00
     0     4      394.00      571.00        0.00
     0     4      392.00      577.00        0.00
     0     4      390.00      583.00        0.00
     0     4      390.00      589.00        0.00
     0     4      394.00      595.00        0.00
     0     4      396.00      601.00        0.00
     0     4      398.00      607.00        0.00
     0     4      398.00      613.00        0.00
     0     4      398.00      619.00        0.00
     0     4      400.00      625.00        0.00
     0     4      402.00      633.00        0.00
     0     4      404.00      639.00        0.00
     0     4      408.00      643.00        0.00
     0     4      410.00      649.00        0.00
     0     4      414.00      655.00        0.00
     0     4      416.00      661.00        0.00
     0     4      416.00      667.00        0.00
     0     4      418.00      673.00        0.00
     0     4      420.00      679.00        0.00
     0     4      420.00      685.00        0.00
     0     4      420.00      691.00        0.00
     0     4      418.00      697.00        0.00
     0     4      414.00      701.00        0.00
     0     4      408.00      703.00        0.00
     0     4      402.00      703.00        0.00
     0     4      396.00      703.00        0.00
     0     4      388.00      703.00        0.00
     0     4      382.00      703.00        0.00
     0     4      374.00      701.00        0.00
     0     4      368.00      699.00        0.00
     0     4      362.00      697.00        0.00
     0     4      356.00      695.00        0.00
     0     4      350.00      693.00        0.00
     0     4      342.00      689.00        0.00
     0     4      336.00      685.00        0.00
     0     4      330.00      681.00        0.00
     0     4      324.00      677.00        0.00
     0     4      318.00      675.00        0.00
     0     4      314.00      671.00        0.00
     0     4      306.00      669.00        0.00
     0     4      300.00      667.00        0.00
     0     4      294.00      663.00        0.00
     0     4      288.00      659.00        0.00
     0     4      280.00      655.00        0.00
     0     4      276.00      651.00        0.00
     0     4      272.00      647.00        0.00
     0     4      268.00      643.00        0.00
     0     4      264.00      639.00        0.00
     0     4      262.00      633.00        0.00
     0     4      262.00      627.00        0.00
     0     4      262.00      621.00        0.00
     0     4      258.00      615.00        0.00
     0     4      256.00      609.00        0.00
     0     4      252.00      605.00        0.00
     0     4      246.00      601.00        0.00
     0     4      242.00      597.00        0.00
     0     4      236.00      595.00        0.00
     0     4      230.00      593.00        0.00
     0     4      224.00      589.00        0.00
     0     4      218.00      589.00        0.00
     0     4      210.00      589.00        0.00
     0     4      204.00      587.00        0.00
     0     4      198.00      585.00        0.00
     0     4      192.00      583.00        0.00
     0     4      186.00      579.00        0.00
     0     4      190.00      575.00        0.00
     0     4      196.00      575.00        0.00
     0     4      202.00      577.00        0.00
     0     4      208.00      577.00        0.00
     0     4      214.00      579.00        0.00
     0     4      220.00      579.00        0.00
     0     4      226.00      579.00        0.00
     0     4      232.00      579.00        0.00
     0     4      238.00      579.00        0.00
     0     4      244.00      579.00        0.00
     0     4      250.00      577.00        0.00
     0     4      254.00      573.00        0.00
     0     4      260.00      569.00        0.00
     0     4      264.00      565.00        0.00
     0     4      270.00      563.00        0.00
     0     4      274.00      559.00        0.00
     0     4      280.00      557.00        0.00
     0     4      286.00      553.00        0.00
     0     4      292.00      551.00        0.00
     0     4      298.00      549.00        0.00
     0     4      304.00      547.00        0.00
     0     4      310.00      545.00        0.00
     0     4      316.00      543.00        0.00
     0     4      322.00      541.00        0.00
     0     4      328.00      539.00        0.00
     0     4      334.00      539.00        0.00
     0     4      340.00      537.00        0.00
     0     4      346.00      537.00        0.00
     0     4      352.00      535.00        0.00
     0     4      358.00      533.00        0.00
     0     4      364.00      531.00        0.00
     0     4      370.00      529.00        0.00
     0     4      376.00      527.00        0.00
     0     4      382.00      525.00        0.00
     0     4      388.00      525.00        0.00
     0     4      394.00      523.00        0.00
     0     4      400.00      521.00        0.00
     0     5      120.00      351.00        0.00
     0     5      122.00      369.00        0.00
     0     5      124.00      375.00        0.00
     0     5      124.00      381.00        0.00
     0     5      126.00      387.00        0.00
     0     5      128.00      393.00        0.00
     0     5      130.00      399.00        0.00
     0     5      134.00      403.00        0.00
     0     5      138.00      409.00        0.00
     0     5      140.00      415.00        0.00
     0     5      142.00      421.00        0.00
     0     5      142.00      429.00        0.00
     0     5      142.00      435.00        0.00
     0     5      142.00      441.00        0.00
     0     5      140.00      449.00        0.00
     0     5      140.00      455.00        0.00
     0     5      140.00      461.00        0.00
     0     5      140.00      469.00        0.00
     0     5      138.00      475.00        0.00
     0     5      138.00      481.00        0.00
     0     5      138.00      487.00        0.00
     0     5      140.00      495.00        0.00
     0     5      142.00      501.00        0.00
     0     5      144.00      509.00        0.00
     0     5      148.00      517.00        0.00
     0     5      150.00      523.00        0.00
     0     5      152.00      529.00        0.00
     0     5      156.00      537.00        0.00
     0     5      158.00      543.00        0.00
     0     5      160.00      549.00        0.00
     0     5      162.00      555.00        0.00
     0     5      164.00      561.00        0.00
     0     5      168.00      567.00        0.00
     0     5      170.00      573.00        0.00
     0     5      174.00      579.00        0.00
     0     5      178.00      585.00        0.00
     0     5      180.00      591.00        0.00
     0     5      184.00      595.00        0.00
     0     5      188.00      599.00        0.00
     0     5      192.00      605.00        0.00
     0     5      196.00      611.00        0.00
     0     5      200.00      617.00        0.00
     0     5      206.00      621.00        0.00
     0     5      212.00      627.00        0.00
     0     5      214.00      633.00        0.00
     0     5      218.00      637.00        0.00
     0     5      222.00      643.00        0.00
     0     5      226.00      649.00        0.00
     0     5      230.00      653.00        0.00
     0     5      230.00      659.00        0.00
     0     5      230.00      665.00        0.00
     0     5      226.00      669.00        0.00
     0     5      218.00      671.00        0.00
     0     5      210.00      671.00        0.00
     0     5      202.00      671.00        0.00
     0     5      194.00      673.00        0.00
     0     5      188.00      673.00        0.00
     0     5      182.00      673.00        0.00
     0     5      176.00      671.00        0.00
     0     5      168.00      669.00        0.00
     0     5      162.00      669.00        0.00
     0     5      156.00      667.00        0.00
     0     5      150.00      665.00        0.00
     0     5      142.00      661.00        0.00
     0     5      136.00      657.00        0.00
     0     5      132.00      653.00        0.00
     0     5      128.00      649.00        0.00
     0     5      124.00      645.00        0.00
     0     5      118.00      639.00        0.00
     0     5      114.00      631.00        0.00
     0     5      110.00      625.00        0.00
     0     5      106.00      621.00        0.00
     0     5      100.00      615.00        0.00
     0     5       96.00      609.00        0.00
     0     5       92.00      603.00        0.00
     0     5       88.00      599.00        0.00
     0     5       84.00      593.00        0.00
     0     5       80.00      587.00        0.00
     0     5       76.00      581.00        0.00
     0     5       74.00      575.00        0.00
     0     5       72.00      569.00        0.00
     0     5       70.00      563.00        0.00
     0     5       68.00      555.00        0.00
     0     5       64.00      547.00        0.00
     0     5       62.00      537.00        0.00
     0     5       58.00      525.00        0.00
     0     5       56.00      517.00        0.00
     0     5       56.00      507.00        0.00
     0     5       56.00      497.00        0.00
     0     5       56.00      489.00        0.00
     0     5       54.00      481.00        0.00
     0     5       54.00      473.00        0.00
     0     5       52.00      465.00        0.00
     0     5       52.00      457.00        0.00
     0     5       52.00      449.00        0.00
     0     5       52.00      441.00        0.00
     0     5       52.00      435.00        0.00
     0     5       52.00      427.00        0.00
     0     5       54.00      421.00        0.00
     0     5       56.00      415.00        0.00
     0     5       60.00      407.00        0.00
     0     5       60.00      401.00        0.00
     0     5       60.00      395.00        0.00
     0     5       62.00      389.00        0.00
     0     5       62.00      383.00        0.00
     0     5       62.00      377.00        0.00
     0     5       62.00      371.00        0.00
     0     5       62.00      365.00        0.00
     0     5       64.00      359.00        0.00
     0     5       70.00      359.00        0.00
     0     5       76.00      361.00        0.00
     0     5       82.00      361.00        0.00
     0     5       88.00      361.00        0.00
     0     6      674.00      333.00        0.00
     0     6      684.00      345.00        0.00
     0     6      686.00      351.00        0.00
     0     6      690.00      357.00        0.00
     0     6      694.00      361.00        0.00
     0     6      698.00      365.00        0.00
     0     6      702.00      371.00        0.00
     0     6      706.00      375.00        0.00
     0     6      710.00      381.00        0.00
     0     6      712.00      387.00        0.00
     0     6      712.00      393.00        0.00
     0     6      712.00      399.00        0.00
     0     6      712.00      407.00        0.00
     0     6      712.00      413.00        0.00
     0     6      712.00      419.00        0.00
     0     6      712.00      427.00        0.00
     0     6      712.00      433.00        0.00
     0     6      712.00      439.00        0.00
     0     6      714.00      447.00        0.00
     0     6      716.00      453.00        0.00
     0     6      718.00      459.00        0.00
     0     6      718.00      465.00        0.00
     0     6      718.00      471.00        0.00
     0     6      714.00      477.00        0.00
     0     6      712.00      483.00        0.00
     0     6      710.00      489.00        0.00
     0     6      706.00      495.00        0.00
     0     6      702.00      499.00        0.00
     0     6      696.00      507.00        0.00
     0     6      690.00      511.00        0.00
     0     6      684.00      517.00        0.00
     0     6      680.00      521.00        0.00
     0     6      676.00      525.00        0.00
     0     6      672.00      529.00        0.00
     0     6      666.00      533.00        0.00
     0     6      662.00      537.00        0.00
     0     6      658.00      541.00        0.00
     0     6      650.00      547.00        0.00
     0     6      644.00      551.00        0.00
     0     6      638.00      553.00        0.00
     0     6      632.00      557.00        0.00
     0     6      624.00      559.00        0.00
     0     6      618.00      561.00        0.00
     0     6      614.00      565.00        0.00
     0     6      608.00      567.00        0.00
     0     6      602.00      571.00        0.00
     0     6      596.00      573.00        0.00
     0     6      590.00      577.00        0.00
     0     6      584.00      579.00        0.00
     0     6      576.00      581.00        0.00
     0     6      568.00      583.00        0.00
     0     6      562.00      585.00        0.00
     0     6      558.00      589.00        0.00
     0     6      552.00      591.00        0.00
     0     6      548.00      587.00        0.00
     0     6      548.00      581.00        0.00
     0     6      548.00      573.00        0.00
     0     6      548.00      567.00        0.00
     0     6      550.00      559.00        0.00
     0     6      550.00      551.00        0.00
     0     6      552.00      543.00        0.00
     0     6      554.00      535.00        0.00
     0     6      554.00      529.00        0.00
     0     6      556.00      523.00        0.00
     0     6      558.00      515.00        0.00
     0     6      558.00      509.00        0.00
     0     6      558.00      503.00        0.00
     0     6      560.00      495.00        0.00
     0     6      562.00      487.00        0.00
     0     6      562.00      479.00        0.00
     0     6      564.00      471.00        0.00
     0     6      564.00      465.00        0.00
     0     6      564.00      457.00        0.00
     0     6      566.00      451.00        0.00
     0     6      566.00      445.00        0.00
     0     6      564.00      439.00        0.00
     0     6      564.00      431.00        0.00
     0     6      564.00      425.00        0.00
     0     6      564.00      419.00        0.00
     0     6      564.00      413.00        0.00
     0     6      566.00      407.00        0.00
     0     6      568.00      401.00        0.00
     0     6      572.00      395.00        0.00
     0     6      576.00      389.00        0.00
     0     6      580.00      385.00        0.00
     0     6      584.00      381.00        0.00
     0     6      588.00      377.00        0.00
     0     6      592.00      373.00        0.00
     0     6      598.00      369.00        0.00
     0     6      602.00      363.00        0.00
     0     6      606.00      359.00        0.00
     0     6      612.00      355.00        0.00
     0     6      618.00      353.00        0.00
     0     6      624.00      351.00        0.00
     0     7      656.00      757.00        0.00
     0     7      648.00      743.00        0.00
     0     7      644.00      737.00        0.00
     0     7      638.00      731.00        0.00
     0     7      632.00      725.00        0.00
     0     7      628.00      721.00        0.00
     0     7      624.00      717.00        0.00
     0     7      618.00      715.00        0.00
     0     7      610.00      711.00        0.00
     0     7      604.00      709.00        0.00
     0     7      600.00      705.00        0.00
     0     7      594.00      703.00        0.00
     0     7      588.00      699.00        0.00
     0     7      582.00      697.00        0.00
     0     7      578.00      693.00        0.00
     0     7      572.00      691.00        0.00
     0     7      566.00      691.00        0.00
     0     7      560.00      689.00        0.00
     0     7      554.00      685.00        0.00
     0     7      548.00      685.00        0.00
     0     7      542.00      683.00        0.00
     0     7      536.00      681.00        0.00
     0     7      528.00      681.00        0.00
     0     7      522.00      681.00        0.00
     0     7      514.00      681.00        0.00
     0     7      508.00      681.00        0.00
     0     7      502.00      681.00        0.00
     0     7      496.00      681.00        0.00
     0     7      490.00      681.00        0.00
     0     7      484.00      681.00        0.00
     0     7      478.00      681.00        0.00
     0     7      472.00      679.00        0.00
     0     7      466.00      677.00        0.00
     0     7      458.00      677.00        0.00
     0     7      452.00      675.00        0.00
     0     7      446.00      673.00        0.00
     0     7      438.00      669.00        0.00
     0     7      432.00      667.00        0.00
     0     7      426.00      663.00        0.00
     0     7      420.00      659.00        0.00
     0     7      416.00      655.00        0.00
     0     7      412.00      651.00        0.00
     0     7      408.00      647.00        0.00
     0     7      404.00      641.00        0.00
     0     7      410.00      639.00        0.00
     0     7      416.00      641.00        0.00
     0     7      424.00      641.00        0.00
     0     7      432.00      641.00        0.00
     0     7      440.00      641.00        0.00
     0     7      446.00      641.00        0.00
     0     7      452.00      639.00        0.00
     0     7      458.00      639.00        0.00
     0     7      466.00      637.00        0.00
     0     7      474.00      637.00        0.00
     0     7      480.00      637.00        0.00
     0     7      490.00      633.00        0.00
     0     7      494.00      629.00        0.00
     0     7      500.00      627.00        0.00
     0     7      508.00      625.00        0.00
     0     7      514.00      623.00        0.00
     0     7      520.00      621.00        0.00
     0     7      526.00      619.00        0.00
     0     7      532.00      617.00        0.00
     0     7      536.00      613.00        0.00
     0     7      542.00      611.00        0.00
     0     7      548.00      609.00        0.00
     0     7      554.00      605.00        0.00
     0     7      562.00      603.00        0.00
     0     7      570.00      599.00        0.00
     0     7      576.00      597.00        0.00
     0     7      582.00      595.00        0.00
     0     7      586.00      591.00        0.00
     0     7      592.00      589.00        0.00
     0     7      596.00      585.00        0.00
     0     7      602.00      583.00        0.00
     0     7      610.00      579.00        0.00
     0     7      614.00      575.00        0.00
     0     7      620.00      573.00        0.00
     0     7      628.00      571.00        0.00
     0     7      634.00      567.00        0.00
     0     7      640.00      565.00        0.00
     0     7      646.00      563.00        0.00
     0     7      652.00      559.00        0.00
     0     7      658.00      555.00        0.00
     0     7      664.00      551.00        0.00
     0     7      670.00      549.00        0.00
     0     7      674.00      545.00        0.00
     0     7      680.00      543.00        0.00
     0     7      684.00      539.00        0.00
     0     7      688.00      533.00        0.00
     0     7      692.00      529.00        0.00
     0     7      696.00      525.00        0.00
     0     7      700.00      519.00        0.00
     0     7      704.00      515.00        0.00
     0     7      708.00      509.00        0.00
     0     7      712.00      503.00        0.00
     0     7      714.00      497.00        0.00
     0     7      718.00      493.00        0.00
     0     7      720.00      487.00        0.00
     0     7      722.00      481.00        0.00
     0     7      724.00      475.00        0.00
     0     7      726.00      469.00        0.00
     0     7      730.00      465.00        0.00
     0     7      734.00      471.00        0.00
     0     7      732.00      477.00        0.00
     0     7      732.00      485.00        0.00
     0     7      734.00      491.00        0.00
     0     7      734.00      499.00        0.00
     0     7      736.00      505.00        0.00
     0     7      738.00      511.00        0.00
     0     7      742.00      519.00        0.00
     0     7      744.00      525.00        0.00
     0     7      748.00      531.00        0.00
     0     7      750.00      537.00        0.00
     0     7      754.00      543.00        0.00
     0     7      758.00      547.00        0.00
     0     7      762.00      553.00        0.00
     0     7      766.00      559.00        0.00
     0     7      770.00      565.00        0.00
     0     7      772.00      571.00        0.00
     0     7      774.00      577.00        0.00
     0     7      778.00      583.00        0.00
     0     7      780.00      589.00        0.00
     0     7      780.00      595.00        0.00
     0     7      782.00      601.00        0.00
     0     7      784.00      607.00        0.00
     0     7      790.00      611.00        0.00
     0     7      796.00      615.00        0.00
     0     7      802.00      617.00        0.00
     0     7      808.00      619.00        0.00
     0     7      814.00      623.00        0.00
     0     7      822.00      625.00        0.00
     0     7      826.00      629.00        0.00
     0     7      832.00      633.00        0.00
     0     7      838.00      637.00        0.00
     0     7      844.00      639.00        0.00
     0     7      848.00      643.00        0.00
     0     7      854.00      645.00        0.00
     0     7      860.00      649.00        0.00
     0     7      866.00      653.00        0.00
     0     7      864.00      659.00        0.00
     0     7      856.00      663.00        0.00
     0     7      852.00      667.00        0.00
     0     7      846.00      669.00        0.00
     0     7      840.00      673.00        0.00
     0     7      834.00      675.00        0.00
     0     7      826.00      679.00        0.00
     0     7      820.00      681.00        0.00
     0     7      812.00      685.00        0.00
     0     7      808.00      689.00        0.00
     0     7      804.00      693.00        0.00
     0     7      800.00      697.00        0.00
     0     7      796.00      701.00        0.00
     0     7      792.00      707.00        0.00
     0     7      788.00      713.00        0.00
     0     7      784.00      717.00        0.00
     0     7      780.00      721.00        0.00
     0     7      776.00      725.00        0.00
     0     7      772.00      729.00        0.00
     0     7      766.00      733.00        0.00
     0     7      760.00      737.00        0.00
     0     7      754.00      741.00        0.00
     0     7      748.00      745.00        0.00
     0     7      744.00      749.00        0.00
     0     7      740.00      753.00        0.00
     0     7      734.00      757.00        0.00
     0     7      730.00      761.00        0.00
     0     7      726.00      765.00        0.00
     0     7      722.00      769.00        0.00
     0     7      716.00      773.00        0.00
     0     7      710.00      775.00        0.00
     0     7      704.00      779.00        0.00
     0     7      698.00      781.00        0.00
     0     7      692.00      783.00        0.00
     0     7      686.00      783.00        0.00
     0     7      680.00      785.00        0.00
     0     7      674.00      787.00        0.00
     0     7      668.00      789.00        0.00
     0     7      662.00      791.00        0.00
     0     7      656.00      793.00        0.00
     0     7      650.00      791.00        0.00
     0     8     1342.00      275.00        0.00
     0     8     1362.00      277.00        0.00
     0     8     1368.00      279.00        0.00
     0     8     1376.00      283.00        0.00
     0     8     1382.00      287.00        0.00
     0     8     1388.00      291.00        0.00
     0     8     1394.00      293.00        0.00
     0     8     1400.00      297.00        0.00
     0     8     1404.00      301.00        0.00
     0     8     1410.00      305.00        0.00
     0     8     1416.00      309.00        0.00
     0     8     1420.00      313.00        0.00
     0     8     1424.00      317.00        0.00
     0     8     1430.00      319.00        0.00
     0     8     1436.00      325.00        0.00
     0     8     1438.00      331.00        0.00
     0     8     1440.00      339.00        0.00
     0     8     1440.00      345.00        0.00
     0     8     1438.00      351.00        0.00
     0     8     1432.00      355.00        0.00
     0     8     1428.00      361.00        0.00
     0     8     1424.00      365.00        0.00
     0     8     1420.00      371.00        0.00
     0     8     1416.00      377.00        0.00
     0     8     1412.00      381.00        0.00
     0     8     1406.00      387.00        0.00
     0     8     1402.00      395.00        0.00
     0     8     1396.00      399.00        0.00
     0     8     1390.00      405.00        0.00
     0     8     1384.00      409.00        0.00
     0     8     1380.00      413.00        0.00
     0     8     1374.00      415.00        0.00
     0     8     1368.00      415.00        0.00
     0     8     1362.00      415.00        0.00
     0     8     1354.00      415.00        0.00
     0     8     1348.00      415.00        0.00
     0     8     1342.00      413.00        0.00
     0     8     1336.00      411.00        0.00
     0     8     1330.00      409.00        0.00
     0     8     1324.00      405.00        0.00
     0     8     1320.00      401.00        0.00
     0     8     1314.00      397.00        0.00
     0     8     1310.00      393.00        0.00
     0     8     1304.00      389.00        0.00
     0     8     1298.00      385.00        0.00
     0     8     1294.00      381.00        0.00
     0     8     1290.00      377.00        0.00
     0     8     1286.00      373.00        0.00
     0     8     1282.00      369.00        0.00
     0     8     1278.00      363.00        0.00
     0     8     1274.00      357.00        0.00
     0     8     1272.00      349.00        0.00
     0     8     1270.00      343.00        0.00
     0     8     1270.00      337.00        0.00
     0     8     1270.00      329.00        0.00
     0     8     1270.00      321.00        0.00
     0     8     1272.00      313.00        0.00
     0     8     1274.00      307.00        0.00
     0     8     1276.00      301.00        0.00
     0     8     1280.00      295.00        0.00
     0     8     1282.00      289.00        0.00
     0     8     1286.00      285.00        0.00
     0     8     1292.00      283.00        0.00
     0     8     1296.00      279.00        0.00
     0     8     1302.00      277.00        0.00
     0     8     1308.00      277.00        0.00
     0     9     1640.00      287.00        0.00
     0     9     1648.00      303.00        0.00
     0     9     1650.00      309.00        0.00
     0     9     1654.00      315.00        0.00
     0     9     1656.00      321.00        0.00
     0     9     1660.00      329.00        0.00
     0     9     1664.00      333.00        0.00
     0     9     1666.00      339.00        0.00
     0     9     1670.00      345.00        0.00
     0     9     1674.00      349.00        0.00
     0     9     1676.00      355.00        0.00
     0     9     1680.00      359.00        0.00
     0     9     1686.00      363.00        0.00
     0     9     1696.00      367.00        0.00
     0     9     1700.00      371.00        0.00
     0     9     1706.00      375.00        0.00
     0     9     1710.00      379.00        0.00
     0     9     1716.00      383.00        0.00
     0     9     1722.00      387.00        0.00
     0     9     1730.00      389.00        0.00
     0     9     1736.00      391.00        0.00
     0     9     1744.00      393.00        0.00
     0     9     1750.00      393.00        0.00
     0     9     1756.00      395.00        0.00
     0     9     1762.00      395.00        0.00
     0     9     1768.00      397.00        0.00
     0     9     1774.00      399.00        0.00
     0     9     1776.00      405.00        0.00
     0     9     1776.00      411.00        0.00
     0     9     1770.00      417.00        0.00
     0     9     1766.00      421.00        0.00
     0     9     1762.00      427.00        0.00
     0     9     1758.00      435.00        0.00
     0     9     1758.00      441.00        0.00
     0     9     1756.00      447.00        0.00
     0     9     1754.00      455.00        0.00
     0     9     1752.00      461.00        0.00
     0     9     1750.00      467.00        0.00
     0     9     1746.00      473.00        0.00
     0     9     1740.00      479.00        0.00
     0     9     1732.00      483.00        0.00
     0     9     1726.00      485.00        0.00
     0     9     1722.00      489.00        0.00
     0     9     1718.00      495.00        0.00
     0     9     1712.00      499.00        0.00
     0     9     1706.00      505.00        0.00
     0     9     1700.00      509.00        0.00
     0     9     1694.00      511.00        0.00
     0     9     1688.00      511.00        0.00
     0     9     1682.00      507.00        0.00
     0     9     1678.00      503.00        0.00
     0     9     1674.00      499.00        0.00
     0     9     1672.00      493.00        0.00
     0     9     1668.00      487.00        0.00
     0     9     1664.00      481.00        0.00
     0     9     1660.00      477.00        0.00
     0     9     1654.00      473.00        0.00
     0     9     1648.00      469.00        0.00
     0     9     1644.00      465.00        0.00
     0     9     1640.00      461.00        0.00
     0     9     1636.00      457.00        0.00
     0     9     1632.00      453.00        0.00
     0     9     1628.00      449.00        0.00
     0     9     1624.00      445.00        0.00
     0     9     1620.00      441.00        0.00
     0     9     1616.00      437.00        0.00
     0     9     1612.00      433.00        0.00
     0     9     1608.00      425.00        0.00
     0     9     1604.00      419.00        0.00
     0     9     1600.00      415.00        0.00
     0     9     1596.00      409.00        0.00
     0     9     1588.00      405.00        0.00
     0     9     1582.00      403.00        0.00
     0     9     1574.00      403.00        0.00
     0     9     1566.00      407.00        0.00
     0     9     1560.00      407.00        0.00
     0     9     1554.00      407.00        0.00
     0     9     1548.00      405.00        0.00
     0     9     1540.00      403.00        0.00
     0     9     1534.00      399.00        0.00
     0     9     1530.00      395.00        0.00
     0     9     1526.00      391.00        0.00
     0     9     1526.00      383.00        0.00
     0     9     1526.00      377.00        0.00
     0     9     1530.00      371.00        0.00
     0     9     1534.00      367.00        0.00
     0     9     1540.00      363.00        0.00
     0     9     1544.00      359.00        0.00
     0     9     1552.00      357.00        0.00
     0     9     1558.00      353.00        0.00
     0     9     1564.00      349.00        0.00
     0     9     1566.00      343.00        0.00
     0     9     1568.00      337.00        0.00
     0     9     1568.00      329.00        0.00
     0     9     1566.00      323.00        0.00
     0     9     1566.00      315.00        0.00
     0     9     1570.00      309.00        0.00
     0     9     1576.00      307.00        0.00
     0     9     1582.00      305.00        0.00
     0     9     1588.00      305.00        0.00
     0     9     1594.00      305.00        0.00
     0     9     1602.00      305.00        0.00
     0     9     1608.00      305.00        0.00
     0     9     1614.00      303.00        0.00
     0    10     1130.00       57.00        0.00
     0    10     1142.00       71.00        0.00
     0    10     1146.00       77.00        0.00
     0    10     1150.00       83.00        0.00
     0    10     1154.00       89.00        0.00
     0    10     1158.00       93.00        0.00
     0    10     1162.00       97.00        0.00
     0    10     1166.00      101.00        0.00
     0    10     1170.00      105.00        0.00
     0    10     1174.00      111.00        0.00
     0    10     1180.00      115.00        0.00
     0    10     1184.00      119.00        0.00
     0    10     1190.00      123.00        0.00
     0    10     1196.00      129.00        0.00
     0    10     1200.00      135.00        0.00
     0    10     1204.00      139.00        0.00
     0    10     1208.00      147.00        0.00
     0    10     1208.00      153.00        0.00
     0    10     1210.00      161.00        0.00
     0    10     1210.00      167.00        0.00
     0    10     1210.00      175.00        0.00
     0    10     1210.00      181.00        0.00
     0    10     1210.00      187.00        0.00
     0    10     1210.00      193.00        0.00
     0    10     1210.00      201.00        0.00
     0    10     1210.00      209.00        0.00
     0    10     1210.00      217.00        0.00
     0    10     1212.00      223.00        0.00
     0    10     1214.00      229.00        0.00
     0    10     1220.00      237.00        0.00
     0    10     1224.00      241.00        0.00
     0    10     1228.00      249.00        0.00
     0    10     1232.00      253.00        0.00
     0    10     1234.00      259.00        0.00
     0    10     1236.00      265.00        0.00
     0    10     1238.00      271.00        0.00
     0    10     1234.00      275.00        0.00
     0    10     1226.00      277.00        0.00
     0    10     1220.00      279.00        0.00
     0    10     1214.00      281.00        0.00
     0    10     1208.00      283.00        0.00
     0    10     1202.00      287.00        0.00
     0    10     1196.00      289.00        0.00
     0    10     1190.00      291.00        0.00
     0    10     1184.00      291.00        0.00
     0    10     1178.00      291.00        0.00
     0    10     1172.00      291.00        0.00
     0    10     1166.00      291.00        0.00
     0    10     1160.00      287.00        0.00
     0    10     1156.00      283.00        0.00
     0    10     1152.00      275.00        0.00
     0    10     1146.00      267.00        0.00
     0    10     1144.00      261.00        0.00
     0    10     1142.00      255.00        0.00
     0    10     1140.00      249.00        0.00
     0    10     1138.00      243.00        0.00
     0    10     1134.00      237.00        0.00
     0    10     1132.00      231.00        0.00
     0    10     1128.00      225.00        0.00
     0    10     1126.00      219.00        0.00
     0    10     1122.00      215.00        0.00
     0    10     1118.00      211.00        0.00
     0    10     1112.00      209.00        0.00
     0    10     1108.00      205.00        0.00
     0    10     1104.00      201.00        0.00
     0    10     1098.00      199.00        0.00
     0    10     1094.00      195.00        0.00
     0    10     1088.00      193.00        0.00
     0    10     1082.00      193.00        0.00
     0    10     1076.00      193.00        0.00
     0    10     1068.00      193.00        0.00
     0    10     1062.00      193.00        0.00
     0    10     1064.00      185.00        0.00
     0    10     1068.00      177.00        0.00
     0    10     1074.00      171.00        0.00
     0    10     1078.00      165.00        0.00
     0    10     1082.00      161.00        0.00
     0    10     1086.00      155.00        0.00
     0    10     1090.00      149.00        0.00
     0    10     1094.00      143.00        0.00
     0    10     1096.00      137.00        0.00
     0    10     1098.00      131.00        0.00
     0    10     1100.00      125.00        0.00
     0    10     1100.00      119.00        0.00
     0    10     1102.00      113.00        0.00
     0    10     1104.00      107.00        0.00
     0    10     1106.00      101.00        0.00
     0    10     1108.00       95.00        0.00
     0    10     1110.00       89.00        0.00
     0    10     1110.00       83.00        0.00
     0    10     1112.00       77.00        0.00
     0    10     1114.00       71.00        0.00
     0    11      954.00      177.00        0.00
     0    11      990.00      205.00        0.00
     0    11      994.00      209.00        0.00
     0    11     1000.00      215.00        0.00
     0    11     1004.00      219.00        0.00
     0    11     1008.00      223.00        0.00
     0    11     1014.00      225.00        0.00
     0    11     1018.00      229.00        0.00
     0    11     1022.00      233.00        0.00
     0    11     1026.00      237.00        0.00
     0    11     1028.00      243.00        0.00
     0    11     1032.00      247.00        0.00
     0    11     1032.00      253.00        0.00
     0    11     1028.00      259.00        0.00
     0    11     1024.00      263.00        0.00
     0    11     1020.00      267.00        0.00
     0    11     1016.00      271.00        0.00
     0    11     1014.00      277.00        0.00
     0    11     1010.00      281.00        0.00
     0    11     1006.00      285.00        0.00
     0    11     1000.00      289.00        0.00
     0    11      992.00      291.00        0.00
     0    11      982.00      295.00        0.00
     0    11      976.00      295.00        0.00
     0    11      968.00      295.00        0.00
     0    11      962.00      295.00        0.00
     0    11      954.00      293.00        0.00
     0    11      948.00      289.00        0.00
     0    11      942.00      287.00        0.00
     0    11      934.00      285.00        0.00
     0    11      928.00      283.00        0.00
     0    11      920.00      281.00        0.00
     0    11      914.00      281.00        0.00
     0    11      906.00      279.00        0.00
     0    11      898.00      277.00        0.00
     0    11      892.00      277.00        0.00
     0    11      884.00      275.00        0.00
     0    11      880.00      271.00        0.00
     0    11      876.00      267.00        0.00
     0    11      872.00      261.00        0.00
     0    11      868.00      257.00        0.00
     0    11      868.00      251.00        0.00
     0    11      868.00      243.00        0.00
     0    11      872.00      237.00        0.00
     0    11      876.00      231.00        0.00
     0    11      880.00      225.00        0.00
     0    11      884.00      221.00        0.00
     0    11      888.00      215.00        0.00
     0    11      890.00      209.00        0.00
     0    11      892.00      203.00        0.00
     0    11      896.00      199.00        0.00
     0    11      898.00      193.00        0.00
     0    11      902.00      189.00        0.00
     0    11      908.00      185.00        0.00
     0    11      914.00      181.00        0.00
     0    11      920.00      177.00        0.00
     0    11      978.00      191.00        0.00
     0    12      818.00      359.00        0.00
     0    12      818.00      369.00        0.00
     0    12      822.00      373.00        0.00
     0    12      824.00      379.00        0.00
     0    12      828.00      385.00        0.00
     0    12      832.00      389.00        0.00
     0    12      836.00      395.00        0.00
     0    12      842.00      399.00        0.00
     0    12      850.00      399.00        0.00
     0    12      856.00      401.00        0.00
     0    12      862.00      401.00        0.00
     0    12      868.00      401.00        0.00
     0    12      874.00      401.00        0.00
     0    12      882.00      399.00        0.00
     0    12      888.00      399.00        0.00
     0    12      896.00      397.00        0.00
     0    12      902.00      397.00        0.00
     0    12      908.00      397.00        0.00
     0    12      914.00      397.00        0.00
     0    12      920.00      399.00        0.00
     0    12      926.00      401.00        0.00
     0    12      932.00      405.00        0.00
     0    12      932.00      413.00        0.00
     0    12      932.00      419.00        0.00
     0    12      928.00      423.00        0.00
     0    12      924.00      431.00        0.00
     0    12      920.00      435.00        0.00
     0    12      916.00      441.00        0.00
     0    12      910.00      445.00        0.00
     0    12      904.00      449.00        0.00
     0    12      896.00      451.00        0.00
     0    12      890.00      455.00        0.00
     0    12      884.00      457.00        0.00
     0    12      878.00      459.00        0.00
     0    12      872.00      461.00        0.00
     0    12      868.00      467.00        0.00
     0    12      864.00      473.00        0.00
     0    12      860.00      481.00        0.00
     0    12      856.00      487.00        0.00
     0    12      854.00      493.00        0.00
     0    12      852.00      499.00        0.00
     0    12      848.00      507.00        0.00
     0    12      846.00      513.00        0.00
     0    12      844.00      519.00        0.00
     0    12      840.00      523.00        0.00
     0    12      834.00      531.00        0.00
     0    12      832.00      537.00        0.00
     0    12      828.00      543.00        0.00
     0    12      826.00      549.00        0.00
     0    12      820.00      553.00        0.00
     0    12      816.00      557.00        0.00
     0    12      808.00      561.00        0.00
     0    12      804.00      565.00        0.00
     0    12      800.00      569.00        0.00
     0    12      794.00      573.00        0.00
     0    12      790.00      577.00        0.00
     0    12      784.00      577.00        0.00
     0    12      780.00      573.00        0.00
     0    12      778.00      567.00        0.00
     0    12      778.00      561.00        0.00
     0    12      776.00      555.00        0.00
     0    12      772.00      549.00        0.00
     0    12      766.00      545.00        0.00
     0    12      762.00      541.00        0.00
     0    12      758.00      537.00        0.00
     0    12      754.00      533.00        0.00
     0    12      750.00      525.00        0.00
     0    12      748.00      519.00        0.00
     0    12      746.00      513.00        0.00
     0    12      746.00      507.00        0.00
     0    12      744.00      501.00        0.00
     0    12      742.00      495.00        0.00
     0    12      742.00      489.00        0.00
     0    12      740.00      483.00        0.00
     0    12      738.00      477.00        0.00
     0    12      738.00      471.00        0.00
     0    12      738.00      465.00        0.00
     0    12      742.00      461.00        0.00
     0    12      746.00      457.00        0.00
     0    12      750.00      453.00        0.00
     0    12      754.00      449.00        0.00
     0    12      760.00      447.00        0.00
     0    12      762.00      441.00        0.00
     0    12      762.00      435.00        0.00
     0    12      762.00      429.00        0.00
     0    12      762.00      423.00        0.00
     0    12      762.00      417.00        0.00
     0    12      764.00      411.00        0.00
     0    12      766.00      405.00        0.00
     0    12      768.00      399.00        0.00
     0    12      772.00      395.00        0.00
     0    12      776.00      391.00        0.00
     0    12      780.00      385.00        0.00
     0    12      784.00      379.00        0.00
     0    12      788.00      373.00        0.00
     0    12      790.00      367.00        0.00
     0    12      794.00      363.00        0.00
     0    13      934.00       63.00        0.00
     0    13      928.00       71.00        0.00
     0    13      926.00       77.00        0.00
     0    13      922.00       81.00        0.00
     0    13      918.00       85.00        0.00
     0    13      916.00       91.00        0.00
     0    13      912.00       97.00        0.00
     0    13      910.00      103.00        0.00
     0    13      910.00      109.00        0.00
     0    13      908.00      117.00        0.00
     0    13      906.00      123.00        0.00
     0    13      906.00      129.00        0.00
     0    13      906.00      137.00        0.00
     0    13      906.00      145.00        0.00
     0    13      906.00      153.00        0.00
     0    13      906.00      159.00        0.00
     0    13      906.00      169.00        0.00
     0    13      904.00      177.00        0.00
     0    13      904.00      183.00        0.00
     0    13      900.00      189.00        0.00
     0    13      898.00      197.00        0.00
     0    13      894.00      201.00        0.00
     0    13      890.00      205.00        0.00
     0    13      886.00      209.00        0.00
     0    13      882.00      213.00        0.00
     0    13      876.00      215.00        0.00
     0    13      870.00      219.00        0.00
     0    13      864.00      223.00        0.00
     0    13      856.00      227.00        0.00
     0    13      850.00      231.00        0.00
     0    13      846.00      235.00        0.00
     0    13      842.00      239.00        0.00
     0    13      838.00      243.00        0.00
     0    13      834.00      249.00        0.00
     0    13      832.00      257.00        0.00
     0    13      830.00      263.00        0.00
     0    13      828.00      269.00        0.00
     0    13      828.00      277.00        0.00
     0    13      826.00      283.00        0.00
     0    13      824.00      291.00        0.00
     0    13      824.00      297.00        0.00
     0    13      824.00      303.00        0.00
     0    13      820.00      311.00        0.00
     0    13      820.00      317.00        0.00
     0    13      818.00      323.00        0.00
     0    13      814.00      329.00        0.00
     0    13      810.00      335.00        0.00
     0    13      808.00      341.00        0.00
     0    13      804.00      345.00        0.00
     0    13      800.00      349.00        0.00
     0    13      794.00      351.00        0.00
     0    13      788.00      355.00        0.00
     0    13      780.00      359.00        0.00
     0    13      774.00      361.00        0.00
     0    13      768.00      363.00        0.00
     0    13      762.00      365.00        0.00
     0    13      756.00      365.00        0.00
     0    13      750.00      367.00        0.00
     0    13      744.00      367.00        0.00
     0    13      740.00      363.00        0.00
     0    13      736.00      357.00        0.00
     0    13      732.00      351.00        0.00
     0    13      730.00      345.00        0.00
     0    13      730.00      339.00        0.00
     0    13      728.00      333.00        0.00
     0    13      728.00      325.00        0.00
     0    13      726.00      319.00        0.00
     0    13      726.00      309.00        0.00
     0    13      726.00      303.00        0.00
     0    13      728.00      297.00        0.00
     0    13      732.00      293.00        0.00
     0    13      736.00      287.00        0.00
     0    13      742.00      281.00        0.00
     0    13      746.00      277.00        0.00
     0    13      750.00      273.00        0.00
     0    13      754.00      269.00        0.00
     0    13      758.00      263.00        0.00
     0    13      762.00      259.00        0.00
     0    13      764.00      253.00        0.00
     0    13      768.00      249.00        0.00
     0    13      770.00      241.00        0.00
     0    13      774.00      237.00        0.00
     0    13      778.00      229.00        0.00
     0    13      780.00      223.00        0.00
     0    13      784.00      215.00        0.00
     0    13      788.00      207.00        0.00
     0    13      792.00      201.00        0.00
     0    13      796.00      193.00        0.00
     0    13      800.00      187.00        0.00
     0    13      806.00      179.00        0.00
     0    13      810.00      175.00        0.00
     0    13      816.00      169.00        0.00
     0    13      820.00      163.00        0.00
     0    13      826.00      159.00        0.00
     0    13      830.00      155.00        0.00
     0    13      836.00      153.00        0.00
     0    13      842.00      151.00        0.00
     0    13      846.00      147.00        0.00
     0    13      850.00      143.00        0.00
     0    13      854.00      139.00        0.00
     0    13      858.00      135.00        0.00
     0    13      862.00      129.00        0.00
     0    13      866.00      125.00        0.00
     0    13      868.00      117.00        0.00
     0    13      872.00      111.00        0.00
     0    13      876.00      105.00        0.00
     0    13      878.00       97.00        0.00
     0    13      882.00       93.00        0.00
     0    13      884.00       87.00        0.00
     0    13      888.00       83.00        0.00
     0    13      892.00       79.00        0.00
     0    13      896.00       75.00        0.00
     0    13      900.00       69.00        0.00
     0    13      904.00       65.00        0.00
     0    13      908.00       59.00        0.00
     0    13      914.00       57.00        0.00
     0    13      920.00       53.00        0.00
     0    13      926.00       51.00        0.00
     0    13      932.00       51.00        0.00
