     0     0      204.00      883.00        0.00
     0     0      224.00      895.00        0.00
     0     0      238.00      905.00        0.00
     0     0      242.00      909.00        0.00
     0     0      246.00      913.00        0.00
     0     0      250.00      917.00        0.00
     0     0      256.00      919.00        0.00
     0     0      262.00      921.00        0.00
     0     0      268.00      923.00        0.00
     0     0      276.00      923.00        0.00
     0     0      282.00      923.00        0.00
     0     0      288.00      925.00        0.00
     0     0      296.00      925.00        0.00
     0     0      302.00      927.00        0.00
     0     0      308.00      931.00        0.00
     0     0      312.00      935.00        0.00
     0     0      312.00      941.00        0.00
     0     0      310.00      947.00        0.00
     0     0      308.00      953.00        0.00
     0     0      306.00      959.00        0.00
     0     0      304.00      965.00        0.00
     0     0      308.00      971.00        0.00
     0     0      310.00      977.00        0.00
     0     0      312.00      983.00        0.00
     0     0      316.00      989.00        0.00
     0     0      316.00      995.00        0.00
     0     0      314.00     1001.00        0.00
     0     0      312.00     1007.00        0.00
     0     0      308.00     1013.00        0.00
     0     0      306.00     1019.00        0.00
     0     0      306.00     1029.00        0.00
     0     0      302.00     1033.00        0.00
     0     0      300.00     1039.00        0.00
     0     0      298.00     1045.00        0.00
     0     0      292.00     1047.00        0.00
     0     0      286.00     1049.00        0.00
     0     0      280.00     1049.00        0.00
     0     0      274.00     1049.00        0.00
     0     0      268.00     1049.00        0.00
     0     0      260.00     1047.00        0.00
     0     0      254.00     1047.00        0.00
     0     0      246.00     1047.00        0.00
     0     0      234.00     1047.00        0.00
     0     0      228.00     1047.00        0.00
     0     0      220.00     1045.00        0.00
     0     0      214.00     1043.00        0.00
     0     0      206.00     1039.00        0.00
     0     0      202.00     1035.00        0.00
     0     0      196.00     1031.00        0.00
     0     0      190.00     1029.00        0.00
     0     0      184.00     1025.00        0.00
     0     0      180.00     1021.00        0.00
     0     0      174.00     1017.00        0.00
     0     0      170.00     1013.00        0.00
     0     0      166.00     1007.00        0.00
     0     0      162.00     1001.00        0.00
     0     0      160.00      995.00        0.00
     0     0      160.00      987.00        0.00
     0     0      160.00      981.00        0.00
     0     0      160.00      973.00        0.00
     0     0      160.00      967.00        0.00
     0     0      160.00      959.00        0.00
     0     0      158.00      953.00        0.00
     0     0      158.00      947.00        0.00
     0     0      158.00      941.00        0.00
     0     0      158.00      935.00        0.00
     0     0      158.00      929.00        0.00
     0     0      154.00      925.00        0.00
     0     0      152.00      919.00        0.00
     0     0      152.00      913.00        0.00
     0     0      152.00      907.00        0.00
     0     0      156.00      901.00        0.00
     0     0      160.00      897.00        0.00
     0     0      166.00      897.00        0.00
     0     0      172.00      895.00        0.00
     0     0      178.00      891.00        0.00
     0     1      212.00      415.00        0.00
     0     1      230.00      425.00        0.00
     0     1      236.00      429.00        0.00
     0     1      242.00      431.00        0.00
     0     1      248.00      435.00        0.00
     0     1      254.00      437.00        0.00
     0     1      260.00      439.00        0.00
     0     1      266.00      441.00        0.00
     0     1      272.00      441.00        0.00
     0     1      278.00      441.00        0.00
     0     1      284.00      439.00        0.00
     0     1      290.00      439.00        0.00
     0     1      296.00      435.00        0.00
     0     1      304.00      435.00        0.00
     0     1      310.00      431.00        0.00
     0     1      316.00      427.00        0.00
     0     1      322.00      423.00        0.00
     0     1      328.00      421.00        0.00
     0     1      334.00      419.00        0.00
     0     1      340.00      419.00        0.00
     0     1      344.00      423.00        0.00
     0     1      348.00      427.00        0.00
     0     1      350.00      433.00        0.00
     0     1      352.00      439.00        0.00
     0     1      354.00      445.00        0.00
     0     1      356.00      451.00        0.00
     0     1      356.00      459.00        0.00
     0     1      358.00      465.00        0.00
     0     1      358.00      471.00        0.00
     0     1      360.00      477.00        0.00
     0     1      360.00      483.00        0.00
     0     1      362.00      491.00        0.00
     0     1      362.00      497.00        0.00
     0     1      358.00      503.00        0.00
     0     1      354.00      509.00        0.00
     0     1      348.00      515.00        0.00
     0     1      342.00      517.00        0.00
     0     1      338.00      521.00        0.00
     0     1      334.00      525.00        0.00
     0     1      328.00      527.00        0.00
     0     1      322.00      527.00        0.00
     0     1      314.00      527.00        0.00
     0     1      308.00      527.00        0.00
     0     1      302.00      531.00        0.00
     0     1      294.00      531.00        0.00
     0     1      288.00      533.00        0.00
     0     1      284.00      537.00        0.00
     0     1      278.00      539.00        0.00
     0     1      274.00      543.00        0.00
     0     1      270.00      547.00        0.00
     0     1      266.00      551.00        0.00
     0     1      262.00      555.00        0.00
     0     1      260.00      561.00        0.00
     0     1      254.00      563.00        0.00
     0     1      248.00      563.00        0.00
     0     1      242.00      563.00        0.00
     0     1      236.00      563.00        0.00
     0     1      230.00      563.00        0.00
     0     1      224.00      563.00        0.00
     0     1      218.00      565.00        0.00
     0     1      214.00      569.00        0.00
     0     1      208.00      569.00        0.00
     0     1      202.00      569.00        0.00
     0     1      196.00      565.00        0.00
     0     1      196.00      559.00        0.00
     0     1      196.00      553.00        0.00
     0     1      196.00      547.00        0.00
     0     1      196.00      539.00        0.00
     0     1      196.00      533.00        0.00
     0     1      198.00      525.00        0.00
     0     1      202.00      517.00        0.00
     0     1      204.00      509.00        0.00
     0     1      204.00      503.00        0.00
     0     1      204.00      497.00        0.00
     0     1      204.00      491.00        0.00
     0     1      202.00      485.00        0.00
     0     1      200.00      479.00        0.00
     0     1      200.00      473.00        0.00
     0     1      200.00      467.00        0.00
     0     1      198.00      461.00        0.00
     0     1      198.00      455.00        0.00
     0     1      198.00      449.00        0.00
     0     2      136.00      119.00        0.00
     0     2      138.00      139.00        0.00
     0     2      138.00      147.00        0.00
     0     2      138.00      153.00        0.00
     0     2      136.00      161.00        0.00
     0     2      134.00      169.00        0.00
     0     2      132.00      177.00        0.00
     0     2      132.00      183.00        0.00
     0     2      130.00      189.00        0.00
     0     2      128.00      197.00        0.00
     0     2      128.00      203.00        0.00
     0     2      128.00      211.00        0.00
     0     2      126.00      219.00        0.00
     0     2      126.00      225.00        0.00
     0     2      126.00      231.00        0.00
     0     2      126.00      237.00        0.00
     0     2      128.00      245.00        0.00
     0     2      132.00      251.00        0.00
     0     2      134.00      259.00        0.00
     0     2      138.00      265.00        0.00
     0     2      142.00      271.00        0.00
     0     2      144.00      277.00        0.00
     0     2      146.00      283.00        0.00
     0     2      148.00      289.00        0.00
     0     2      150.00      295.00        0.00
     0     2      150.00      301.00        0.00
     0     2      150.00      309.00        0.00
     0     2      152.00      315.00        0.00
     0     2      152.00      321.00        0.00
     0     2      152.00      327.00        0.00
     0     2      154.00      333.00        0.00
     0     2      158.00      343.00        0.00
     0     2      162.00      349.00        0.00
     0     2      164.00      355.00        0.00
     0     2      166.00      361.00        0.00
     0     2      168.00      367.00        0.00
     0     2      172.00      373.00        0.00
     0     2      176.00      381.00        0.00
     0     2      180.00      387.00        0.00
     0     2      180.00      393.00        0.00
     0     2      176.00      387.00        0.00
     0     2      170.00      381.00        0.00
     0     2      166.00      375.00        0.00
     0     2      160.00      371.00        0.00
     0     2      156.00      367.00        0.00
     0     2      152.00      363.00        0.00
     0     2      146.00      361.00        0.00
     0     2      140.00      359.00        0.00
     0     2      134.00      355.00        0.00
     0     2      128.00      353.00        0.00
     0     2      124.00      349.00        0.00
     0     2      120.00      355.00        0.00
     0     2      118.00      361.00        0.00
     0     2      114.00      365.00        0.00
     0     2      110.00      361.00        0.00
     0     2      108.00      355.00        0.00
     0     2      108.00      349.00        0.00
     0     2      104.00      343.00        0.00
     0     2      104.00      337.00        0.00
     0     2      102.00      331.00        0.00
     0     2      100.00      325.00        0.00
     0     2       98.00      319.00        0.00
     0     2       96.00      313.00        0.00
     0     2       92.00      309.00        0.00
     0     2       90.00      301.00        0.00
     0     2       90.00      295.00        0.00
     0     2       86.00      289.00        0.00
     0     2       86.00      283.00        0.00
     0     2       84.00      277.00        0.00
     0     2       82.00      271.00        0.00
     0     2       80.00      265.00        0.00
     0     2       76.00      259.00        0.00
     0     2       72.00      253.00        0.00
     0     2       70.00      247.00        0.00
     0     2       70.00      241.00        0.00
     0     2       70.00      235.00        0.00
     0     2       70.00      229.00        0.00
     0     2       74.00      223.00        0.00
     0     2       76.00      217.00        0.00
     0     2       78.00      209.00        0.00
     0     2       82.00      203.00        0.00
     0     2       84.00      193.00        0.00
     0     2       86.00      187.00        0.00
     0     2       88.00      179.00        0.00
     0     2       90.00      173.00        0.00
     0     2       90.00      167.00        0.00
     0     2       94.00      161.00        0.00
     0     2       96.00      155.00        0.00
     0     2      100.00      151.00        0.00
     0     3      388.00      395.00        0.00
     0     3      378.00      391.00        0.00
     0     3      374.00      385.00        0.00
     0     3      370.00      379.00        0.00
     0     3      370.00      373.00        0.00
     0     3      366.00      367.00        0.00
     0     3      360.00      361.00        0.00
     0     3      356.00      357.00        0.00
     0     3      352.00      351.00        0.00
     0     3      352.00      345.00        0.00
     0     3      352.00      337.00        0.00
     0     3      352.00      329.00        0.00
     0     3      356.00      321.00        0.00
     0     3      360.00      315.00        0.00
     0     3      366.00      313.00        0.00
     0     3      372.00      311.00        0.00
     0     3      380.00      311.00        0.00
     0     3      388.00      311.00        0.00
     0     3      394.00      313.00        0.00
     0     3      400.00      315.00        0.00
     0     3      406.00      317.00        0.00
     0     3      412.00      317.00        0.00
     0     3      418.00      317.00        0.00
     0     3      424.00      317.00        0.00
     0     3      430.00      317.00        0.00
     0     3      436.00      321.00        0.00
     0     3      442.00      323.00        0.00
     0     3      448.00      325.00        0.00
     0     3      454.00      329.00        0.00
     0     3      458.00      333.00        0.00
     0     3      464.00      335.00        0.00
     0     3      468.00      341.00        0.00
     0     3      472.00      345.00        0.00
     0     3      476.00      353.00        0.00
     0     3      478.00      359.00        0.00
     0     3      482.00      365.00        0.00
     0     3      484.00      371.00        0.00
     0     3      488.00      377.00        0.00
     0     3      492.00      381.00        0.00
     0     3      496.00      387.00        0.00
     0     3      500.00      391.00        0.00
     0     3      508.00      395.00        0.00
     0     3      512.00      399.00        0.00
     0     3      518.00      401.00        0.00
     0     3      520.00      407.00        0.00
     0     3      524.00      411.00        0.00
     0     3      528.00      415.00        0.00
     0     3      534.00      417.00        0.00
     0     3      540.00      417.00        0.00
     0     3      548.00      417.00        0.00
     0     3      556.00      417.00        0.00
     0     3      564.00      417.00        0.00
     0     3      570.00      417.00        0.00
     0     3      576.00      417.00        0.00
     0     3      582.00      415.00        0.00
     0     3      576.00      415.00        0.00
     0     3      566.00      417.00        0.00
     0     3      556.00      419.00        0.00
     0     3      548.00      421.00        0.00
     0     3      542.00      423.00        0.00
     0     3      538.00      427.00        0.00
     0     3      536.00      433.00        0.00
     0     3      536.00      439.00        0.00
     0     3      534.00      445.00        0.00
     0     3      530.00      451.00        0.00
     0     3      526.00      455.00        0.00
     0     3      520.00      459.00        0.00
     0     3      516.00      463.00        0.00
     0     3      516.00      471.00        0.00
     0     3      516.00      477.00        0.00
     0     3      520.00      481.00        0.00
     0     3      522.00      487.00        0.00
     0     3      524.00      493.00        0.00
     0     3      524.00      499.00        0.00
     0     3      522.00      505.00        0.00
     0     3      520.00      511.00        0.00
     0     3      520.00      517.00        0.00
     0     3      516.00      521.00        0.00
     0     3      510.00      517.00        0.00
     0     3      504.00      517.00        0.00
     0     3      500.00      521.00        0.00
     0     3      496.00      525.00        0.00
     0     3      492.00      531.00        0.00
     0     3      490.00      537.00        0.00
     0     3      490.00      543.00        0.00
     0     3      488.00      551.00        0.00
     0     3      486.00      559.00        0.00
     0     3      484.00      567.00        0.00
     0     3      484.00      573.00        0.00
     0     3      482.00      579.00        0.00
     0     3      480.00      585.00        0.00
     0     3      478.00      591.00        0.00
     0     3      478.00      597.00        0.00
     0     3      476.00      603.00        0.00
     0     3      474.00      609.00        0.00
     0     3      470.00      615.00        0.00
     0     3      466.00      621.00        0.00
     0     3      464.00      627.00        0.00
     0     3      462.00      633.00        0.00
     0     3      462.00      639.00        0.00
     0     3      460.00      645.00        0.00
     0     3      460.00      651.00        0.00
     0     3      460.00      657.00        0.00
     0     3      456.00      661.00        0.00
     0     3      448.00      663.00        0.00
     0     3      442.00      665.00        0.00
     0     3      436.00      665.00        0.00
     0     3      430.00      665.00        0.00
     0     3      426.00      661.00        0.00
     0     3      424.00      655.00        0.00
     0     3      424.00      649.00        0.00
     0     3      424.00      641.00        0.00
     0     3      426.00      633.00        0.00
     0     3      426.00      625.00        0.00
     0     3      428.00      619.00        0.00
     0     3      428.00      613.00        0.00
     0     3      428.00      607.00        0.00
     0     3      428.00      601.00        0.00
     0     3      428.00      595.00        0.00
     0     3      428.00      589.00        0.00
     0     3      430.00      581.00        0.00
     0     3      432.00      573.00        0.00
     0     3      434.00      565.00        0.00
     0     3      438.00      559.00        0.00
     0     3      440.00      551.00        0.00
     0     3      440.00      545.00        0.00
     0     3      440.00      537.00        0.00
     0     3      440.00      529.00        0.00
     0     3      440.00      523.00        0.00
     0     3      440.00      513.00        0.00
     0     3      440.00      503.00        0.00
     0     3      440.00      497.00        0.00
     0     3      442.00      487.00        0.00
     0     3      442.00      481.00        0.00
     0     3      442.00      475.00        0.00
     0     3      442.00      469.00        0.00
     0     3      440.00      463.00        0.00
     0     3      438.00      455.00        0.00
     0     3      436.00      449.00        0.00
     0     3      434.00      443.00        0.00
     0     3      432.00      437.00        0.00
     0     3      430.00      431.00        0.00
     0     3      428.00      425.00        0.00
     0     3      428.00      419.00        0.00
     0     3      426.00      413.00        0.00
     0     4      526.00      523.00        0.00
     0     4      528.00      537.00        0.00
     0     4      532.00      545.00        0.00
     0     4      534.00      553.00        0.00
     0     4      536.00      559.00        0.00
     0     4      538.00      565.00        0.00
     0     4      540.00      571.00        0.00
     0     4      544.00      577.00        0.00
     0     4      550.00      581.00        0.00
     0     4      556.00      581.00        0.00
     0     4      562.00      581.00        0.00
     0     4      570.00      585.00        0.00
     0     4      576.00      591.00        0.00
     0     4      582.00      595.00        0.00
     0     4      588.00      597.00        0.00
     0     4      592.00      601.00        0.00
     0     4      598.00      605.00        0.00
     0     4      602.00      609.00        0.00
     0     4      608.00      611.00        0.00
     0     4      612.00      617.00        0.00
     0     4      616.00      621.00        0.00
     0     4      620.00      629.00        0.00
     0     4      624.00      637.00        0.00
     0     4      624.00      645.00        0.00
     0     4      624.00      651.00        0.00
     0     4      626.00      657.00        0.00
     0     4      626.00      665.00        0.00
     0     4      626.00      673.00        0.00
     0     4      628.00      681.00        0.00
     0     4      628.00      689.00        0.00
     0     4      628.00      695.00        0.00
     0     4      628.00      701.00        0.00
     0     4      624.00      707.00        0.00
     0     4      620.00      713.00        0.00
     0     4      614.00      719.00        0.00
     0     4      610.00      725.00        0.00
     0     4      604.00      729.00        0.00
     0     4      600.00      733.00        0.00
     0     4      594.00      735.00        0.00
     0     4      586.00      735.00        0.00
     0     4      580.00      735.00        0.00
     0     4      572.00      735.00        0.00
     0     4      564.00      735.00        0.00
     0     4      558.00      731.00        0.00
     0     4      552.00      727.00        0.00
     0     4      546.00      725.00        0.00
     0     4      540.00      723.00        0.00
     0     4      536.00      717.00        0.00
     0     4      532.00      713.00        0.00
     0     4      526.00      707.00        0.00
     0     4      522.00      703.00        0.00
     0     4      518.00      695.00        0.00
     0     4      512.00      691.00        0.00
     0     4      504.00      689.00        0.00
     0     4      498.00      687.00        0.00
     0     4      492.00      687.00        0.00
     0     4      486.00      685.00        0.00
     0     4      480.00      681.00        0.00
     0     4      478.00      675.00        0.00
     0     4      478.00      669.00        0.00
     0     4      480.00      663.00        0.00
     0     4      484.00      659.00        0.00
     0     4      488.00      655.00        0.00
     0     4      492.00      649.00        0.00
     0     4      498.00      645.00        0.00
     0     4      502.00      641.00        0.00
     0     4      506.00      637.00        0.00
     0     4      512.00      633.00        0.00
     0     4      518.00      627.00        0.00
     0     4      524.00      623.00        0.00
     0     4      526.00      617.00        0.00
     0     4      528.00      611.00        0.00
     0     4      528.00      605.00        0.00
     0     4      528.00      599.00        0.00
     0     4      530.00      593.00        0.00
     0     4      532.00      587.00        0.00
     0     4      536.00      581.00        0.00
     0     5      640.00      723.00        0.00
     0     5      652.00      733.00        0.00
     0     5      656.00      739.00        0.00
     0     5      664.00      743.00        0.00
     0     5      668.00      747.00        0.00
     0     5      676.00      751.00        0.00
     0     5      684.00      755.00        0.00
     0     5      690.00      757.00        0.00
     0     5      696.00      763.00        0.00
     0     5      700.00      767.00        0.00
     0     5      702.00      773.00        0.00
     0     5      702.00      779.00        0.00
     0     5      700.00      785.00        0.00
     0     5      696.00      791.00        0.00
     0     5      690.00      797.00        0.00
     0     5      682.00      801.00        0.00
     0     5      674.00      805.00        0.00
     0     5      668.00      813.00        0.00
     0     5      660.00      819.00        0.00
     0     5      656.00      825.00        0.00
     0     5      648.00      831.00        0.00
     0     5      636.00      837.00        0.00
     0     5      630.00      843.00        0.00
     0     5      624.00      847.00        0.00
     0     5      616.00      853.00        0.00
     0     5      610.00      857.00        0.00
     0     5      604.00      863.00        0.00
     0     5      600.00      867.00        0.00
     0     5      596.00      873.00        0.00
     0     5      590.00      879.00        0.00
     0     5      586.00      885.00        0.00
     0     5      582.00      891.00        0.00
     0     5      580.00      897.00        0.00
     0     5      578.00      907.00        0.00
     0     5      576.00      913.00        0.00
     0     5      572.00      919.00        0.00
     0     5      568.00      923.00        0.00
     0     5      564.00      929.00        0.00
     0     5      560.00      933.00        0.00
     0     5      554.00      937.00        0.00
     0     5      548.00      937.00        0.00
     0     5      542.00      939.00        0.00
     0     5      536.00      939.00        0.00
     0     5      530.00      941.00        0.00
     0     5      522.00      939.00        0.00
     0     5      514.00      937.00        0.00
     0     5      508.00      935.00        0.00
     0     5      502.00      933.00        0.00
     0     5      496.00      931.00        0.00
     0     5      492.00      927.00        0.00
     0     5      488.00      919.00        0.00
     0     5      484.00      913.00        0.00
     0     5      482.00      905.00        0.00
     0     5      478.00      901.00        0.00
     0     5      472.00      895.00        0.00
     0     5      468.00      883.00        0.00
     0     5      466.00      877.00        0.00
     0     5      466.00      869.00        0.00
     0     5      464.00      859.00        0.00
     0     5      464.00      853.00        0.00
     0     5      464.00      847.00        0.00
     0     5      464.00      841.00        0.00
     0     5      466.00      833.00        0.00
     0     5      468.00      827.00        0.00
     0     5      468.00      821.00        0.00
     0     5      474.00      817.00        0.00
     0     5      478.00      813.00        0.00
     0     5      484.00      811.00        0.00
     0     5      490.00      807.00        0.00
     0     5      496.00      805.00        0.00
     0     5      500.00      801.00        0.00
     0     5      508.00      797.00        0.00
     0     5      514.00      793.00        0.00
     0     5      520.00      791.00        0.00
     0     5      524.00      787.00        0.00
     0     5      528.00      781.00        0.00
     0     5      532.00      777.00        0.00
     0     5      538.00      775.00        0.00
     0     5      542.00      769.00        0.00
     0     5      548.00      765.00        0.00
     0     5      552.00      761.00        0.00
     0     5      556.00      757.00        0.00
     0     5      560.00      753.00        0.00
     0     5      566.00      749.00        0.00
     0     5      572.00      743.00        0.00
     0     5      576.00      739.00        0.00
     0     5      582.00      737.00        0.00
     0     5      586.00      733.00        0.00
     0     5      590.00      729.00        0.00
     0     5      596.00      727.00        0.00
     0     5      604.00      723.00        0.00
     0     5      610.00      721.00        0.00
     0     5      616.00      721.00        0.00
     0     6      544.00      947.00        0.00
     0     6      544.00      967.00        0.00
     0     6      542.00      977.00        0.00
     0     6      542.00      983.00        0.00
     0     6      544.00      989.00        0.00
     0     6      546.00      995.00        0.00
     0     6      550.00     1003.00        0.00
     0     6      554.00     1011.00        0.00
     0     6      556.00     1019.00        0.00
     0     6      562.00     1025.00        0.00
     0     6      566.00     1029.00        0.00
     0     6      572.00     1035.00        0.00
     0     6      578.00     1039.00        0.00
     0     6      582.00     1043.00        0.00
     0     6      586.00     1047.00        0.00
     0     6      590.00     1051.00        0.00
     0     6      594.00     1055.00        0.00
     0     6      594.00     1061.00        0.00
     0     6      596.00     1067.00        0.00
     0     6      596.00     1073.00        0.00
     0     6      596.00     1079.00        0.00
     0     6      594.00     1085.00        0.00
     0     6      590.00     1091.00        0.00
     0     6      586.00     1095.00        0.00
     0     6      580.00     1095.00        0.00
     0     6      574.00     1099.00        0.00
     0     6      564.00     1101.00        0.00
     0     6      558.00     1101.00        0.00
     0     6      550.00     1103.00        0.00
     0     6      542.00     1103.00        0.00
     0     6      536.00     1103.00        0.00
     0     6      530.00     1103.00        0.00
     0     6      524.00     1101.00        0.00
     0     6      520.00     1095.00        0.00
     0     6      516.00     1089.00        0.00
     0     6      514.00     1083.00        0.00
     0     6      514.00     1077.00        0.00
     0     6      514.00     1067.00        0.00
     0     6      514.00     1057.00        0.00
     0     6      514.00     1047.00        0.00
     0     6      514.00     1039.00        0.00
     0     6      514.00     1029.00        0.00
     0     6      514.00     1021.00        0.00
     0     6      514.00     1013.00        0.00
     0     6      516.00     1003.00        0.00
     0     6      516.00      995.00        0.00
     0     6      518.00      989.00        0.00
     0     6      518.00      981.00        0.00
     0     6      520.00      975.00        0.00
     0     6      522.00      969.00        0.00
     0     6      522.00      963.00        0.00
     0     6      524.00      957.00        0.00
     0     6      524.00      951.00        0.00
     0     7      504.00     1293.00        0.00
     0     7      498.00     1307.00        0.00
     0     7      496.00     1313.00        0.00
     0     7      492.00     1319.00        0.00
     0     7      486.00     1323.00        0.00
     0     7      480.00     1325.00        0.00
     0     7      468.00     1323.00        0.00
     0     7      460.00     1321.00        0.00
     0     7      452.00     1319.00        0.00
     0     7      442.00     1315.00        0.00
     0     7      436.00     1313.00        0.00
     0     7      432.00     1309.00        0.00
     0     7      428.00     1305.00        0.00
     0     7      424.00     1301.00        0.00
     0     7      420.00     1293.00        0.00
     0     7      418.00     1285.00        0.00
     0     7      416.00     1277.00        0.00
     0     7      416.00     1269.00        0.00
     0     7      416.00     1261.00        0.00
     0     7      414.00     1253.00        0.00
     0     7      412.00     1245.00        0.00
     0     7      410.00     1235.00        0.00
     0     7      408.00     1229.00        0.00
     0     7      406.00     1217.00        0.00
     0     7      404.00     1209.00        0.00
     0     7      404.00     1201.00        0.00
     0     7      402.00     1189.00        0.00
     0     7      402.00     1181.00        0.00
     0     7      402.00     1167.00        0.00
     0     7      400.00     1157.00        0.00
     0     7      398.00     1147.00        0.00
     0     7      396.00     1139.00        0.00
     0     7      396.00     1133.00        0.00
     0     7      396.00     1127.00        0.00
     0     7      396.00     1121.00        0.00
     0     7      402.00     1121.00        0.00
     0     7      410.00     1129.00        0.00
     0     7      416.00     1137.00        0.00
     0     7      420.00     1143.00        0.00
     0     7      424.00     1149.00        0.00
     0     7      430.00     1157.00        0.00
     0     7      436.00     1161.00        0.00
     0     7      442.00     1163.00        0.00
     0     7      448.00     1167.00        0.00
     0     7      452.00     1171.00        0.00
     0     7      458.00     1177.00        0.00
     0     7      460.00     1183.00        0.00
     0     7      464.00     1189.00        0.00
     0     7      468.00     1197.00        0.00
     0     7      472.00     1203.00        0.00
     0     7      480.00     1207.00        0.00
     0     7      488.00     1209.00        0.00
     0     7      496.00     1211.00        0.00
     0     7      504.00     1209.00        0.00
     0     7      512.00     1207.00        0.00
     0     7      524.00     1207.00        0.00
     0     7      532.00     1207.00        0.00
     0     7      538.00     1203.00        0.00
     0     7      544.00     1201.00        0.00
     0     7      552.00     1201.00        0.00
     0     7      558.00     1203.00        0.00
     0     7      562.00     1209.00        0.00
     0     7      564.00     1215.00        0.00
     0     7      564.00     1221.00        0.00
     0     7      558.00     1225.00        0.00
     0     7      552.00     1227.00        0.00
     0     7      548.00     1231.00        0.00
     0     7      544.00     1235.00        0.00
     0     8      972.00      749.00        0.00
     0     8      972.00      755.00        0.00
     0     8      968.00      761.00        0.00
     0     8      968.00      767.00        0.00
     0     8      968.00      773.00        0.00
     0     8      972.00      777.00        0.00
     0     8      980.00      779.00        0.00
     0     8      986.00      781.00        0.00
     0     8      994.00      783.00        0.00
     0     8     1000.00      785.00        0.00
     0     8     1006.00      789.00        0.00
     0     8     1012.00      791.00        0.00
     0     8     1016.00      795.00        0.00
     0     8     1022.00      799.00        0.00
     0     8     1026.00      805.00        0.00
     0     8     1030.00      809.00        0.00
     0     8     1032.00      815.00        0.00
     0     8     1036.00      819.00        0.00
     0     8     1040.00      823.00        0.00
     0     8     1044.00      827.00        0.00
     0     8     1048.00      831.00        0.00
     0     8     1050.00      837.00        0.00
     0     8     1054.00      841.00        0.00
     0     8     1058.00      849.00        0.00
     0     8     1062.00      857.00        0.00
     0     8     1064.00      863.00        0.00
     0     8     1068.00      871.00        0.00
     0     8     1072.00      879.00        0.00
     0     8     1074.00      885.00        0.00
     0     8     1076.00      891.00        0.00
     0     8     1076.00      897.00        0.00
     0     8     1076.00      903.00        0.00
     0     8     1078.00      911.00        0.00
     0     8     1086.00      915.00        0.00
     0     8     1092.00      919.00        0.00
     0     8     1100.00      921.00        0.00
     0     8     1106.00      921.00        0.00
     0     8     1114.00      921.00        0.00
     0     8     1122.00      915.00        0.00
     0     8     1128.00      913.00        0.00
     0     8     1136.00      909.00        0.00
     0     8     1138.00      903.00        0.00
     0     8     1140.00      895.00        0.00
     0     8     1142.00      889.00        0.00
     0     8     1144.00      883.00        0.00
     0     8     1144.00      875.00        0.00
     0     8     1140.00      865.00        0.00
     0     8     1136.00      859.00        0.00
     0     8     1132.00      853.00        0.00
     0     8     1128.00      847.00        0.00
     0     8     1126.00      841.00        0.00
     0     8     1120.00      837.00        0.00
     0     8     1114.00      831.00        0.00
     0     8     1108.00      825.00        0.00
     0     8     1104.00      821.00        0.00
     0     8     1098.00      817.00        0.00
     0     8     1094.00      811.00        0.00
     0     8     1090.00      807.00        0.00
     0     8     1086.00      803.00        0.00
     0     8     1078.00      801.00        0.00
     0     8     1072.00      799.00        0.00
     0     8     1066.00      797.00        0.00
     0     8     1058.00      797.00        0.00
     0     8     1052.00      795.00        0.00
     0     8     1046.00      795.00        0.00
     0     8     1040.00      791.00        0.00
     0     8     1034.00      787.00        0.00
     0     8     1028.00      783.00        0.00
     0     8     1022.00      779.00        0.00
     0     8     1016.00      777.00        0.00
     0     8     1012.00      773.00        0.00
     0     9     1844.00      739.00        0.00
     0     9     1830.00      735.00        0.00
     0     9     1824.00      731.00        0.00
     0     9     1814.00      725.00        0.00
     0     9     1808.00      721.00        0.00
     0     9     1804.00      717.00        0.00
     0     9     1798.00      711.00        0.00
     0     9     1794.00      707.00        0.00
     0     9     1788.00      703.00        0.00
     0     9     1784.00      699.00        0.00
     0     9     1780.00      695.00        0.00
     0     9     1774.00      693.00        0.00
     0     9     1768.00      687.00        0.00
     0     9     1762.00      683.00        0.00
     0     9     1756.00      681.00        0.00
     0     9     1750.00      679.00        0.00
     0     9     1744.00      677.00        0.00
     0     9     1736.00      675.00        0.00
     0     9     1730.00      673.00        0.00
     0     9     1722.00      671.00        0.00
     0     9     1714.00      669.00        0.00
     0     9     1708.00      667.00        0.00
     0     9     1702.00      667.00        0.00
     0     9     1696.00      665.00        0.00
     0     9     1690.00      663.00        0.00
     0     9     1684.00      661.00        0.00
     0     9     1678.00      661.00        0.00
     0     9     1670.00      661.00        0.00
     0     9     1664.00      659.00        0.00
     0     9     1658.00      659.00        0.00
     0     9     1656.00      653.00        0.00
     0     9     1660.00      647.00        0.00
     0     9     1664.00      641.00        0.00
     0     9     1668.00      637.00        0.00
     0     9     1672.00      631.00        0.00
     0     9     1674.00      625.00        0.00
     0     9     1680.00      621.00        0.00
     0     9     1684.00      617.00        0.00
     0     9     1686.00      609.00        0.00
     0     9     1690.00      605.00        0.00
     0     9     1694.00      601.00        0.00
     0     9     1698.00      595.00        0.00
     0     9     1704.00      589.00        0.00
     0     9     1708.00      585.00        0.00
     0     9     1712.00      581.00        0.00
     0     9     1716.00      577.00        0.00
     0     9     1720.00      571.00        0.00
     0     9     1722.00      565.00        0.00
     0     9     1726.00      561.00        0.00
     0     9     1730.00      557.00        0.00
     0     9     1734.00      553.00        0.00
     0     9     1738.00      549.00        0.00
     0     9     1744.00      547.00        0.00
     0     9     1752.00      545.00        0.00
     0     9     1758.00      541.00        0.00
     0     9     1766.00      539.00        0.00
     0     9     1776.00      535.00        0.00
     0     9     1782.00      531.00        0.00
     0     9     1788.00      527.00        0.00
     0     9     1794.00      527.00        0.00
     0     9     1800.00      525.00        0.00
     0     9     1808.00      523.00        0.00
     0     9     1814.00      521.00        0.00
     0     9     1822.00      521.00        0.00
     0     9     1828.00      523.00        0.00
     0     9     1836.00      525.00        0.00
     0     9     1844.00      527.00        0.00
     0     9     1848.00      531.00        0.00
     0     9     1852.00      535.00        0.00
     0     9     1858.00      539.00        0.00
     0     9     1864.00      545.00        0.00
     0     9     1868.00      551.00        0.00
     0     9     1870.00      557.00        0.00
     0     9     1874.00      565.00        0.00
     0     9     1878.00      571.00        0.00
     0     9     1880.00      581.00        0.00
     0     9     1880.00      587.00        0.00
     0     9     1880.00      593.00        0.00
     0     9     1880.00      599.00        0.00
     0     9     1880.00      607.00        0.00
     0     9     1876.00      613.00        0.00
     0     9     1872.00      617.00        0.00
     0     9     1870.00      625.00        0.00
     0     9     1866.00      629.00        0.00
     0     9     1864.00      635.00        0.00
     0     9     1858.00      639.00        0.00
     0     9     1854.00      643.00        0.00
     0     9     1852.00      649.00        0.00
     0     9     1848.00      653.00        0.00
     0     9     1848.00      659.00        0.00
     0     9     1846.00      665.00        0.00
     0     9     1844.00      671.00        0.00
     0     9     1842.00      677.00        0.00
     0     9     1840.00      683.00        0.00
     0    10     1604.00      567.00        0.00
     0    10     1612.00      573.00        0.00
     0    10     1620.00      575.00        0.00
     0    10     1626.00      575.00        0.00
     0    10     1632.00      575.00        0.00
     0    10     1640.00      573.00        0.00
     0    10     1648.00      573.00        0.00
     0    10     1654.00      571.00        0.00
     0    10     1662.00      569.00        0.00
     0    10     1668.00      567.00        0.00
     0    10     1676.00      565.00        0.00
     0    10     1682.00      563.00        0.00
     0    10     1688.00      561.00        0.00
     0    10     1692.00      557.00        0.00
     0    10     1696.00      553.00        0.00
     0    10     1702.00      549.00        0.00
     0    10     1706.00      545.00        0.00
     0    10     1712.00      541.00        0.00
     0    10     1716.00      537.00        0.00
     0    10     1722.00      535.00        0.00
     0    10     1728.00      533.00        0.00
     0    10     1734.00      533.00        0.00
     0    10     1740.00      533.00        0.00
     0    10     1740.00      539.00        0.00
     0    10     1738.00      545.00        0.00
     0    10     1734.00      551.00        0.00
     0    10     1730.00      555.00        0.00
     0    10     1724.00      561.00        0.00
     0    10     1720.00      567.00        0.00
     0    10     1716.00      571.00        0.00
     0    10     1712.00      575.00        0.00
     0    10     1708.00      579.00        0.00
     0    10     1704.00      585.00        0.00
     0    10     1700.00      589.00        0.00
     0    10     1696.00      593.00        0.00
     0    10     1692.00      599.00        0.00
     0    10     1688.00      603.00        0.00
     0    10     1684.00      609.00        0.00
     0    10     1680.00      615.00        0.00
     0    10     1676.00      623.00        0.00
     0    10     1674.00      631.00        0.00
     0    10     1670.00      637.00        0.00
     0    10     1668.00      643.00        0.00
     0    10     1664.00      649.00        0.00
     0    10     1660.00      653.00        0.00
     0    10     1654.00      657.00        0.00
     0    10     1648.00      663.00        0.00
     0    10     1644.00      667.00        0.00
     0    10     1638.00      671.00        0.00
     0    10     1634.00      675.00        0.00
     0    10     1628.00      679.00        0.00
     0    10     1622.00      681.00        0.00
     0    10     1618.00      685.00        0.00
     0    10     1612.00      687.00        0.00
     0    10     1604.00      691.00        0.00
     0    10     1598.00      695.00        0.00
     0    10     1592.00      699.00        0.00
     0    10     1586.00      703.00        0.00
     0    10     1582.00      707.00        0.00
     0    10     1578.00      713.00        0.00
     0    10     1570.00      717.00        0.00
     0    10     1568.00      723.00        0.00
     0    10     1564.00      727.00        0.00
     0    10     1558.00      731.00        0.00
     0    10     1554.00      735.00        0.00
     0    10     1550.00      739.00        0.00
     0    10     1544.00      743.00        0.00
     0    10     1538.00      747.00        0.00
     0    10     1532.00      751.00        0.00
     0    10     1526.00      755.00        0.00
     0    10     1522.00      759.00        0.00
     0    10     1518.00      763.00        0.00
     0    10     1514.00      767.00        0.00
     0    10     1512.00      773.00        0.00
     0    10     1508.00      779.00        0.00
     0    10     1504.00      785.00        0.00
     0    10     1500.00      791.00        0.00
     0    10     1498.00      797.00        0.00
     0    10     1494.00      801.00        0.00
     0    10     1492.00      807.00        0.00
     0    10     1488.00      811.00        0.00
     0    10     1490.00      805.00        0.00
     0    10     1492.00      799.00        0.00
     0    10     1496.00      793.00        0.00
     0    10     1502.00      787.00        0.00
     0    10     1506.00      783.00        0.00
     0    10     1510.00      777.00        0.00
     0    10     1514.00      769.00        0.00
     0    10     1518.00      763.00        0.00
     0    10     1520.00      757.00        0.00
     0    10     1524.00      749.00        0.00
     0    10     1526.00      743.00        0.00
     0    10     1528.00      737.00        0.00
     0    10     1532.00      733.00        0.00
     0    10     1536.00      725.00        0.00
     0    10     1538.00      719.00        0.00
     0    10     1540.00      711.00        0.00
     0    10     1544.00      705.00        0.00
     0    10     1546.00      699.00        0.00
     0    10     1548.00      693.00        0.00
     0    10     1552.00      687.00        0.00
     0    10     1556.00      681.00        0.00
     0    10     1560.00      677.00        0.00
     0    10     1564.00      671.00        0.00
     0    10     1568.00      665.00        0.00
     0    10     1572.00      659.00        0.00
     0    10     1576.00      653.00        0.00
     0    10     1580.00      647.00        0.00
     0    10     1582.00      641.00        0.00
     0    10     1586.00      635.00        0.00
     0    10     1590.00      631.00        0.00
     0    10     1592.00      625.00        0.00
     0    10     1596.00      621.00        0.00
     0    10     1598.00      615.00        0.00
     0    10     1600.00      609.00        0.00
     0    10     1600.00      603.00        0.00
     0    10     1592.00      599.00        0.00
     0    10     1586.00      599.00        0.00
     0    10     1576.00      599.00        0.00
     0    10     1570.00      599.00        0.00
     0    10     1564.00      599.00        0.00
     0    10     1558.00      599.00        0.00
     0    10     1550.00      599.00        0.00
     0    10     1544.00      599.00        0.00
     0    10     1538.00      597.00        0.00
     0    10     1538.00      589.00        0.00
     0    10     1542.00      583.00        0.00
     0    10     1548.00      579.00        0.00
     0    11     1490.00      579.00        0.00
     0    11     1478.00      583.00        0.00
     0    11     1476.00      589.00        0.00
     0    11     1474.00      595.00        0.00
     0    11     1468.00      595.00        0.00
     0    11     1460.00      591.00        0.00
     0    11     1454.00      589.00        0.00
     0    11     1450.00      585.00        0.00
     0    11     1444.00      583.00        0.00
     0    11     1438.00      581.00        0.00
     0    11     1432.00      579.00        0.00
     0    11     1426.00      575.00        0.00
     0    11     1420.00      573.00        0.00
     0    11     1414.00      573.00        0.00
     0    11     1408.00      571.00        0.00
     0    11     1404.00      567.00        0.00
     0    11     1398.00      563.00        0.00
     0    11     1396.00      557.00        0.00
     0    11     1392.00      551.00        0.00
     0    11     1390.00      545.00        0.00
     0    11     1390.00      539.00        0.00
     0    11     1390.00      527.00        0.00
     0    11     1390.00      519.00        0.00
     0    11     1388.00      511.00        0.00
     0    11     1388.00      503.00        0.00
     0    11     1386.00      497.00        0.00
     0    11     1386.00      491.00        0.00
     0    11     1386.00      485.00        0.00
     0    11     1386.00      477.00        0.00
     0    11     1386.00      469.00        0.00
     0    11     1384.00      463.00        0.00
     0    11     1384.00      457.00        0.00
     0    11     1384.00      451.00        0.00
     0    11     1384.00      445.00        0.00
     0    11     1384.00      439.00        0.00
     0    11     1382.00      433.00        0.00
     0    11     1382.00      427.00        0.00
     0    11     1388.00      425.00        0.00
     0    11     1394.00      429.00        0.00
     0    11     1400.00      435.00        0.00
     0    11     1404.00      439.00        0.00
     0    11     1410.00      443.00        0.00
     0    11     1416.00      445.00        0.00
     0    11     1422.00      449.00        0.00
     0    11     1428.00      451.00        0.00
     0    11     1436.00      453.00        0.00
     0    11     1442.00      455.00        0.00
     0    11     1446.00      459.00        0.00
     0    11     1452.00      461.00        0.00
     0    11     1460.00      463.00        0.00
     0    11     1466.00      465.00        0.00
     0    11     1474.00      467.00        0.00
     0    11     1480.00      469.00        0.00
     0    11     1488.00      471.00        0.00
     0    11     1496.00      475.00        0.00
     0    11     1502.00      477.00        0.00
     0    11     1510.00      479.00        0.00
     0    11     1518.00      481.00        0.00
     0    11     1524.00      483.00        0.00
     0    11     1532.00      487.00        0.00
     0    11     1538.00      489.00        0.00
     0    11     1544.00      493.00        0.00
     0    11     1550.00      495.00        0.00
     0    11     1554.00      499.00        0.00
     0    11     1558.00      503.00        0.00
     0    11     1562.00      509.00        0.00
     0    11     1568.00      517.00        0.00
     0    11     1572.00      525.00        0.00
     0    11     1576.00      529.00        0.00
     0    11     1580.00      533.00        0.00
     0    11     1582.00      539.00        0.00
     0    11     1586.00      543.00        0.00
     0    11     1590.00      549.00        0.00
     0    11     1592.00      555.00        0.00
     0    11     1592.00      561.00        0.00
     0    11     1586.00      561.00        0.00
     0    11     1580.00      563.00        0.00
     0    11     1574.00      565.00        0.00
     0    11     1568.00      569.00        0.00
     0    11     1562.00      571.00        0.00
     0    11     1556.00      573.00        0.00
     0    11     1550.00      575.00        0.00
     0    11     1544.00      575.00        0.00
     0    11     1538.00      575.00        0.00
     0    11     1530.00      575.00        0.00
     0    12     1408.00      427.00        0.00
     0    12     1420.00      441.00        0.00
     0    12     1424.00      445.00        0.00
     0    12     1432.00      447.00        0.00
     0    12     1438.00      451.00        0.00
     0    12     1444.00      453.00        0.00
     0    12     1450.00      453.00        0.00
     0    12     1458.00      455.00        0.00
     0    12     1464.00      457.00        0.00
     0    12     1472.00      461.00        0.00
     0    12     1478.00      461.00        0.00
     0    12     1486.00      463.00        0.00
     0    12     1492.00      465.00        0.00
     0    12     1498.00      467.00        0.00
     0    12     1504.00      469.00        0.00
     0    12     1508.00      473.00        0.00
     0    12     1514.00      477.00        0.00
     0    12     1520.00      481.00        0.00
     0    12     1528.00      483.00        0.00
     0    12     1536.00      487.00        0.00
     0    12     1542.00      487.00        0.00
     0    12     1548.00      487.00        0.00
     0    12     1554.00      487.00        0.00
     0    12     1560.00      489.00        0.00
     0    12     1566.00      487.00        0.00
     0    12     1572.00      481.00        0.00
     0    12     1576.00      477.00        0.00
     0    12     1580.00      473.00        0.00
     0    12     1584.00      469.00        0.00
     0    12     1590.00      465.00        0.00
     0    12     1596.00      463.00        0.00
     0    12     1600.00      459.00        0.00
     0    12     1606.00      457.00        0.00
     0    12     1612.00      455.00        0.00
     0    12     1618.00      455.00        0.00
     0    12     1624.00      453.00        0.00
     0    12     1632.00      453.00        0.00
     0    12     1640.00      453.00        0.00
     0    12     1648.00      453.00        0.00
     0    12     1654.00      451.00        0.00
     0    12     1660.00      451.00        0.00
     0    12     1662.00      445.00        0.00
     0    12     1656.00      443.00        0.00
     0    12     1652.00      439.00        0.00
     0    12     1646.00      437.00        0.00
     0    12     1640.00      435.00        0.00
     0    12     1634.00      433.00        0.00
     0    12     1630.00      429.00        0.00
     0    12     1626.00      425.00        0.00
     0    12     1622.00      421.00        0.00
     0    12     1618.00      417.00        0.00
     0    12     1614.00      413.00        0.00
     0    12     1610.00      409.00        0.00
     0    12     1604.00      407.00        0.00
     0    12     1596.00      405.00        0.00
     0    12     1590.00      403.00        0.00
     0    12     1582.00      401.00        0.00
     0    12     1576.00      401.00        0.00
     0    12     1568.00      399.00        0.00
     0    12     1560.00      397.00        0.00
     0    12     1554.00      397.00        0.00
     0    12     1548.00      397.00        0.00
     0    12     1542.00      397.00        0.00
     0    12     1534.00      399.00        0.00
     0    12     1526.00      399.00        0.00
     0    12     1516.00      399.00        0.00
     0    12     1510.00      399.00        0.00
     0    12     1504.00      399.00        0.00
     0    12     1498.00      397.00        0.00
     0    12     1492.00      393.00        0.00
     0    12     1486.00      391.00        0.00
     0    12     1482.00      387.00        0.00
     0    12     1476.00      387.00        0.00
     0    12     1470.00      387.00        0.00
     0    12     1464.00      389.00        0.00
     0    12     1458.00      391.00        0.00
     0    13     1504.00      355.00        0.00
     0    13     1486.00      337.00        0.00
     0    13     1480.00      331.00        0.00
     0    13     1472.00      323.00        0.00
     0    13     1468.00      317.00        0.00
     0    13     1462.00      311.00        0.00
     0    13     1456.00      305.00        0.00
     0    13     1452.00      299.00        0.00
     0    13     1448.00      295.00        0.00
     0    13     1444.00      289.00        0.00
     0    13     1438.00      283.00        0.00
     0    13     1434.00      277.00        0.00
     0    13     1428.00      273.00        0.00
     0    13     1424.00      269.00        0.00
     0    13     1416.00      263.00        0.00
     0    13     1412.00      259.00        0.00
     0    13     1406.00      255.00        0.00
     0    13     1402.00      251.00        0.00
     0    13     1398.00      247.00        0.00
     0    13     1394.00      243.00        0.00
     0    13     1390.00      239.00        0.00
     0    13     1386.00      235.00        0.00
     0    13     1378.00      231.00        0.00
     0    13     1372.00      227.00        0.00
     0    13     1368.00      223.00        0.00
     0    13     1360.00      219.00        0.00
     0    13     1354.00      215.00        0.00
     0    13     1350.00      211.00        0.00
     0    13     1344.00      209.00        0.00
     0    13     1336.00      205.00        0.00
     0    13     1328.00      203.00        0.00
     0    13     1322.00      203.00        0.00
     0    13     1312.00      201.00        0.00
     0    13     1304.00      199.00        0.00
     0    13     1296.00      199.00        0.00
     0    13     1290.00      197.00        0.00
     0    13     1284.00      195.00        0.00
     0    13     1278.00      193.00        0.00
     0    13     1272.00      193.00        0.00
     0    13     1266.00      189.00        0.00
     0    13     1262.00      185.00        0.00
     0    13     1258.00      177.00        0.00
     0    13     1254.00      171.00        0.00
     0    13     1252.00      165.00        0.00
     0    13     1250.00      157.00        0.00
     0    13     1246.00      153.00        0.00
     0    13     1244.00      147.00        0.00
     0    13     1244.00      141.00        0.00
     0    13     1242.00      135.00        0.00
     0    13     1242.00      129.00        0.00
     0    13     1242.00      123.00        0.00
     0    13     1246.00      117.00        0.00
     0    13     1256.00      113.00        0.00
     0    13     1262.00      113.00        0.00
     0    13     1270.00      113.00        0.00
     0    13     1276.00      111.00        0.00
     0    13     1280.00      107.00        0.00
     0    13     1288.00      103.00        0.00
     0    13     1294.00      101.00        0.00
     0    13     1304.00       97.00        0.00
     0    13     1312.00       89.00        0.00
     0    13     1320.00       85.00        0.00
     0    13     1328.00       81.00        0.00
     0    13     1336.00       79.00        0.00
     0    13     1342.00       79.00        0.00
     0    13     1348.00       75.00        0.00
     0    13     1354.00       75.00        0.00
     0    13     1360.00       75.00        0.00
     0    13     1366.00       77.00        0.00
     0    13     1370.00       81.00        0.00
     0    13     1374.00       87.00        0.00
     0    13     1376.00       93.00        0.00
     0    13     1380.00       97.00        0.00
     0    13     1384.00      103.00        0.00
     0    13     1386.00      109.00        0.00
     0    13     1390.00      115.00        0.00
     0    13     1392.00      121.00        0.00
     0    13     1392.00      127.00        0.00
     0    13     1394.00      135.00        0.00
     0    13     1394.00      143.00        0.00
     0    13     1396.00      149.00        0.00
     0    13     1396.00      155.00        0.00
     0    13     1396.00      161.00        0.00
     0    13     1396.00      169.00        0.00
     0    13     1398.00      177.00        0.00
     0    13     1402.00      183.00        0.00
     0    13     1404.00      191.00        0.00
     0    13     1408.00      197.00        0.00
     0    13     1410.00      205.00        0.00
     0    13     1412.00      211.00        0.00
     0    13     1416.00      217.00        0.00
     0    13     1418.00      223.00        0.00
     0    13     1420.00      229.00        0.00
     0    13     1424.00      237.00        0.00
     0    13     1426.00      243.00        0.00
     0    13     1428.00      249.00        0.00
     0    13     1430.00      255.00        0.00
     0    13     1432.00      261.00        0.00
     0    13     1436.00      265.00        0.00
     0    13     1440.00      269.00        0.00
     0    13     1442.00      275.00        0.00
     0    14      948.00      345.00        0.00
     0    14      926.00      333.00        0.00
     0    14      922.00      329.00        0.00
     0    14      914.00      325.00        0.00
     0    14      906.00      315.00        0.00
     0    14      902.00      311.00        0.00
     0    14      900.00      305.00        0.00
     0    14      896.00      297.00        0.00
     0    14      894.00      289.00        0.00
     0    14      892.00      283.00        0.00
     0    14      892.00      277.00        0.00
     0    14      892.00      271.00        0.00
     0    14      892.00      265.00        0.00
     0    14      892.00      257.00        0.00
     0    14      890.00      251.00        0.00
     0    14      888.00      245.00        0.00
     0    14      886.00      239.00        0.00
     0    14      884.00      233.00        0.00
     0    14      884.00      227.00        0.00
     0    14      888.00      221.00        0.00
     0    14      892.00      215.00        0.00
     0    14      896.00      205.00        0.00
     0    14      900.00      197.00        0.00
     0    14      904.00      191.00        0.00
     0    14      906.00      183.00        0.00
     0    14      908.00      177.00        0.00
     0    14      904.00      183.00        0.00
     0    14      900.00      191.00        0.00
     0    14      896.00      195.00        0.00
     0    14      892.00      199.00        0.00
     0    14      886.00      203.00        0.00
     0    14      880.00      205.00        0.00
     0    14      874.00      205.00        0.00
     0    14      868.00      201.00        0.00
     0    14      864.00      197.00        0.00
     0    14      858.00      191.00        0.00
     0    14      854.00      187.00        0.00
     0    14      848.00      183.00        0.00
     0    14      844.00      179.00        0.00
     0    14      840.00      175.00        0.00
     0    14      834.00      171.00        0.00
     0    14      828.00      167.00        0.00
     0    14      822.00      165.00        0.00
     0    14      816.00      169.00        0.00
     0    14      812.00      173.00        0.00
     0    14      808.00      179.00        0.00
     0    14      804.00      185.00        0.00
     0    14      800.00      189.00        0.00
     0    14      796.00      197.00        0.00
     0    14      794.00      205.00        0.00
     0    14      792.00      211.00        0.00
     0    14      790.00      217.00        0.00
     0    14      788.00      223.00        0.00
     0    14      786.00      229.00        0.00
     0    14      784.00      235.00        0.00
     0    14      780.00      243.00        0.00
     0    14      778.00      249.00        0.00
     0    14      774.00      255.00        0.00
     0    14      770.00      259.00        0.00
     0    14      770.00      265.00        0.00
     0    14      768.00      271.00        0.00
     0    14      772.00      279.00        0.00
     0    14      776.00      285.00        0.00
     0    14      780.00      289.00        0.00
     0    14      786.00      295.00        0.00
     0    14      792.00      297.00        0.00
     0    14      802.00      301.00        0.00
     0    14      810.00      303.00        0.00
     0    14      816.00      305.00        0.00
     0    14      824.00      307.00        0.00
     0    14      830.00      307.00        0.00
     0    14      836.00      309.00        0.00
     0    14      842.00      311.00        0.00
     0    14      848.00      311.00        0.00
     0    14      854.00      313.00        0.00
     0    14      860.00      315.00        0.00
     0    14      864.00      319.00        0.00
     0    14      868.00      323.00        0.00
     0    14      874.00      327.00        0.00
     0    14      880.00      329.00        0.00
     0    14      884.00      333.00        0.00
     0    14      888.00      337.00        0.00
     0    14      894.00      341.00        0.00
     0    14      900.00      343.00        0.00
     0    14      906.00      345.00        0.00
     0    14      912.00      345.00        0.00
     0    14      912.00      339.00        0.00
