     0     0      426.00     1005.00        0.00
     0     0      394.00     1001.00        0.00
     0     0      382.00     1001.00        0.00
     0     0      376.00      999.00        0.00
     0     0      372.00      995.00        0.00
     0     0      368.00      991.00        0.00
     0     0      362.00      987.00        0.00
     0     0      358.00      983.00        0.00
     0     0      354.00      979.00        0.00
     0     0      350.00      975.00        0.00
     0     0      344.00      971.00        0.00
     0     0      340.00      967.00        0.00
     0     0      336.00      963.00        0.00
     0     0      332.00      959.00        0.00
     0     0      328.00      955.00        0.00
     0     0      322.00      951.00        0.00
     0     0      316.00      945.00        0.00
     0     0      316.00      939.00        0.00
     0     0      314.00      931.00        0.00
     0     0      314.00      925.00        0.00
     0     0      318.00      919.00        0.00
     0     0      320.00      913.00        0.00
     0     0      324.00      909.00        0.00
     0     0      326.00      903.00        0.00
     0     0      330.00      897.00        0.00
     0     0      334.00      893.00        0.00
     0     0      340.00      889.00        0.00
     0     0      348.00      885.00        0.00
     0     0      356.00      883.00        0.00
     0     0      364.00      881.00        0.00
     0     0      372.00      881.00        0.00
     0     0      376.00      877.00        0.00
     0     0      382.00      875.00        0.00
     0     0      388.00      873.00        0.00
     0     0      396.00      869.00        0.00
     0     0      406.00      865.00        0.00
     0     0      414.00      863.00        0.00
     0     0      420.00      861.00        0.00
     0     0      428.00      859.00        0.00
     0     0      436.00      859.00        0.00
     0     0      444.00      857.00        0.00
     0     0      452.00      855.00        0.00
     0     0      460.00      855.00        0.00
     0     0      468.00      855.00        0.00
     0     0      476.00      855.00        0.00
     0     0      484.00      855.00        0.00
     0     0      492.00      857.00        0.00
     0     0      502.00      857.00        0.00
     0     0      508.00      859.00        0.00
     0     0      516.00      863.00        0.00
     0     0      522.00      865.00        0.00
     0     0      528.00      869.00        0.00
     0     0      532.00      873.00        0.00
     0     0      536.00      877.00        0.00
     0     0      540.00      881.00        0.00
     0     0      542.00      887.00        0.00
     0     0      546.00      895.00        0.00
     0     0      548.00      903.00        0.00
     0     0      548.00      909.00        0.00
     0     0      550.00      915.00        0.00
     0     0      550.00      921.00        0.00
     0     0      548.00      929.00        0.00
     0     0      546.00      935.00        0.00
     0     0      544.00      941.00        0.00
     0     0      540.00      945.00        0.00
     0     0      536.00      951.00        0.00
     0     0      532.00      955.00        0.00
     0     0      526.00      959.00        0.00
     0     0      520.00      961.00        0.00
     0     0      514.00      961.00        0.00
     0     0      508.00      963.00        0.00
     0     0      502.00      965.00        0.00
     0     0      496.00      967.00        0.00
     0     0      490.00      971.00        0.00
     0     1      652.00      713.00        0.00
     0     1      628.00      713.00        0.00
     0     1      622.00      713.00        0.00
     0     1      614.00      713.00        0.00
     0     1      606.00      713.00        0.00
     0     1      600.00      713.00        0.00
     0     1      594.00      713.00        0.00
     0     1      586.00      709.00        0.00
     0     1      580.00      705.00        0.00
     0     1      576.00      701.00        0.00
     0     1      568.00      693.00        0.00
     0     1      564.00      689.00        0.00
     0     1      560.00      685.00        0.00
     0     1      556.00      681.00        0.00
     0     1      552.00      675.00        0.00
     0     1      546.00      669.00        0.00
     0     1      542.00      665.00        0.00
     0     1      536.00      657.00        0.00
     0     1      532.00      653.00        0.00
     0     1      532.00      645.00        0.00
     0     1      534.00      639.00        0.00
     0     1      538.00      629.00        0.00
     0     1      540.00      623.00        0.00
     0     1      544.00      617.00        0.00
     0     1      548.00      613.00        0.00
     0     1      554.00      609.00        0.00
     0     1      558.00      605.00        0.00
     0     1      566.00      599.00        0.00
     0     1      572.00      595.00        0.00
     0     1      578.00      593.00        0.00
     0     1      584.00      589.00        0.00
     0     1      590.00      585.00        0.00
     0     1      600.00      585.00        0.00
     0     1      608.00      583.00        0.00
     0     1      618.00      583.00        0.00
     0     1      626.00      585.00        0.00
     0     1      634.00      587.00        0.00
     0     1      646.00      591.00        0.00
     0     1      654.00      593.00        0.00
     0     1      660.00      597.00        0.00
     0     1      668.00      601.00        0.00
     0     1      674.00      603.00        0.00
     0     1      680.00      607.00        0.00
     0     1      686.00      609.00        0.00
     0     1      692.00      611.00        0.00
     0     1      698.00      615.00        0.00
     0     1      706.00      619.00        0.00
     0     1      714.00      623.00        0.00
     0     1      720.00      627.00        0.00
     0     1      728.00      631.00        0.00
     0     1      732.00      635.00        0.00
     0     1      738.00      637.00        0.00
     0     1      742.00      641.00        0.00
     0     1      746.00      645.00        0.00
     0     1      754.00      649.00        0.00
     0     1      758.00      653.00        0.00
     0     1      764.00      657.00        0.00
     0     1      768.00      661.00        0.00
     0     1      772.00      667.00        0.00
     0     1      772.00      673.00        0.00
     0     1      772.00      679.00        0.00
     0     1      776.00      685.00        0.00
     0     1      782.00      691.00        0.00
     0     1      786.00      697.00        0.00
     0     1      790.00      703.00        0.00
     0     1      794.00      707.00        0.00
     0     1      802.00      713.00        0.00
     0     1      808.00      719.00        0.00
     0     1      814.00      723.00        0.00
     0     1      818.00      727.00        0.00
     0     1      808.00      729.00        0.00
     0     1      796.00      725.00        0.00
     0     1      786.00      721.00        0.00
     0     1      774.00      715.00        0.00
     0     1      768.00      713.00        0.00
     0     1      762.00      711.00        0.00
     0     1      756.00      707.00        0.00
     0     1      748.00      705.00        0.00
     0     1      740.00      705.00        0.00
     0     1      734.00      707.00        0.00
     0     1      724.00      709.00        0.00
     0     1      718.00      711.00        0.00
     0     1      710.00      711.00        0.00
     0     1      704.00      711.00        0.00
     0     2      828.00      807.00        0.00
     0     2      808.00      809.00        0.00
     0     2      800.00      809.00        0.00
     0     2      792.00      809.00        0.00
     0     2      784.00      809.00        0.00
     0     2      776.00      809.00        0.00
     0     2      770.00      809.00        0.00
     0     2      764.00      809.00        0.00
     0     2      758.00      809.00        0.00
     0     2      752.00      809.00        0.00
     0     2      746.00      807.00        0.00
     0     2      738.00      805.00        0.00
     0     2      732.00      805.00        0.00
     0     2      724.00      801.00        0.00
     0     2      718.00      799.00        0.00
     0     2      712.00      797.00        0.00
     0     2      704.00      795.00        0.00
     0     2      694.00      793.00        0.00
     0     2      688.00      791.00        0.00
     0     2      678.00      789.00        0.00
     0     2      672.00      789.00        0.00
     0     2      664.00      785.00        0.00
     0     2      658.00      783.00        0.00
     0     2      652.00      781.00        0.00
     0     2      646.00      781.00        0.00
     0     2      638.00      779.00        0.00
     0     2      630.00      777.00        0.00
     0     2      622.00      775.00        0.00
     0     2      614.00      773.00        0.00
     0     2      606.00      769.00        0.00
     0     2      600.00      767.00        0.00
     0     2      592.00      765.00        0.00
     0     2      582.00      761.00        0.00
     0     2      576.00      757.00        0.00
     0     2      570.00      755.00        0.00
     0     2      562.00      751.00        0.00
     0     2      558.00      747.00        0.00
     0     2      552.00      741.00        0.00
     0     2      544.00      733.00        0.00
     0     2      538.00      729.00        0.00
     0     2      534.00      723.00        0.00
     0     2      530.00      717.00        0.00
     0     2      524.00      711.00        0.00
     0     2      520.00      705.00        0.00
     0     2      514.00      701.00        0.00
     0     2      520.00      703.00        0.00
     0     2      526.00      709.00        0.00
     0     2      532.00      715.00        0.00
     0     2      538.00      719.00        0.00
     0     2      544.00      723.00        0.00
     0     2      548.00      727.00        0.00
     0     2      552.00      731.00        0.00
     0     2      560.00      737.00        0.00
     0     2      566.00      741.00        0.00
     0     2      572.00      743.00        0.00
     0     2      582.00      747.00        0.00
     0     2      586.00      751.00        0.00
     0     2      594.00      755.00        0.00
     0     2      600.00      757.00        0.00
     0     2      606.00      761.00        0.00
     0     2      612.00      763.00        0.00
     0     2      620.00      765.00        0.00
     0     2      628.00      765.00        0.00
     0     2      636.00      767.00        0.00
     0     2      644.00      769.00        0.00
     0     2      652.00      769.00        0.00
     0     2      660.00      767.00        0.00
     0     2      666.00      767.00        0.00
     0     2      672.00      765.00        0.00
     0     2      684.00      763.00        0.00
     0     2      690.00      761.00        0.00
     0     2      698.00      759.00        0.00
     0     2      706.00      759.00        0.00
     0     2      712.00      757.00        0.00
     0     2      718.00      755.00        0.00
     0     2      724.00      755.00        0.00
     0     2      734.00      751.00        0.00
     0     2      744.00      749.00        0.00
     0     2      750.00      747.00        0.00
     0     2      760.00      745.00        0.00
     0     2      766.00      741.00        0.00
     0     2      774.00      739.00        0.00
     0     2      782.00      737.00        0.00
     0     2      788.00      737.00        0.00
     0     2      796.00      737.00        0.00
     0     2      804.00      737.00        0.00
     0     2      812.00      739.00        0.00
     0     2      822.00      741.00        0.00
     0     2      830.00      741.00        0.00
     0     2      838.00      741.00        0.00
     0     2      844.00      743.00        0.00
     0     2      850.00      743.00        0.00
     0     2      856.00      745.00        0.00
     0     2      862.00      747.00        0.00
     0     2      870.00      749.00        0.00
     0     2      876.00      749.00        0.00
     0     2      884.00      751.00        0.00
     0     2      890.00      753.00        0.00
     0     2      896.00      755.00        0.00
     0     2      900.00      759.00        0.00
     0     2      904.00      763.00        0.00
     0     2      908.00      769.00        0.00
     0     2      908.00      775.00        0.00
     0     2      908.00      781.00        0.00
     0     3     1092.00      883.00        0.00
     0     3     1076.00      897.00        0.00
     0     3     1072.00      901.00        0.00
     0     3     1066.00      907.00        0.00
     0     3     1058.00      907.00        0.00
     0     3     1052.00      907.00        0.00
     0     3     1044.00      903.00        0.00
     0     3     1036.00      899.00        0.00
     0     3     1030.00      895.00        0.00
     0     3     1024.00      889.00        0.00
     0     3     1018.00      885.00        0.00
     0     3     1016.00      879.00        0.00
     0     3     1014.00      873.00        0.00
     0     3     1014.00      865.00        0.00
     0     3     1014.00      855.00        0.00
     0     3     1012.00      847.00        0.00
     0     3     1012.00      837.00        0.00
     0     3     1014.00      829.00        0.00
     0     3     1016.00      821.00        0.00
     0     3     1018.00      815.00        0.00
     0     3     1020.00      809.00        0.00
     0     3     1022.00      803.00        0.00
     0     3     1024.00      795.00        0.00
     0     3     1024.00      789.00        0.00
     0     3     1026.00      781.00        0.00
     0     3     1030.00      777.00        0.00
     0     3     1034.00      773.00        0.00
     0     3     1036.00      767.00        0.00
     0     3     1040.00      761.00        0.00
     0     3     1044.00      757.00        0.00
     0     3     1048.00      751.00        0.00
     0     3     1052.00      747.00        0.00
     0     3     1056.00      743.00        0.00
     0     3     1060.00      737.00        0.00
     0     3     1066.00      735.00        0.00
     0     3     1070.00      731.00        0.00
     0     3     1076.00      729.00        0.00
     0     3     1080.00      725.00        0.00
     0     3     1088.00      721.00        0.00
     0     3     1092.00      717.00        0.00
     0     3     1098.00      713.00        0.00
     0     3     1102.00      709.00        0.00
     0     3     1108.00      707.00        0.00
     0     3     1110.00      717.00        0.00
     0     3     1110.00      723.00        0.00
     0     3     1110.00      729.00        0.00
     0     3     1110.00      735.00        0.00
     0     3     1110.00      741.00        0.00
     0     3     1110.00      747.00        0.00
     0     3     1110.00      753.00        0.00
     0     3     1112.00      761.00        0.00
     0     3     1112.00      767.00        0.00
     0     3     1114.00      773.00        0.00
     0     3     1116.00      779.00        0.00
     0     3     1116.00      785.00        0.00
     0     3     1118.00      793.00        0.00
     0     3     1118.00      799.00        0.00
     0     3     1118.00      805.00        0.00
     0     3     1118.00      811.00        0.00
     0     3     1118.00      817.00        0.00
     0     3     1118.00      823.00        0.00
     0     3     1118.00      829.00        0.00
     0     3     1116.00      835.00        0.00
     0     3     1112.00      841.00        0.00
     0     3     1112.00      847.00        0.00
     0     4      968.00     1035.00        0.00
     0     4      974.00     1035.00        0.00
     0     4      978.00     1031.00        0.00
     0     4      984.00     1027.00        0.00
     0     4      988.00     1023.00        0.00
     0     4      992.00     1017.00        0.00
     0     4      996.00     1013.00        0.00
     0     4     1000.00     1009.00        0.00
     0     4     1006.00     1009.00        0.00
     0     4     1012.00     1007.00        0.00
     0     4     1018.00     1009.00        0.00
     0     4     1022.00     1013.00        0.00
     0     4     1026.00     1019.00        0.00
     0     4     1032.00     1025.00        0.00
     0     4     1036.00     1031.00        0.00
     0     4     1040.00     1037.00        0.00
     0     4     1044.00     1045.00        0.00
     0     4     1048.00     1053.00        0.00
     0     4     1052.00     1059.00        0.00
     0     4     1056.00     1067.00        0.00
     0     4     1060.00     1073.00        0.00
     0     4     1064.00     1079.00        0.00
     0     4     1070.00     1081.00        0.00
     0     4     1078.00     1083.00        0.00
     0     4     1084.00     1085.00        0.00
     0     4     1092.00     1089.00        0.00
     0     4     1098.00     1091.00        0.00
     0     4     1102.00     1095.00        0.00
     0     4     1108.00     1097.00        0.00
     0     4     1110.00     1103.00        0.00
     0     4     1112.00     1109.00        0.00
     0     4     1112.00     1117.00        0.00
     0     4     1112.00     1123.00        0.00
     0     4     1108.00     1129.00        0.00
     0     4     1100.00     1137.00        0.00
     0     4     1092.00     1141.00        0.00
     0     4     1086.00     1145.00        0.00
     0     4     1078.00     1147.00        0.00
     0     4     1070.00     1151.00        0.00
     0     4     1056.00     1155.00        0.00
     0     4     1050.00     1157.00        0.00
     0     4     1044.00     1161.00        0.00
     0     4     1036.00     1165.00        0.00
     0     4     1030.00     1169.00        0.00
     0     4     1026.00     1175.00        0.00
     0     4     1018.00     1179.00        0.00
     0     4     1010.00     1185.00        0.00
     0     4     1000.00     1193.00        0.00
     0     4      992.00     1197.00        0.00
     0     4      980.00     1201.00        0.00
     0     4      974.00     1201.00        0.00
     0     4      966.00     1203.00        0.00
     0     4      958.00     1205.00        0.00
     0     4      952.00     1205.00        0.00
     0     4      946.00     1201.00        0.00
     0     4      942.00     1189.00        0.00
     0     4      942.00     1183.00        0.00
     0     4      944.00     1173.00        0.00
     0     4      952.00     1163.00        0.00
     0     4      958.00     1157.00        0.00
     0     4      968.00     1149.00        0.00
     0     4      974.00     1143.00        0.00
     0     4      978.00     1137.00        0.00
     0     4      982.00     1129.00        0.00
     0     4      984.00     1121.00        0.00
     0     4      986.00     1113.00        0.00
     0     4      986.00     1105.00        0.00
     0     4      986.00     1099.00        0.00
     0     4      984.00     1093.00        0.00
     0     4      982.00     1087.00        0.00
     0     5     1380.00     1035.00        0.00
     0     5     1400.00     1031.00        0.00
     0     5     1406.00     1029.00        0.00
     0     5     1412.00     1027.00        0.00
     0     5     1418.00     1025.00        0.00
     0     5     1424.00     1025.00        0.00
     0     5     1428.00     1033.00        0.00
     0     5     1428.00     1041.00        0.00
     0     5     1428.00     1049.00        0.00
     0     5     1428.00     1057.00        0.00
     0     5     1428.00     1065.00        0.00
     0     5     1426.00     1073.00        0.00
     0     5     1426.00     1081.00        0.00
     0     5     1428.00     1089.00        0.00
     0     5     1428.00     1095.00        0.00
     0     5     1428.00     1101.00        0.00
     0     5     1428.00     1107.00        0.00
     0     5     1430.00     1113.00        0.00
     0     5     1432.00     1119.00        0.00
     0     5     1432.00     1125.00        0.00
     0     5     1434.00     1133.00        0.00
     0     5     1436.00     1139.00        0.00
     0     5     1436.00     1145.00        0.00
     0     5     1436.00     1151.00        0.00
     0     5     1434.00     1157.00        0.00
     0     5     1432.00     1163.00        0.00
     0     5     1430.00     1169.00        0.00
     0     5     1426.00     1175.00        0.00
     0     5     1422.00     1181.00        0.00
     0     5     1418.00     1185.00        0.00
     0     5     1414.00     1189.00        0.00
     0     5     1410.00     1195.00        0.00
     0     5     1404.00     1199.00        0.00
     0     5     1398.00     1201.00        0.00
     0     5     1392.00     1203.00        0.00
     0     5     1386.00     1205.00        0.00
     0     5     1380.00     1205.00        0.00
     0     5     1372.00     1205.00        0.00
     0     5     1366.00     1201.00        0.00
     0     5     1358.00     1195.00        0.00
     0     5     1352.00     1189.00        0.00
     0     5     1348.00     1183.00        0.00
     0     5     1344.00     1179.00        0.00
     0     5     1340.00     1173.00        0.00
     0     5     1338.00     1167.00        0.00
     0     5     1336.00     1161.00        0.00
     0     5     1336.00     1155.00        0.00
     0     5     1338.00     1149.00        0.00
     0     5     1342.00     1145.00        0.00
     0     5     1346.00     1139.00        0.00
     0     5     1350.00     1135.00        0.00
     0     5     1352.00     1129.00        0.00
     0     5     1356.00     1123.00        0.00
     0     5     1358.00     1117.00        0.00
     0     5     1360.00     1111.00        0.00
     0     5     1364.00     1105.00        0.00
     0     5     1368.00     1097.00        0.00
     0     5     1370.00     1091.00        0.00
     0     5     1372.00     1085.00        0.00
     0     6      930.00      389.00        0.00
     0     6      940.00      401.00        0.00
     0     6      946.00      405.00        0.00
     0     6      950.00      409.00        0.00
     0     6      958.00      409.00        0.00
     0     6      964.00      411.00        0.00
     0     6      970.00      413.00        0.00
     0     6      976.00      413.00        0.00
     0     6      982.00      413.00        0.00
     0     6      988.00      413.00        0.00
     0     6      994.00      413.00        0.00
     0     6     1002.00      413.00        0.00
     0     6     1010.00      413.00        0.00
     0     6     1018.00      413.00        0.00
     0     6     1024.00      413.00        0.00
     0     6     1030.00      413.00        0.00
     0     6     1036.00      413.00        0.00
     0     6     1042.00      413.00        0.00
     0     6     1050.00      413.00        0.00
     0     6     1056.00      415.00        0.00
     0     6     1064.00      421.00        0.00
     0     6     1068.00      425.00        0.00
     0     6     1072.00      429.00        0.00
     0     6     1078.00      433.00        0.00
     0     6     1084.00      433.00        0.00
     0     6     1090.00      433.00        0.00
     0     6     1094.00      437.00        0.00
     0     6     1098.00      441.00        0.00
     0     6     1098.00      447.00        0.00
     0     6     1098.00      453.00        0.00
     0     6     1102.00      461.00        0.00
     0     6     1104.00      467.00        0.00
     0     6     1106.00      475.00        0.00
     0     6     1106.00      481.00        0.00
     0     6     1106.00      489.00        0.00
     0     6     1106.00      495.00        0.00
     0     6     1106.00      501.00        0.00
     0     6     1106.00      507.00        0.00
     0     6     1106.00      515.00        0.00
     0     6     1104.00      521.00        0.00
     0     6     1100.00      525.00        0.00
     0     6     1096.00      529.00        0.00
     0     6     1090.00      533.00        0.00
     0     6     1086.00      537.00        0.00
     0     6     1080.00      541.00        0.00
     0     6     1074.00      543.00        0.00
     0     6     1068.00      545.00        0.00
     0     6     1058.00      547.00        0.00
     0     6     1050.00      547.00        0.00
     0     6     1042.00      549.00        0.00
     0     6     1036.00      549.00        0.00
     0     6     1026.00      549.00        0.00
     0     6     1020.00      547.00        0.00
     0     6     1014.00      547.00        0.00
     0     6     1008.00      545.00        0.00
     0     6     1002.00      543.00        0.00
     0     6      994.00      539.00        0.00
     0     6      984.00      533.00        0.00
     0     6      978.00      531.00        0.00
     0     6      974.00      527.00        0.00
     0     6      968.00      523.00        0.00
     0     6      962.00      519.00        0.00
     0     6      960.00      513.00        0.00
     0     6      956.00      505.00        0.00
     0     6      956.00      499.00        0.00
     0     6      956.00      493.00        0.00
     0     6      954.00      487.00        0.00
     0     6      954.00      479.00        0.00
     0     6      952.00      473.00        0.00
     0     6      952.00      467.00        0.00
     0     6      950.00      461.00        0.00
     0     6      950.00      455.00        0.00
     0     6      948.00      449.00        0.00
     0     6      946.00      443.00        0.00
     0     6      944.00      437.00        0.00
     0     6      944.00      431.00        0.00
     0     6      944.00      425.00        0.00
     0     6      942.00      419.00        0.00
     0     7     1048.00      733.00        0.00
     0     7     1026.00      727.00        0.00
     0     7     1022.00      721.00        0.00
     0     7     1016.00      717.00        0.00
     0     7     1012.00      713.00        0.00
     0     7     1004.00      707.00        0.00
     0     7     1000.00      701.00        0.00
     0     7      998.00      695.00        0.00
     0     7      996.00      687.00        0.00
     0     7      994.00      679.00        0.00
     0     7      994.00      673.00        0.00
     0     7      994.00      665.00        0.00
     0     7      994.00      657.00        0.00
     0     7      994.00      651.00        0.00
     0     7      994.00      645.00        0.00
     0     7      994.00      637.00        0.00
     0     7      996.00      629.00        0.00
     0     7      998.00      623.00        0.00
     0     7     1002.00      619.00        0.00
     0     7     1010.00      617.00        0.00
     0     7     1016.00      617.00        0.00
     0     7     1024.00      617.00        0.00
     0     7     1032.00      617.00        0.00
     0     7     1040.00      617.00        0.00
     0     7     1046.00      617.00        0.00
     0     7     1052.00      617.00        0.00
     0     7     1060.00      617.00        0.00
     0     7     1068.00      615.00        0.00
     0     7     1074.00      613.00        0.00
     0     7     1080.00      613.00        0.00
     0     7     1086.00      611.00        0.00
     0     7     1094.00      611.00        0.00
     0     7     1100.00      613.00        0.00
     0     7     1106.00      615.00        0.00
     0     7     1112.00      617.00        0.00
     0     7     1118.00      621.00        0.00
     0     7     1124.00      621.00        0.00
     0     7     1130.00      623.00        0.00
     0     7     1140.00      623.00        0.00
     0     7     1146.00      623.00        0.00
     0     7     1152.00      623.00        0.00
     0     7     1158.00      623.00        0.00
     0     7     1164.00      621.00        0.00
     0     7     1170.00      617.00        0.00
     0     7     1164.00      623.00        0.00
     0     7     1160.00      627.00        0.00
     0     7     1156.00      633.00        0.00
     0     7     1152.00      641.00        0.00
     0     7     1152.00      649.00        0.00
     0     7     1154.00      655.00        0.00
     0     7     1156.00      661.00        0.00
     0     7     1156.00      667.00        0.00
     0     7     1154.00      673.00        0.00
     0     7     1148.00      679.00        0.00
     0     7     1144.00      683.00        0.00
     0     7     1138.00      687.00        0.00
     0     7     1134.00      693.00        0.00
     0     7     1130.00      697.00        0.00
     0     7     1128.00      703.00        0.00
     0     7     1122.00      705.00        0.00
     0     7     1116.00      705.00        0.00
     0     7     1108.00      703.00        0.00
     0     7     1102.00      701.00        0.00
     0     7     1096.00      705.00        0.00
     0     7     1092.00      709.00        0.00
     0     7     1088.00      713.00        0.00
     0     7     1084.00      717.00        0.00
     0     7     1080.00      721.00        0.00
     0     8     1180.00      417.00        0.00
     0     8     1194.00      435.00        0.00
     0     8     1198.00      441.00        0.00
     0     8     1204.00      449.00        0.00
     0     8     1208.00      457.00        0.00
     0     8     1210.00      465.00        0.00
     0     8     1212.00      475.00        0.00
     0     8     1212.00      481.00        0.00
     0     8     1214.00      489.00        0.00
     0     8     1216.00      495.00        0.00
     0     8     1220.00      501.00        0.00
     0     8     1222.00      507.00        0.00
     0     8     1226.00      511.00        0.00
     0     8     1230.00      515.00        0.00
     0     8     1232.00      521.00        0.00
     0     8     1232.00      527.00        0.00
     0     8     1232.00      533.00        0.00
     0     8     1232.00      539.00        0.00
     0     8     1232.00      545.00        0.00
     0     8     1230.00      553.00        0.00
     0     8     1228.00      559.00        0.00
     0     8     1226.00      567.00        0.00
     0     8     1224.00      575.00        0.00
     0     8     1220.00      581.00        0.00
     0     8     1216.00      585.00        0.00
     0     8     1210.00      591.00        0.00
     0     8     1206.00      597.00        0.00
     0     8     1200.00      599.00        0.00
     0     8     1196.00      603.00        0.00
     0     8     1190.00      605.00        0.00
     0     8     1184.00      607.00        0.00
     0     8     1176.00      607.00        0.00
     0     8     1170.00      607.00        0.00
     0     8     1162.00      609.00        0.00
     0     8     1156.00      611.00        0.00
     0     8     1148.00      611.00        0.00
     0     8     1140.00      611.00        0.00
     0     8     1132.00      611.00        0.00
     0     8     1126.00      613.00        0.00
     0     8     1120.00      613.00        0.00
     0     8     1114.00      613.00        0.00
     0     8     1108.00      613.00        0.00
     0     8     1102.00      613.00        0.00
     0     8     1096.00      611.00        0.00
     0     8     1090.00      609.00        0.00
     0     8     1082.00      609.00        0.00
     0     8     1076.00      607.00        0.00
     0     8     1074.00      601.00        0.00
     0     8     1076.00      595.00        0.00
     0     8     1078.00      589.00        0.00
     0     8     1080.00      583.00        0.00
     0     8     1084.00      577.00        0.00
     0     8     1088.00      571.00        0.00
     0     8     1092.00      563.00        0.00
     0     8     1096.00      557.00        0.00
     0     8     1100.00      553.00        0.00
     0     8     1102.00      547.00        0.00
     0     8     1106.00      543.00        0.00
     0     8     1108.00      537.00        0.00
     0     8     1112.00      533.00        0.00
     0     8     1116.00      527.00        0.00
     0     8     1118.00      521.00        0.00
     0     8     1118.00      515.00        0.00
     0     8     1118.00      509.00        0.00
     0     8     1120.00      501.00        0.00
     0     8     1122.00      493.00        0.00
     0     8     1124.00      485.00        0.00
     0     8     1126.00      479.00        0.00
     0     8     1130.00      475.00        0.00
     0     8     1132.00      469.00        0.00
     0     8     1138.00      463.00        0.00
     0     8     1140.00      457.00        0.00
     0     8     1144.00      453.00        0.00
     0     8     1148.00      447.00        0.00
     0     8     1154.00      443.00        0.00
     0     8     1158.00      439.00        0.00
     0     9     1112.00       57.00        0.00
     0     9     1128.00       73.00        0.00
     0     9     1134.00       79.00        0.00
     0     9     1140.00       85.00        0.00
     0     9     1146.00       89.00        0.00
     0     9     1150.00       95.00        0.00
     0     9     1152.00      101.00        0.00
     0     9     1156.00      107.00        0.00
     0     9     1158.00      113.00        0.00
     0     9     1160.00      119.00        0.00
     0     9     1162.00      125.00        0.00
     0     9     1164.00      131.00        0.00
     0     9     1166.00      137.00        0.00
     0     9     1168.00      143.00        0.00
     0     9     1172.00      151.00        0.00
     0     9     1174.00      157.00        0.00
     0     9     1178.00      165.00        0.00
     0     9     1178.00      175.00        0.00
     0     9     1180.00      183.00        0.00
     0     9     1184.00      189.00        0.00
     0     9     1188.00      195.00        0.00
     0     9     1192.00      201.00        0.00
     0     9     1196.00      207.00        0.00
     0     9     1202.00      213.00        0.00
     0     9     1206.00      217.00        0.00
     0     9     1212.00      219.00        0.00
     0     9     1218.00      223.00        0.00
     0     9     1222.00      227.00        0.00
     0     9     1228.00      229.00        0.00
     0     9     1234.00      231.00        0.00
     0     9     1240.00      233.00        0.00
     0     9     1234.00      235.00        0.00
     0     9     1228.00      239.00        0.00
     0     9     1224.00      243.00        0.00
     0     9     1222.00      249.00        0.00
     0     9     1222.00      255.00        0.00
     0     9     1220.00      261.00        0.00
     0     9     1220.00      267.00        0.00
     0     9     1218.00      273.00        0.00
     0     9     1218.00      279.00        0.00
     0     9     1218.00      289.00        0.00
     0     9     1218.00      295.00        0.00
     0     9     1218.00      301.00        0.00
     0     9     1218.00      307.00        0.00
     0     9     1218.00      313.00        0.00
     0     9     1214.00      319.00        0.00
     0     9     1214.00      325.00        0.00
     0     9     1214.00      333.00        0.00
     0     9     1214.00      339.00        0.00
     0     9     1214.00      345.00        0.00
     0     9     1214.00      353.00        0.00
     0     9     1214.00      361.00        0.00
     0     9     1216.00      369.00        0.00
     0     9     1216.00      377.00        0.00
     0     9     1218.00      383.00        0.00
     0     9     1220.00      391.00        0.00
     0     9     1222.00      397.00        0.00
     0     9     1222.00      403.00        0.00
     0     9     1218.00      409.00        0.00
     0     9     1214.00      415.00        0.00
     0     9     1210.00      419.00        0.00
     0     9     1208.00      425.00        0.00
     0     9     1204.00      429.00        0.00
     0     9     1198.00      435.00        0.00
     0     9     1194.00      439.00        0.00
     0     9     1188.00      439.00        0.00
     0     9     1188.00      433.00        0.00
     0     9     1186.00      427.00        0.00
     0     9     1186.00      417.00        0.00
     0     9     1186.00      411.00        0.00
     0     9     1186.00      403.00        0.00
     0     9     1186.00      397.00        0.00
     0     9     1186.00      387.00        0.00
     0     9     1186.00      379.00        0.00
     0     9     1186.00      373.00        0.00
     0     9     1186.00      365.00        0.00
     0     9     1186.00      355.00        0.00
     0     9     1186.00      349.00        0.00
     0     9     1186.00      341.00        0.00
     0     9     1186.00      333.00        0.00
     0     9     1186.00      323.00        0.00
     0     9     1186.00      317.00        0.00
     0     9     1186.00      309.00        0.00
     0     9     1186.00      301.00        0.00
     0     9     1184.00      295.00        0.00
     0     9     1182.00      287.00        0.00
     0     9     1180.00      281.00        0.00
     0     9     1178.00      273.00        0.00
     0     9     1178.00      267.00        0.00
     0     9     1176.00      261.00        0.00
     0     9     1174.00      255.00        0.00
     0     9     1172.00      247.00        0.00
     0     9     1170.00      241.00        0.00
     0     9     1168.00      233.00        0.00
     0     9     1164.00      227.00        0.00
     0     9     1162.00      217.00        0.00
     0     9     1160.00      209.00        0.00
     0     9     1156.00      203.00        0.00
     0     9     1154.00      197.00        0.00
     0     9     1154.00      191.00        0.00
     0     9     1150.00      185.00        0.00
     0     9     1148.00      179.00        0.00
     0     9     1144.00      173.00        0.00
     0     9     1140.00      169.00        0.00
     0     9     1136.00      163.00        0.00
     0     9     1130.00      159.00        0.00
     0     9     1124.00      157.00        0.00
     0     9     1118.00      153.00        0.00
     0     9     1112.00      151.00        0.00
     0     9     1106.00      147.00        0.00
     0     9     1100.00      145.00        0.00
     0     9     1094.00      143.00        0.00
     0     9     1086.00      143.00        0.00
     0     9     1080.00      143.00        0.00
     0     9     1074.00      145.00        0.00
     0     9     1068.00      145.00        0.00
     0     9     1068.00      139.00        0.00
     0     9     1070.00      133.00        0.00
     0     9     1076.00      125.00        0.00
     0     9     1080.00      117.00        0.00
     0     9     1084.00      113.00        0.00
     0     9     1086.00      107.00        0.00
     0     9     1090.00      103.00        0.00
     0     9     1092.00       97.00        0.00
     0     9     1092.00       91.00        0.00
     0     9     1092.00       85.00        0.00
     0     9     1092.00       79.00        0.00
     0     9     1092.00       73.00        0.00
     0     9     1094.00       67.00        0.00
     0     9     1094.00       59.00        0.00
     0     9     1094.00       53.00        0.00
     0    10      296.00      209.00        0.00
     0    10      314.00      209.00        0.00
     0    10      320.00      209.00        0.00
     0    10      326.00      209.00        0.00
     0    10      332.00      213.00        0.00
     0    10      338.00      215.00        0.00
     0    10      344.00      219.00        0.00
     0    10      350.00      221.00        0.00
     0    10      356.00      225.00        0.00
     0    10      362.00      229.00        0.00
     0    10      366.00      233.00        0.00
     0    10      370.00      237.00        0.00
     0    10      374.00      241.00        0.00
     0    10      376.00      247.00        0.00
     0    10      382.00      251.00        0.00
     0    10      386.00      257.00        0.00
     0    10      392.00      261.00        0.00
     0    10      398.00      265.00        0.00
     0    10      404.00      269.00        0.00
     0    10      410.00      273.00        0.00
     0    10      414.00      277.00        0.00
     0    10      418.00      281.00        0.00
     0    10      420.00      287.00        0.00
     0    10      420.00      293.00        0.00
     0    10      422.00      299.00        0.00
     0    10      422.00      305.00        0.00
     0    10      422.00      311.00        0.00
     0    10      424.00      319.00        0.00
     0    10      424.00      325.00        0.00
     0    10      426.00      333.00        0.00
     0    10      428.00      339.00        0.00
     0    10      428.00      347.00        0.00
     0    10      430.00      353.00        0.00
     0    10      430.00      359.00        0.00
     0    10      432.00      367.00        0.00
     0    10      432.00      373.00        0.00
     0    10      432.00      381.00        0.00
     0    10      430.00      387.00        0.00
     0    10      428.00      393.00        0.00
     0    10      422.00      397.00        0.00
     0    10      416.00      403.00        0.00
     0    10      412.00      407.00        0.00
     0    10      406.00      407.00        0.00
     0    10      400.00      409.00        0.00
     0    10      394.00      411.00        0.00
     0    10      388.00      411.00        0.00
     0    10      382.00      415.00        0.00
     0    10      376.00      415.00        0.00
     0    10      370.00      419.00        0.00
     0    10      364.00      421.00        0.00
     0    10      356.00      421.00        0.00
     0    10      350.00      423.00        0.00
     0    10      342.00      423.00        0.00
     0    10      334.00      421.00        0.00
     0    10      328.00      417.00        0.00
     0    10      322.00      413.00        0.00
     0    10      316.00      411.00        0.00
     0    10      312.00      407.00        0.00
     0    10      306.00      403.00        0.00
     0    10      302.00      399.00        0.00
     0    10      298.00      393.00        0.00
     0    10      296.00      385.00        0.00
     0    10      296.00      379.00        0.00
     0    10      292.00      371.00        0.00
     0    10      290.00      361.00        0.00
     0    10      290.00      353.00        0.00
     0    10      288.00      345.00        0.00
     0    10      288.00      339.00        0.00
     0    10      288.00      331.00        0.00
     0    10      286.00      325.00        0.00
     0    10      286.00      319.00        0.00
     0    10      286.00      313.00        0.00
     0    10      286.00      307.00        0.00
     0    10      286.00      297.00        0.00
     0    10      286.00      291.00        0.00
     0    10      286.00      285.00        0.00
     0    10      286.00      279.00        0.00
     0    11       64.00     1349.00        0.00
     0    11       68.00     1345.00        0.00
     0    11       74.00     1343.00        0.00
     0    11       78.00     1339.00        0.00
     0    11       84.00     1337.00        0.00
     0    11       88.00     1333.00        0.00
     0    11       94.00     1329.00        0.00
     0    11      100.00     1327.00        0.00
     0    11      106.00     1323.00        0.00
     0    11      112.00     1321.00        0.00
     0    11      118.00     1319.00        0.00
     0    11      122.00     1315.00        0.00
     0    11      130.00     1311.00        0.00
     0    11      136.00     1309.00        0.00
     0    11      142.00     1305.00        0.00
     0    11      148.00     1301.00        0.00
     0    11      154.00     1299.00        0.00
     0    11      160.00     1297.00        0.00
     0    11      164.00     1293.00        0.00
     0    11      172.00     1289.00        0.00
     0    11      176.00     1285.00        0.00
     0    11      180.00     1281.00        0.00
     0    11      184.00     1277.00        0.00
     0    11      188.00     1273.00        0.00
     0    11      192.00     1269.00        0.00
     0    11      196.00     1265.00        0.00
     0    11      200.00     1261.00        0.00
     0    11      204.00     1257.00        0.00
     0    11      210.00     1253.00        0.00
     0    11      214.00     1249.00        0.00
     0    11      220.00     1245.00        0.00
     0    11      224.00     1241.00        0.00
     0    11      232.00     1237.00        0.00
     0    11      238.00     1233.00        0.00
     0    11      244.00     1231.00        0.00
     0    11      248.00     1227.00        0.00
     0    11      252.00     1223.00        0.00
     0    11      256.00     1219.00        0.00
     0    11      260.00     1215.00        0.00
     0    11      264.00     1209.00        0.00
     0    11      264.00     1203.00        0.00
     0    11      264.00     1197.00        0.00
     0    11      264.00     1191.00        0.00
     0    11      264.00     1185.00        0.00
     0    11      260.00     1179.00        0.00
     0    11      256.00     1175.00        0.00
     0    11      252.00     1171.00        0.00
     0    11      246.00     1167.00        0.00
     0    11      240.00     1165.00        0.00
     0    11      234.00     1163.00        0.00
     0    11      228.00     1163.00        0.00
     0    11      220.00     1163.00        0.00
     0    11      214.00     1167.00        0.00
     0    11      208.00     1171.00        0.00
     0    11      204.00     1175.00        0.00
     0    11      200.00     1179.00        0.00
     0    11      196.00     1183.00        0.00
     0    11      192.00     1187.00        0.00
     0    11      190.00     1193.00        0.00
     0    11      186.00     1197.00        0.00
     0    11      182.00     1201.00        0.00
     0    11      178.00     1207.00        0.00
     0    11      174.00     1211.00        0.00
     0    11      170.00     1217.00        0.00
     0    11      166.00     1221.00        0.00
     0    11      164.00     1227.00        0.00
     0    11      160.00     1231.00        0.00
     0    11      158.00     1237.00        0.00
     0    11      154.00     1241.00        0.00
     0    11      152.00     1247.00        0.00
     0    11      148.00     1251.00        0.00
     0    11      144.00     1257.00        0.00
     0    11      142.00     1263.00        0.00
     0    11      138.00     1267.00        0.00
     0    11      134.00     1271.00        0.00
     0    11      130.00     1277.00        0.00
     0    11      126.00     1281.00        0.00
     0    11      122.00     1287.00        0.00
     0    11      118.00     1293.00        0.00
     0    11      114.00     1299.00        0.00
     0    11      110.00     1303.00        0.00
     0    11      104.00     1307.00        0.00
     0    11      100.00     1311.00        0.00
     0    11       98.00     1317.00        0.00
     0    11       94.00     1321.00        0.00
     0    12     1530.00     1107.00        0.00
     0    12     1536.00     1113.00        0.00
     0    12     1540.00     1117.00        0.00
     0    12     1546.00     1121.00        0.00
     0    12     1550.00     1125.00        0.00
     0    12     1554.00     1129.00        0.00
     0    12     1560.00     1131.00        0.00
     0    12     1564.00     1135.00        0.00
     0    12     1568.00     1139.00        0.00
     0    12     1574.00     1141.00        0.00
     0    12     1578.00     1137.00        0.00
     0    12     1582.00     1131.00        0.00
     0    12     1584.00     1125.00        0.00
     0    12     1586.00     1119.00        0.00
     0    12     1590.00     1115.00        0.00
     0    12     1590.00     1109.00        0.00
     0    12     1594.00     1101.00        0.00
     0    12     1594.00     1095.00        0.00
     0    12     1598.00     1091.00        0.00
     0    12     1598.00     1099.00        0.00
     0    12     1598.00     1107.00        0.00
     0    12     1596.00     1113.00        0.00
     0    12     1594.00     1119.00        0.00
     0    12     1594.00     1125.00        0.00
     0    12     1594.00     1131.00        0.00
     0    12     1594.00     1137.00        0.00
     0    12     1598.00     1141.00        0.00
     0    12     1600.00     1147.00        0.00
     0    12     1604.00     1153.00        0.00
     0    12     1606.00     1161.00        0.00
     0    12     1610.00     1165.00        0.00
     0    12     1614.00     1171.00        0.00
     0    12     1618.00     1177.00        0.00
     0    12     1622.00     1181.00        0.00
     0    12     1628.00     1185.00        0.00
     0    12     1634.00     1187.00        0.00
     0    12     1640.00     1187.00        0.00
     0    12     1646.00     1187.00        0.00
     0    12     1652.00     1185.00        0.00
     0    12     1658.00     1183.00        0.00
     0    12     1664.00     1181.00        0.00
     0    12     1666.00     1187.00        0.00
     0    12     1668.00     1201.00        0.00
     0    12     1668.00     1209.00        0.00
     0    12     1666.00     1217.00        0.00
     0    12     1666.00     1225.00        0.00
     0    12     1666.00     1231.00        0.00
     0    12     1666.00     1241.00        0.00
     0    12     1666.00     1247.00        0.00
     0    12     1666.00     1255.00        0.00
     0    12     1666.00     1263.00        0.00
     0    12     1668.00     1269.00        0.00
     0    12     1668.00     1275.00        0.00
     0    12     1668.00     1281.00        0.00
     0    12     1670.00     1287.00        0.00
     0    12     1674.00     1291.00        0.00
     0    12     1676.00     1297.00        0.00
     0    12     1680.00     1303.00        0.00
     0    12     1680.00     1309.00        0.00
     0    12     1682.00     1315.00        0.00
     0    12     1682.00     1321.00        0.00
     0    12     1680.00     1329.00        0.00
     0    12     1680.00     1335.00        0.00
     0    12     1676.00     1339.00        0.00
     0    12     1674.00     1345.00        0.00
     0    12     1672.00     1351.00        0.00
     0    12     1668.00     1355.00        0.00
     0    12     1664.00     1361.00        0.00
     0    12     1662.00     1367.00        0.00
     0    12     1660.00     1373.00        0.00
     0    12     1658.00     1379.00        0.00
     0    12     1654.00     1383.00        0.00
     0    12     1650.00     1387.00        0.00
     0    12     1642.00     1387.00        0.00
     0    12     1632.00     1387.00        0.00
     0    12     1624.00     1385.00        0.00
     0    12     1616.00     1383.00        0.00
     0    12     1608.00     1383.00        0.00
     0    12     1600.00     1381.00        0.00
     0    12     1594.00     1379.00        0.00
     0    12     1588.00     1375.00        0.00
     0    12     1582.00     1369.00        0.00
     0    12     1578.00     1365.00        0.00
     0    12     1576.00     1359.00        0.00
     0    12     1574.00     1351.00        0.00
     0    12     1574.00     1345.00        0.00
     0    12     1574.00     1337.00        0.00
     0    12     1574.00     1331.00        0.00
     0    12     1572.00     1325.00        0.00
     0    12     1570.00     1319.00        0.00
     0    12     1568.00     1313.00        0.00
     0    12     1566.00     1305.00        0.00
     0    12     1562.00     1297.00        0.00
     0    12     1558.00     1291.00        0.00
     0    12     1554.00     1283.00        0.00
     0    12     1550.00     1275.00        0.00
     0    12     1548.00     1269.00        0.00
     0    12     1544.00     1263.00        0.00
     0    12     1542.00     1257.00        0.00
     0    12     1538.00     1253.00        0.00
     0    12     1534.00     1247.00        0.00
     0    12     1532.00     1241.00        0.00
     0    12     1530.00     1235.00        0.00
     0    12     1528.00     1229.00        0.00
     0    12     1528.00     1223.00        0.00
     0    12     1528.00     1217.00        0.00
     0    12     1532.00     1213.00        0.00
     0    12     1540.00     1219.00        0.00
     0    12     1546.00     1225.00        0.00
     0    12     1550.00     1221.00        0.00
     0    12     1550.00     1213.00        0.00
     0    12     1550.00     1207.00        0.00
     0    12     1548.00     1199.00        0.00
     0    12     1548.00     1193.00        0.00
     0    12     1546.00     1187.00        0.00
     0    12     1546.00     1181.00        0.00
     0    12     1546.00     1175.00        0.00
     0    12     1546.00     1169.00        0.00
     0    12     1546.00     1163.00        0.00
     0    12     1546.00     1157.00        0.00
     0    12     1546.00     1151.00        0.00
     0    12     1546.00     1145.00        0.00
     0    12     1546.00     1139.00        0.00
