     0     0      692.00     1109.00        0.00
     0     0      688.00     1113.00        0.00
     0     0      682.00     1113.00        0.00
     0     0      676.00     1113.00        0.00
     0     0      670.00     1113.00        0.00
     0     0      662.00     1113.00        0.00
     0     0      656.00     1113.00        0.00
     0     0      650.00     1113.00        0.00
     0     0      644.00     1113.00        0.00
     0     0      638.00     1111.00        0.00
     0     0      632.00     1111.00        0.00
     0     0      626.00     1109.00        0.00
     0     0      620.00     1109.00        0.00
     0     0      614.00     1109.00        0.00
     0     0      608.00     1109.00        0.00
     0     0      602.00     1109.00        0.00
     0     0      596.00     1109.00        0.00
     0     0      590.00     1109.00        0.00
     0     0      584.00     1109.00        0.00
     0     0      578.00     1109.00        0.00
     0     0      572.00     1109.00        0.00
     0     0      566.00     1109.00        0.00
     0     0      560.00     1109.00        0.00
     0     0      554.00     1109.00        0.00
     0     0      548.00     1107.00        0.00
     0     0      542.00     1105.00        0.00
     0     0      536.00     1103.00        0.00
     0     0      530.00     1101.00        0.00
     0     0      524.00     1101.00        0.00
     0     0      518.00     1099.00        0.00
     0     0      512.00     1099.00        0.00
     0     0      506.00     1097.00        0.00
     0     0      500.00     1097.00        0.00
     0     0      494.00     1097.00        0.00
     0     0      488.00     1095.00        0.00
     0     0      482.00     1095.00        0.00
     0     0      476.00     1093.00        0.00
     0     0      470.00     1093.00        0.00
     0     0      466.00     1089.00        0.00
     0     0      460.00     1087.00        0.00
     0     0      454.00     1085.00        0.00
     0     0      448.00     1083.00        0.00
     0     0      444.00     1079.00        0.00
     0     0      440.00     1075.00        0.00
     0     0      434.00     1073.00        0.00
     0     0      430.00     1069.00        0.00
     0     0      426.00     1065.00        0.00
     0     0      422.00     1061.00        0.00
     0     0      416.00     1057.00        0.00
     0     0      412.00     1053.00        0.00
     0     0      408.00     1049.00        0.00
     0     0      404.00     1045.00        0.00
     0     0      400.00     1041.00        0.00
     0     0      396.00     1035.00        0.00
     0     0      392.00     1031.00        0.00
     0     0      388.00     1025.00        0.00
     0     0      386.00     1017.00        0.00
     0     0      382.00     1011.00        0.00
     0     0      380.00     1005.00        0.00
     0     0      378.00      997.00        0.00
     0     0      376.00      991.00        0.00
     0     0      372.00      985.00        0.00
     0     0      370.00      977.00        0.00
     0     0      370.00      971.00        0.00
     0     0      368.00      965.00        0.00
     0     0      368.00      959.00        0.00
     0     0      368.00      953.00        0.00
     0     0      368.00      947.00        0.00
     0     0      368.00      941.00        0.00
     0     0      370.00      935.00        0.00
     0     0      370.00      929.00        0.00
     0     0      368.00      923.00        0.00
     0     0      366.00      917.00        0.00
     0     0      364.00      911.00        0.00
     0     0      360.00      905.00        0.00
     0     0      356.00      899.00        0.00
     0     0      352.00      895.00        0.00
     0     0      346.00      891.00        0.00
     0     0      342.00      887.00        0.00
     0     0      336.00      885.00        0.00
     0     0      330.00      883.00        0.00
     0     0      324.00      881.00        0.00
     0     0      318.00      881.00        0.00
     0     0      312.00      883.00        0.00
     0     0      308.00      889.00        0.00
     0     0      304.00      895.00        0.00
     0     0      300.00      899.00        0.00
     0     0      296.00      905.00        0.00
     0     0      292.00      911.00        0.00
     0     0      288.00      915.00        0.00
     0     0      284.00      919.00        0.00
     0     0      278.00      923.00        0.00
     0     0      272.00      927.00        0.00
     0     0      266.00      929.00        0.00
     0     0      262.00      933.00        0.00
     0     0      256.00      935.00        0.00
     0     0      250.00      939.00        0.00
     0     0      244.00      943.00        0.00
     0     0      240.00      947.00        0.00
     0     0      236.00      951.00        0.00
     0     0      232.00      957.00        0.00
     0     0      230.00      965.00        0.00
     0     0      230.00      971.00        0.00
     0     0      232.00      977.00        0.00
     0     0      236.00      981.00        0.00
     0     0      240.00      987.00        0.00
     0     0      244.00      991.00        0.00
     0     0      248.00      995.00        0.00
     0     0      252.00     1001.00        0.00
     0     0      254.00     1007.00        0.00
     0     0      256.00     1013.00        0.00
     0     0      256.00     1019.00        0.00
     0     0      254.00     1025.00        0.00
     0     0      252.00     1031.00        0.00
     0     0      248.00     1035.00        0.00
     0     0      246.00     1041.00        0.00
     0     0      242.00     1047.00        0.00
     0     0      240.00     1053.00        0.00
     0     0      236.00     1061.00        0.00
     0     0      232.00     1067.00        0.00
     0     0      232.00     1073.00        0.00
     0     0      232.00     1079.00        0.00
     0     0      230.00     1085.00        0.00
     0     0      230.00     1091.00        0.00
     0     0      232.00     1097.00        0.00
     0     0      238.00     1099.00        0.00
     0     0      244.00     1101.00        0.00
     0     0      252.00     1103.00        0.00
     0     0      258.00     1103.00        0.00
     0     0      266.00     1103.00        0.00
     0     0      272.00     1101.00        0.00
     0     0      280.00     1097.00        0.00
     0     0      286.00     1095.00        0.00
     0     0      292.00     1093.00        0.00
     0     0      298.00     1089.00        0.00
     0     0      304.00     1087.00        0.00
     0     0      310.00     1085.00        0.00
     0     0      316.00     1081.00        0.00
     0     0      322.00     1081.00        0.00
     0     0      328.00     1079.00        0.00
     0     0      334.00     1079.00        0.00
     0     0      340.00     1077.00        0.00
     0     0      346.00     1077.00        0.00
     0     0      352.00     1075.00        0.00
     0     0      358.00     1075.00        0.00
     0     0      364.00     1075.00        0.00
     0     0      370.00     1075.00        0.00
     0     0      376.00     1075.00        0.00
     0     0      382.00     1073.00        0.00
     0     0      388.00     1073.00        0.00
     0     0      394.00     1073.00        0.00
     0     0      400.00     1073.00        0.00
     0     0      406.00     1073.00        0.00
     0     0      412.00     1075.00        0.00
     0     0      418.00     1077.00        0.00
     0     0      424.00     1079.00        0.00
     0     0      430.00     1083.00        0.00
     0     0      436.00     1083.00        0.00
     0     0      442.00     1085.00        0.00
     0     0      448.00     1087.00        0.00
     0     0      456.00     1089.00        0.00
     0     0      462.00     1091.00        0.00
     0     0      468.00     1091.00        0.00
     0     0      474.00     1093.00        0.00
     0     0      478.00     1097.00        0.00
     0     0      484.00     1101.00        0.00
     0     0      490.00     1103.00        0.00
     0     0      496.00     1105.00        0.00
     0     0      502.00     1107.00        0.00
     0     0      508.00     1107.00        0.00
     0     0      514.00     1107.00        0.00
     0     0      520.00     1109.00        0.00
     0     0      526.00     1109.00        0.00
     0     0      532.00     1111.00        0.00
     0     0      538.00     1113.00        0.00
     0     0      544.00     1113.00        0.00
     0     0      550.00     1113.00        0.00
     0     0      556.00     1115.00        0.00
     0     0      562.00     1115.00        0.00
     0     0      568.00     1115.00        0.00
     0     0      574.00     1117.00        0.00
     0     0      580.00     1117.00        0.00
     0     0      586.00     1117.00        0.00
     0     0      592.00     1117.00        0.00
     0     0      598.00     1119.00        0.00
     0     0      604.00     1119.00        0.00
     0     0      610.00     1121.00        0.00
     0     0      616.00     1121.00        0.00
     0     0      622.00     1121.00        0.00
     0     0      628.00     1121.00        0.00
     0     0      636.00     1123.00        0.00
     0     0      642.00     1123.00        0.00
     0     1      248.00      485.00        0.00
     0     1      252.00      489.00        0.00
     0     1      258.00      493.00        0.00
     0     1      264.00      497.00        0.00
     0     1      270.00      499.00        0.00
     0     1      274.00      503.00        0.00
     0     1      278.00      507.00        0.00
     0     1      284.00      511.00        0.00
     0     1      288.00      515.00        0.00
     0     1      294.00      519.00        0.00
     0     1      298.00      525.00        0.00
     0     1      302.00      531.00        0.00
     0     1      306.00      535.00        0.00
     0     1      310.00      539.00        0.00
     0     1      314.00      543.00        0.00
     0     1      318.00      547.00        0.00
     0     1      322.00      551.00        0.00
     0     1      326.00      557.00        0.00
     0     1      330.00      561.00        0.00
     0     1      334.00      567.00        0.00
     0     1      338.00      571.00        0.00
     0     1      340.00      577.00        0.00
     0     1      342.00      583.00        0.00
     0     1      342.00      589.00        0.00
     0     1      344.00      595.00        0.00
     0     1      344.00      601.00        0.00
     0     1      344.00      609.00        0.00
     0     1      344.00      615.00        0.00
     0     1      342.00      621.00        0.00
     0     1      342.00      627.00        0.00
     0     1      340.00      633.00        0.00
     0     1      340.00      641.00        0.00
     0     1      338.00      647.00        0.00
     0     1      336.00      653.00        0.00
     0     1      336.00      659.00        0.00
     0     1      336.00      665.00        0.00
     0     1      336.00      671.00        0.00
     0     1      336.00      677.00        0.00
     0     1      336.00      683.00        0.00
     0     1      336.00      691.00        0.00
     0     1      338.00      697.00        0.00
     0     1      338.00      703.00        0.00
     0     1      336.00      709.00        0.00
     0     1      334.00      715.00        0.00
     0     1      330.00      721.00        0.00
     0     1      326.00      727.00        0.00
     0     1      322.00      731.00        0.00
     0     1      316.00      731.00        0.00
     0     1      306.00      729.00        0.00
     0     1      298.00      725.00        0.00
     0     1      294.00      721.00        0.00
     0     1      288.00      717.00        0.00
     0     1      280.00      711.00        0.00
     0     1      274.00      705.00        0.00
     0     1      270.00      701.00        0.00
     0     1      266.00      697.00        0.00
     0     1      262.00      693.00        0.00
     0     1      254.00      689.00        0.00
     0     1      250.00      685.00        0.00
     0     1      242.00      683.00        0.00
     0     1      236.00      681.00        0.00
     0     1      230.00      679.00        0.00
     0     1      224.00      677.00        0.00
     0     1      220.00      673.00        0.00
     0     1      212.00      671.00        0.00
     0     1      208.00      667.00        0.00
     0     1      202.00      665.00        0.00
     0     1      196.00      661.00        0.00
     0     1      190.00      659.00        0.00
     0     1      184.00      657.00        0.00
     0     1      178.00      657.00        0.00
     0     1      172.00      657.00        0.00
     0     1      168.00      653.00        0.00
     0     1      166.00      647.00        0.00
     0     1      168.00      641.00        0.00
     0     1      172.00      637.00        0.00
     0     1      178.00      633.00        0.00
     0     1      184.00      629.00        0.00
     0     1      190.00      629.00        0.00
     0     1      198.00      625.00        0.00
     0     1      204.00      625.00        0.00
     0     1      210.00      623.00        0.00
     0     1      216.00      621.00        0.00
     0     1      224.00      619.00        0.00
     0     1      230.00      615.00        0.00
     0     1      236.00      611.00        0.00
     0     1      242.00      607.00        0.00
     0     1      248.00      605.00        0.00
     0     1      252.00      601.00        0.00
     0     1      256.00      597.00        0.00
     0     1      260.00      593.00        0.00
     0     1      262.00      587.00        0.00
     0     1      264.00      581.00        0.00
     0     1      268.00      577.00        0.00
     0     1      270.00      571.00        0.00
     0     1      272.00      565.00        0.00
     0     1      274.00      559.00        0.00
     0     1      276.00      551.00        0.00
     0     1      274.00      543.00        0.00
     0     1      272.00      537.00        0.00
     0     1      270.00      531.00        0.00
     0     1      266.00      527.00        0.00
     0     1      264.00      521.00        0.00
     0     1      260.00      517.00        0.00
     0     1      256.00      513.00        0.00
     0     1      250.00      509.00        0.00
     0     1      244.00      507.00        0.00
     0     1      240.00      503.00        0.00
     0     1      234.00      501.00        0.00
     0     1      228.00      501.00        0.00
     0     1      222.00      499.00        0.00
     0     1      216.00      499.00        0.00
     0     1      210.00      499.00        0.00
     0     1      204.00      499.00        0.00
     0     1      198.00      497.00        0.00
     0     1      192.00      497.00        0.00
     0     1      186.00      493.00        0.00
     0     1      180.00      489.00        0.00
     0     1      174.00      487.00        0.00
     0     1      166.00      485.00        0.00
     0     1      162.00      481.00        0.00
     0     1      156.00      477.00        0.00
     0     1      148.00      473.00        0.00
     0     1      144.00      469.00        0.00
     0     1      142.00      463.00        0.00
     0     1      144.00      457.00        0.00
     0     1      148.00      453.00        0.00
     0     1      154.00      451.00        0.00
     0     1      160.00      449.00        0.00
     0     1      166.00      449.00        0.00
     0     1      172.00      449.00        0.00
     0     1      178.00      449.00        0.00
     0     1      184.00      447.00        0.00
     0     1      190.00      447.00        0.00
     0     1      196.00      447.00        0.00
     0     1      202.00      449.00        0.00
     0     1      208.00      451.00        0.00
     0     1      214.00      455.00        0.00
     0     1      220.00      457.00        0.00
     0     1      226.00      461.00        0.00
     0     2      378.00      465.00        0.00
     0     2      388.00      475.00        0.00
     0     2      392.00      479.00        0.00
     0     2      396.00      483.00        0.00
     0     2      400.00      487.00        0.00
     0     2      404.00      491.00        0.00
     0     2      408.00      495.00        0.00
     0     2      412.00      501.00        0.00
     0     2      416.00      507.00        0.00
     0     2      418.00      513.00        0.00
     0     2      420.00      519.00        0.00
     0     2      424.00      525.00        0.00
     0     2      424.00      531.00        0.00
     0     2      428.00      537.00        0.00
     0     2      434.00      541.00        0.00
     0     2      440.00      541.00        0.00
     0     2      446.00      543.00        0.00
     0     2      452.00      543.00        0.00
     0     2      458.00      545.00        0.00
     0     2      466.00      545.00        0.00
     0     2      472.00      547.00        0.00
     0     2      480.00      549.00        0.00
     0     2      486.00      549.00        0.00
     0     2      490.00      553.00        0.00
     0     2      492.00      559.00        0.00
     0     2      486.00      559.00        0.00
     0     2      480.00      557.00        0.00
     0     2      474.00      557.00        0.00
     0     2      468.00      555.00        0.00
     0     2      462.00      553.00        0.00
     0     2      454.00      551.00        0.00
     0     2      448.00      551.00        0.00
     0     2      442.00      549.00        0.00
     0     2      436.00      549.00        0.00
     0     2      430.00      547.00        0.00
     0     2      424.00      545.00        0.00
     0     2      418.00      543.00        0.00
     0     2      412.00      545.00        0.00
     0     2      408.00      551.00        0.00
     0     2      406.00      557.00        0.00
     0     2      406.00      563.00        0.00
     0     2      410.00      567.00        0.00
     0     2      414.00      573.00        0.00
     0     2      420.00      577.00        0.00
     0     2      424.00      581.00        0.00
     0     2      428.00      585.00        0.00
     0     2      432.00      589.00        0.00
     0     2      436.00      595.00        0.00
     0     2      438.00      601.00        0.00
     0     2      440.00      607.00        0.00
     0     2      442.00      613.00        0.00
     0     2      442.00      619.00        0.00
     0     2      444.00      625.00        0.00
     0     2      446.00      631.00        0.00
     0     2      446.00      637.00        0.00
     0     2      446.00      645.00        0.00
     0     2      442.00      649.00        0.00
     0     2      438.00      653.00        0.00
     0     2      432.00      657.00        0.00
     0     2      424.00      661.00        0.00
     0     2      418.00      661.00        0.00
     0     2      412.00      661.00        0.00
     0     2      406.00      661.00        0.00
     0     2      400.00      661.00        0.00
     0     2      394.00      657.00        0.00
     0     2      388.00      655.00        0.00
     0     2      384.00      651.00        0.00
     0     2      378.00      649.00        0.00
     0     2      372.00      643.00        0.00
     0     2      368.00      637.00        0.00
     0     2      364.00      633.00        0.00
     0     2      362.00      627.00        0.00
     0     2      360.00      621.00        0.00
     0     2      358.00      615.00        0.00
     0     2      356.00      609.00        0.00
     0     2      354.00      603.00        0.00
     0     2      352.00      595.00        0.00
     0     2      350.00      589.00        0.00
     0     2      348.00      583.00        0.00
     0     2      346.00      577.00        0.00
     0     2      344.00      571.00        0.00
     0     2      340.00      565.00        0.00
     0     2      338.00      559.00        0.00
     0     2      334.00      555.00        0.00
     0     2      330.00      549.00        0.00
     0     2      324.00      543.00        0.00
     0     2      320.00      539.00        0.00
     0     2      316.00      533.00        0.00
     0     2      312.00      529.00        0.00
     0     2      308.00      525.00        0.00
     0     2      304.00      519.00        0.00
     0     2      300.00      513.00        0.00
     0     2      296.00      509.00        0.00
     0     2      290.00      505.00        0.00
     0     2      284.00      501.00        0.00
     0     2      278.00      497.00        0.00
     0     2      272.00      493.00        0.00
     0     2      266.00      489.00        0.00
     0     2      262.00      485.00        0.00
     0     2      258.00      481.00        0.00
     0     2      256.00      475.00        0.00
     0     2      252.00      471.00        0.00
     0     2      250.00      465.00        0.00
     0     2      246.00      461.00        0.00
     0     2      242.00      455.00        0.00
     0     2      238.00      449.00        0.00
     0     2      234.00      443.00        0.00
     0     2      230.00      439.00        0.00
     0     2      226.00      433.00        0.00
     0     2      222.00      427.00        0.00
     0     2      222.00      421.00        0.00
     0     2      222.00      415.00        0.00
     0     2      228.00      415.00        0.00
     0     2      234.00      415.00        0.00
     0     2      240.00      415.00        0.00
     0     2      246.00      415.00        0.00
     0     2      252.00      415.00        0.00
     0     2      258.00      419.00        0.00
     0     2      264.00      423.00        0.00
     0     2      268.00      427.00        0.00
     0     2      272.00      431.00        0.00
     0     2      278.00      433.00        0.00
     0     2      282.00      437.00        0.00
     0     2      288.00      439.00        0.00
     0     2      294.00      441.00        0.00
     0     2      300.00      441.00        0.00
     0     2      308.00      443.00        0.00
     0     2      314.00      445.00        0.00
     0     2      320.00      445.00        0.00
     0     2      326.00      445.00        0.00
     0     2      332.00      447.00        0.00
     0     2      340.00      447.00        0.00
     0     2      344.00      451.00        0.00
     0     3      208.00      389.00        0.00
     0     3      200.00      389.00        0.00
     0     3      194.00      385.00        0.00
     0     3      188.00      383.00        0.00
     0     3      182.00      381.00        0.00
     0     3      176.00      381.00        0.00
     0     3      170.00      379.00        0.00
     0     3      164.00      379.00        0.00
     0     3      158.00      377.00        0.00
     0     3      150.00      375.00        0.00
     0     3      144.00      375.00        0.00
     0     3      136.00      375.00        0.00
     0     3      128.00      375.00        0.00
     0     3      118.00      375.00        0.00
     0     3      112.00      375.00        0.00
     0     3      104.00      375.00        0.00
     0     3       96.00      375.00        0.00
     0     3       90.00      375.00        0.00
     0     3       84.00      375.00        0.00
     0     3       78.00      375.00        0.00
     0     3       72.00      373.00        0.00
     0     3       66.00      373.00        0.00
     0     3       58.00      371.00        0.00
     0     3       52.00      371.00        0.00
     0     3       46.00      371.00        0.00
     0     3       40.00      371.00        0.00
     0     3       34.00      371.00        0.00
     0     3       28.00      367.00        0.00
     0     3       24.00      363.00        0.00
     0     3       20.00      359.00        0.00
     0     3       22.00      353.00        0.00
     0     3       30.00      353.00        0.00
     0     3       36.00      353.00        0.00
     0     3       44.00      353.00        0.00
     0     3       50.00      353.00        0.00
     0     3       56.00      355.00        0.00
     0     3       64.00      355.00        0.00
     0     3       72.00      355.00        0.00
     0     3       80.00      357.00        0.00
     0     3       86.00      357.00        0.00
     0     3       82.00      351.00        0.00
     0     3       78.00      347.00        0.00
     0     3       72.00      343.00        0.00
     0     3       68.00      339.00        0.00
     0     3       66.00      333.00        0.00
     0     3       62.00      327.00        0.00
     0     3       62.00      321.00        0.00
     0     3       64.00      315.00        0.00
     0     3       68.00      311.00        0.00
     0     3       74.00      307.00        0.00
     0     3       80.00      305.00        0.00
     0     3       86.00      303.00        0.00
     0     3       92.00      299.00        0.00
     0     3       96.00      295.00        0.00
     0     3      102.00      293.00        0.00
     0     3      110.00      289.00        0.00
     0     3      116.00      287.00        0.00
     0     3      122.00      285.00        0.00
     0     3      128.00      281.00        0.00
     0     3      134.00      277.00        0.00
     0     3      140.00      273.00        0.00
     0     3      142.00      267.00        0.00
     0     3      142.00      261.00        0.00
     0     3      142.00      255.00        0.00
     0     3      142.00      249.00        0.00
     0     3      142.00      243.00        0.00
     0     3      142.00      237.00        0.00
     0     3      140.00      231.00        0.00
     0     3      138.00      225.00        0.00
     0     3      138.00      219.00        0.00
     0     3      144.00      217.00        0.00
     0     3      150.00      217.00        0.00
     0     3      156.00      217.00        0.00
     0     3      162.00      217.00        0.00
     0     3      168.00      217.00        0.00
     0     3      174.00      217.00        0.00
     0     3      180.00      217.00        0.00
     0     3      186.00      219.00        0.00
     0     3      192.00      219.00        0.00
     0     3      198.00      219.00        0.00
     0     3      204.00      221.00        0.00
     0     3      210.00      223.00        0.00
     0     3      216.00      227.00        0.00
     0     3      222.00      229.00        0.00
     0     3      226.00      233.00        0.00
     0     3      230.00      237.00        0.00
     0     3      234.00      243.00        0.00
     0     3      234.00      249.00        0.00
     0     3      238.00      255.00        0.00
     0     3      240.00      261.00        0.00
     0     3      240.00      267.00        0.00
     0     3      244.00      273.00        0.00
     0     3      246.00      279.00        0.00
     0     3      250.00      283.00        0.00
     0     3      254.00      287.00        0.00
     0     3      258.00      293.00        0.00
     0     3      262.00      297.00        0.00
     0     3      266.00      301.00        0.00
     0     3      272.00      305.00        0.00
     0     3      278.00      309.00        0.00
     0     3      284.00      315.00        0.00
     0     3      290.00      319.00        0.00
     0     3      298.00      325.00        0.00
     0     3      304.00      329.00        0.00
     0     3      308.00      333.00        0.00
     0     3      314.00      335.00        0.00
     0     3      320.00      337.00        0.00
     0     3      326.00      339.00        0.00
     0     3      330.00      343.00        0.00
     0     3      336.00      343.00        0.00
     0     3      342.00      345.00        0.00
     0     3      350.00      347.00        0.00
     0     3      356.00      351.00        0.00
     0     3      362.00      355.00        0.00
     0     3      368.00      357.00        0.00
     0     3      372.00      361.00        0.00
     0     3      376.00      365.00        0.00
     0     3      380.00      371.00        0.00
     0     3      384.00      377.00        0.00
     0     3      386.00      383.00        0.00
     0     3      388.00      389.00        0.00
     0     3      388.00      395.00        0.00
     0     3      388.00      401.00        0.00
     0     3      388.00      407.00        0.00
     0     3      384.00      413.00        0.00
     0     3      382.00      419.00        0.00
     0     3      380.00      425.00        0.00
     0     3      378.00      431.00        0.00
     0     3      374.00      435.00        0.00
     0     3      368.00      437.00        0.00
     0     3      360.00      439.00        0.00
     0     3      354.00      437.00        0.00
     0     3      348.00      435.00        0.00
     0     3      342.00      433.00        0.00
     0     3      338.00      429.00        0.00
     0     3      332.00      427.00        0.00
     0     3      326.00      425.00        0.00
     0     3      320.00      423.00        0.00
     0     3      314.00      421.00        0.00
     0     3      308.00      417.00        0.00
     0     3      302.00      415.00        0.00
     0     3      296.00      413.00        0.00
     0     3      290.00      413.00        0.00
     0     3      284.00      411.00        0.00
     0     3      278.00      411.00        0.00
     0     3      272.00      411.00        0.00
     0     3      266.00      411.00        0.00
     0     3      260.00      411.00        0.00
     0     3      254.00      409.00        0.00
     0     3      248.00      405.00        0.00
     0     4      364.00       93.00        0.00
     0     4      366.00      103.00        0.00
     0     4      368.00      109.00        0.00
     0     4      372.00      113.00        0.00
     0     4      376.00      119.00        0.00
     0     4      378.00      125.00        0.00
     0     4      382.00      129.00        0.00
     0     4      384.00      135.00        0.00
     0     4      388.00      141.00        0.00
     0     4      390.00      147.00        0.00
     0     4      394.00      153.00        0.00
     0     4      396.00      159.00        0.00
     0     4      400.00      165.00        0.00
     0     4      404.00      173.00        0.00
     0     4      408.00      179.00        0.00
     0     4      410.00      185.00        0.00
     0     4      414.00      189.00        0.00
     0     4      418.00      193.00        0.00
     0     4      422.00      197.00        0.00
     0     4      426.00      201.00        0.00
     0     4      430.00      209.00        0.00
     0     4      430.00      215.00        0.00
     0     4      426.00      219.00        0.00
     0     4      420.00      219.00        0.00
     0     4      414.00      219.00        0.00
     0     4      408.00      219.00        0.00
     0     4      400.00      219.00        0.00
     0     4      394.00      221.00        0.00
     0     4      388.00      223.00        0.00
     0     4      384.00      227.00        0.00
     0     4      378.00      231.00        0.00
     0     4      374.00      235.00        0.00
     0     4      370.00      239.00        0.00
     0     4      368.00      245.00        0.00
     0     4      364.00      251.00        0.00
     0     4      360.00      255.00        0.00
     0     4      354.00      259.00        0.00
     0     4      346.00      261.00        0.00
     0     4      340.00      263.00        0.00
     0     4      332.00      263.00        0.00
     0     4      326.00      263.00        0.00
     0     4      320.00      263.00        0.00
     0     4      314.00      261.00        0.00
     0     4      308.00      257.00        0.00
     0     4      304.00      251.00        0.00
     0     4      304.00      245.00        0.00
     0     4      300.00      239.00        0.00
     0     4      298.00      233.00        0.00
     0     4      298.00      225.00        0.00
     0     4      296.00      215.00        0.00
     0     4      296.00      209.00        0.00
     0     4      296.00      203.00        0.00
     0     4      296.00      197.00        0.00
     0     4      296.00      191.00        0.00
     0     4      294.00      185.00        0.00
     0     4      292.00      179.00        0.00
     0     4      288.00      173.00        0.00
     0     4      286.00      167.00        0.00
     0     4      282.00      163.00        0.00
     0     4      278.00      159.00        0.00
     0     4      272.00      157.00        0.00
     0     4      266.00      155.00        0.00
     0     4      260.00      153.00        0.00
     0     4      260.00      147.00        0.00
     0     4      264.00      143.00        0.00
     0     4      268.00      139.00        0.00
     0     4      274.00      135.00        0.00
     0     4      282.00      133.00        0.00
     0     4      288.00      129.00        0.00
     0     4      294.00      127.00        0.00
     0     4      300.00      123.00        0.00
     0     4      306.00      119.00        0.00
     0     4      312.00      115.00        0.00
     0     4      316.00      111.00        0.00
     0     4      322.00      107.00        0.00
     0     4      326.00      103.00        0.00
     0     4      330.00       99.00        0.00
     0     4      336.00       95.00        0.00
     0     4      340.00       91.00        0.00
     0     4      344.00       87.00        0.00
     0     4      348.00       83.00        0.00
     0     4      352.00       79.00        0.00
     0     4      356.00       75.00        0.00
     0     4      360.00       71.00        0.00
     0     4      362.00       65.00        0.00
     0     4      366.00       61.00        0.00
     0     4      368.00       55.00        0.00
     0     4      372.00       51.00        0.00
     0     4      376.00       47.00        0.00
     0     4      376.00       53.00        0.00
     0     4      374.00       59.00        0.00
     0     4      370.00       65.00        0.00
     0     5      688.00      315.00        0.00
     0     5      700.00      335.00        0.00
     0     5      704.00      339.00        0.00
     0     5      706.00      345.00        0.00
     0     5      708.00      351.00        0.00
     0     5      710.00      357.00        0.00
     0     5      712.00      363.00        0.00
     0     5      712.00      369.00        0.00
     0     5      708.00      375.00        0.00
     0     5      704.00      379.00        0.00
     0     5      698.00      383.00        0.00
     0     5      694.00      387.00        0.00
     0     5      688.00      389.00        0.00
     0     5      684.00      393.00        0.00
     0     5      680.00      397.00        0.00
     0     5      676.00      401.00        0.00
     0     5      672.00      407.00        0.00
     0     5      668.00      411.00        0.00
     0     5      666.00      417.00        0.00
     0     5      662.00      421.00        0.00
     0     5      658.00      425.00        0.00
     0     5      656.00      431.00        0.00
     0     5      652.00      435.00        0.00
     0     5      648.00      439.00        0.00
     0     5      642.00      443.00        0.00
     0     5      636.00      443.00        0.00
     0     5      630.00      445.00        0.00
     0     5      624.00      445.00        0.00
     0     5      618.00      445.00        0.00
     0     5      612.00      445.00        0.00
     0     5      606.00      445.00        0.00
     0     5      600.00      445.00        0.00
     0     5      594.00      445.00        0.00
     0     5      594.00      439.00        0.00
     0     5      596.00      433.00        0.00
     0     5      598.00      425.00        0.00
     0     5      600.00      419.00        0.00
     0     5      602.00      413.00        0.00
     0     5      604.00      405.00        0.00
     0     5      606.00      399.00        0.00
     0     5      610.00      393.00        0.00
     0     5      612.00      387.00        0.00
     0     5      614.00      379.00        0.00
     0     5      618.00      375.00        0.00
     0     5      622.00      369.00        0.00
     0     5      626.00      365.00        0.00
     0     5      630.00      359.00        0.00
     0     5      634.00      353.00        0.00
     0     5      638.00      349.00        0.00
     0     5      642.00      345.00        0.00
     0     5      646.00      341.00        0.00
     0     5      650.00      337.00        0.00
     0     5      654.00      333.00        0.00
     0     6      626.00      471.00        0.00
     0     6      626.00      491.00        0.00
     0     6      626.00      499.00        0.00
     0     6      626.00      505.00        0.00
     0     6      626.00      511.00        0.00
     0     6      628.00      519.00        0.00
     0     6      630.00      525.00        0.00
     0     6      634.00      529.00        0.00
     0     6      636.00      535.00        0.00
     0     6      638.00      541.00        0.00
     0     6      646.00      547.00        0.00
     0     6      650.00      553.00        0.00
     0     6      654.00      561.00        0.00
     0     6      654.00      567.00        0.00
     0     6      654.00      573.00        0.00
     0     6      654.00      579.00        0.00
     0     6      654.00      585.00        0.00
     0     6      652.00      591.00        0.00
     0     6      650.00      597.00        0.00
     0     6      648.00      603.00        0.00
     0     6      644.00      609.00        0.00
     0     6      640.00      613.00        0.00
     0     6      634.00      615.00        0.00
     0     6      628.00      617.00        0.00
     0     6      620.00      619.00        0.00
     0     6      612.00      623.00        0.00
     0     6      606.00      625.00        0.00
     0     6      600.00      625.00        0.00
     0     6      592.00      627.00        0.00
     0     6      584.00      629.00        0.00
     0     6      578.00      629.00        0.00
     0     6      570.00      633.00        0.00
     0     6      564.00      635.00        0.00
     0     6      556.00      639.00        0.00
     0     6      552.00      643.00        0.00
     0     6      546.00      647.00        0.00
     0     6      540.00      651.00        0.00
     0     6      536.00      659.00        0.00
     0     6      532.00      663.00        0.00
     0     6      528.00      669.00        0.00
     0     6      526.00      675.00        0.00
     0     6      522.00      683.00        0.00
     0     6      518.00      689.00        0.00
     0     6      514.00      697.00        0.00
     0     6      512.00      703.00        0.00
     0     6      508.00      707.00        0.00
     0     6      508.00      701.00        0.00
     0     6      508.00      695.00        0.00
     0     6      510.00      687.00        0.00
     0     6      512.00      681.00        0.00
     0     6      512.00      675.00        0.00
     0     6      514.00      669.00        0.00
     0     6      516.00      663.00        0.00
     0     6      512.00      659.00        0.00
     0     6      508.00      655.00        0.00
     0     6      510.00      649.00        0.00
     0     6      514.00      645.00        0.00
     0     6      518.00      639.00        0.00
     0     6      520.00      633.00        0.00
     0     6      520.00      627.00        0.00
     0     6      516.00      621.00        0.00
     0     6      512.00      617.00        0.00
     0     6      506.00      609.00        0.00
     0     6      504.00      603.00        0.00
     0     6      500.00      597.00        0.00
     0     6      500.00      591.00        0.00
     0     6      500.00      585.00        0.00
     0     6      500.00      579.00        0.00
     0     6      500.00      571.00        0.00
     0     6      500.00      565.00        0.00
     0     6      500.00      559.00        0.00
     0     6      500.00      551.00        0.00
     0     6      500.00      545.00        0.00
     0     6      500.00      537.00        0.00
     0     6      502.00      531.00        0.00
     0     6      506.00      525.00        0.00
     0     6      510.00      519.00        0.00
     0     6      512.00      513.00        0.00
     0     6      518.00      509.00        0.00
     0     6      522.00      503.00        0.00
     0     6      526.00      499.00        0.00
     0     6      530.00      495.00        0.00
     0     6      534.00      489.00        0.00
     0     6      538.00      485.00        0.00
     0     6      542.00      481.00        0.00
     0     6      546.00      477.00        0.00
     0     6      550.00      473.00        0.00
     0     6      554.00      469.00        0.00
     0     6      560.00      465.00        0.00
     0     6      566.00      463.00        0.00
     0     6      570.00      459.00        0.00
     0     6      574.00      455.00        0.00
     0     6      578.00      451.00        0.00
     0     6      584.00      449.00        0.00
     0     6      590.00      449.00        0.00
     0     7      664.00      561.00        0.00
     0     7      678.00      565.00        0.00
     0     7      684.00      567.00        0.00
     0     7      690.00      567.00        0.00
     0     7      698.00      567.00        0.00
     0     7      704.00      567.00        0.00
     0     7      710.00      565.00        0.00
     0     7      716.00      565.00        0.00
     0     7      722.00      563.00        0.00
     0     7      728.00      563.00        0.00
     0     7      734.00      563.00        0.00
     0     7      740.00      563.00        0.00
     0     7      748.00      563.00        0.00
     0     7      754.00      563.00        0.00
     0     7      760.00      563.00        0.00
     0     7      766.00      563.00        0.00
     0     7      772.00      563.00        0.00
     0     7      778.00      563.00        0.00
     0     7      784.00      567.00        0.00
     0     7      790.00      569.00        0.00
     0     7      796.00      573.00        0.00
     0     7      800.00      577.00        0.00
     0     7      804.00      581.00        0.00
     0     7      810.00      585.00        0.00
     0     7      814.00      589.00        0.00
     0     7      818.00      593.00        0.00
     0     7      824.00      595.00        0.00
     0     7      828.00      599.00        0.00
     0     7      834.00      601.00        0.00
     0     7      842.00      603.00        0.00
     0     7      848.00      605.00        0.00
     0     7      854.00      607.00        0.00
     0     7      862.00      609.00        0.00
     0     7      866.00      613.00        0.00
     0     7      872.00      617.00        0.00
     0     7      878.00      621.00        0.00
     0     7      882.00      625.00        0.00
     0     7      886.00      629.00        0.00
     0     7      890.00      633.00        0.00
     0     7      894.00      637.00        0.00
     0     7      898.00      641.00        0.00
     0     7      902.00      645.00        0.00
     0     7      906.00      651.00        0.00
     0     7      910.00      657.00        0.00
     0     7      912.00      663.00        0.00
     0     7      912.00      669.00        0.00
     0     7      908.00      675.00        0.00
     0     7      906.00      681.00        0.00
     0     7      904.00      687.00        0.00
     0     7      900.00      693.00        0.00
     0     7      898.00      699.00        0.00
     0     7      892.00      701.00        0.00
     0     7      886.00      703.00        0.00
     0     7      878.00      703.00        0.00
     0     7      872.00      703.00        0.00
     0     7      866.00      703.00        0.00
     0     7      858.00      705.00        0.00
     0     7      852.00      707.00        0.00
     0     7      848.00      711.00        0.00
     0     7      842.00      715.00        0.00
     0     7      836.00      719.00        0.00
     0     7      834.00      725.00        0.00
     0     7      830.00      729.00        0.00
     0     7      826.00      733.00        0.00
     0     7      822.00      737.00        0.00
     0     7      814.00      739.00        0.00
     0     7      808.00      739.00        0.00
     0     7      800.00      739.00        0.00
     0     7      792.00      739.00        0.00
     0     7      784.00      739.00        0.00
     0     7      776.00      737.00        0.00
     0     7      770.00      735.00        0.00
     0     7      764.00      733.00        0.00
     0     7      758.00      729.00        0.00
     0     7      752.00      729.00        0.00
     0     7      746.00      727.00        0.00
     0     7      740.00      727.00        0.00
     0     7      732.00      725.00        0.00
     0     7      724.00      725.00        0.00
     0     7      716.00      725.00        0.00
     0     7      708.00      725.00        0.00
     0     7      702.00      723.00        0.00
     0     7      696.00      723.00        0.00
     0     7      690.00      723.00        0.00
     0     7      684.00      721.00        0.00
     0     7      678.00      721.00        0.00
     0     7      672.00      721.00        0.00
     0     7      664.00      719.00        0.00
     0     7      656.00      717.00        0.00
     0     7      648.00      715.00        0.00
     0     7      642.00      713.00        0.00
     0     7      636.00      709.00        0.00
     0     7      630.00      707.00        0.00
     0     7      620.00      701.00        0.00
     0     7      614.00      697.00        0.00
     0     7      612.00      691.00        0.00
     0     7      608.00      687.00        0.00
     0     7      604.00      683.00        0.00
     0     7      602.00      677.00        0.00
     0     7      600.00      671.00        0.00
     0     7      600.00      665.00        0.00
     0     7      598.00      659.00        0.00
     0     7      604.00      653.00        0.00
     0     7      610.00      653.00        0.00
     0     7      618.00      653.00        0.00
     0     7      624.00      651.00        0.00
     0     7      632.00      651.00        0.00
     0     7      638.00      649.00        0.00
     0     7      644.00      647.00        0.00
     0     7      650.00      645.00        0.00
     0     7      654.00      641.00        0.00
     0     7      658.00      637.00        0.00
     0     7      654.00      633.00        0.00
     0     7      650.00      629.00        0.00
     0     7      644.00      627.00        0.00
     0     7      642.00      621.00        0.00
     0     7      644.00      615.00        0.00
     0     7      648.00      611.00        0.00
     0     7      652.00      605.00        0.00
     0     7      654.00      599.00        0.00
     0     7      654.00      593.00        0.00
     0     8      896.00      413.00        0.00
     0     8      894.00      431.00        0.00
     0     8      894.00      437.00        0.00
     0     8      894.00      445.00        0.00
     0     8      894.00      453.00        0.00
     0     8      894.00      459.00        0.00
     0     8      896.00      465.00        0.00
     0     8      898.00      471.00        0.00
     0     8      902.00      475.00        0.00
     0     8      908.00      479.00        0.00
     0     8      914.00      483.00        0.00
     0     8      920.00      487.00        0.00
     0     8      924.00      493.00        0.00
     0     8      928.00      497.00        0.00
     0     8      932.00      501.00        0.00
     0     8      934.00      507.00        0.00
     0     8      938.00      511.00        0.00
     0     8      940.00      517.00        0.00
     0     8      942.00      523.00        0.00
     0     8      946.00      527.00        0.00
     0     8      950.00      533.00        0.00
     0     8      954.00      537.00        0.00
     0     8      958.00      541.00        0.00
     0     8      962.00      547.00        0.00
     0     8      962.00      553.00        0.00
     0     8      956.00      555.00        0.00
     0     8      950.00      559.00        0.00
     0     8      944.00      563.00        0.00
     0     8      942.00      569.00        0.00
     0     8      940.00      575.00        0.00
     0     8      940.00      581.00        0.00
     0     8      940.00      587.00        0.00
     0     8      938.00      593.00        0.00
     0     8      938.00      599.00        0.00
     0     8      936.00      605.00        0.00
     0     8      934.00      611.00        0.00
     0     8      930.00      617.00        0.00
     0     8      924.00      621.00        0.00
     0     8      918.00      623.00        0.00
     0     8      912.00      623.00        0.00
     0     8      904.00      623.00        0.00
     0     8      898.00      621.00        0.00
     0     8      892.00      621.00        0.00
     0     8      886.00      617.00        0.00
     0     8      880.00      615.00        0.00
     0     8      874.00      611.00        0.00
     0     8      868.00      609.00        0.00
     0     8      862.00      607.00        0.00
     0     8      856.00      605.00        0.00
     0     8      850.00      603.00        0.00
     0     8      844.00      601.00        0.00
     0     8      836.00      597.00        0.00
     0     8      830.00      595.00        0.00
     0     8      824.00      591.00        0.00
     0     8      818.00      587.00        0.00
     0     8      812.00      585.00        0.00
     0     8      806.00      581.00        0.00
     0     8      802.00      577.00        0.00
     0     8      798.00      573.00        0.00
     0     8      796.00      567.00        0.00
     0     8      794.00      561.00        0.00
     0     8      794.00      555.00        0.00
     0     8      798.00      549.00        0.00
     0     8      802.00      543.00        0.00
     0     8      806.00      539.00        0.00
     0     8      808.00      533.00        0.00
     0     8      812.00      529.00        0.00
     0     8      816.00      525.00        0.00
     0     8      820.00      521.00        0.00
     0     8      824.00      517.00        0.00
     0     8      828.00      513.00        0.00
     0     8      830.00      507.00        0.00
     0     8      834.00      503.00        0.00
     0     8      836.00      497.00        0.00
     0     8      840.00      493.00        0.00
     0     8      842.00      487.00        0.00
     0     8      846.00      481.00        0.00
     0     8      850.00      475.00        0.00
     0     8      852.00      469.00        0.00
     0     8      856.00      465.00        0.00
     0     8      860.00      461.00        0.00
     0     8      864.00      457.00        0.00
     0     8      866.00      451.00        0.00
     0     9     1462.00      779.00        0.00
     0     9     1454.00      791.00        0.00
     0     9     1446.00      795.00        0.00
     0     9     1440.00      797.00        0.00
     0     9     1434.00      799.00        0.00
     0     9     1428.00      801.00        0.00
     0     9     1420.00      803.00        0.00
     0     9     1414.00      803.00        0.00
     0     9     1408.00      805.00        0.00
     0     9     1400.00      805.00        0.00
     0     9     1394.00      805.00        0.00
     0     9     1386.00      807.00        0.00
     0     9     1378.00      807.00        0.00
     0     9     1372.00      809.00        0.00
     0     9     1366.00      809.00        0.00
     0     9     1360.00      809.00        0.00
     0     9     1352.00      809.00        0.00
     0     9     1344.00      809.00        0.00
     0     9     1336.00      809.00        0.00
     0     9     1328.00      807.00        0.00
     0     9     1318.00      807.00        0.00
     0     9     1310.00      805.00        0.00
     0     9     1304.00      805.00        0.00
     0     9     1298.00      801.00        0.00
     0     9     1292.00      799.00        0.00
     0     9     1286.00      797.00        0.00
     0     9     1280.00      793.00        0.00
     0     9     1274.00      791.00        0.00
     0     9     1268.00      787.00        0.00
     0     9     1262.00      783.00        0.00
     0     9     1256.00      781.00        0.00
     0     9     1252.00      777.00        0.00
     0     9     1248.00      771.00        0.00
     0     9     1244.00      767.00        0.00
     0     9     1238.00      763.00        0.00
     0     9     1234.00      757.00        0.00
     0     9     1230.00      753.00        0.00
     0     9     1226.00      747.00        0.00
     0     9     1222.00      743.00        0.00
     0     9     1218.00      735.00        0.00
     0     9     1216.00      729.00        0.00
     0     9     1212.00      723.00        0.00
     0     9     1210.00      717.00        0.00
     0     9     1206.00      713.00        0.00
     0     9     1204.00      707.00        0.00
     0     9     1200.00      701.00        0.00
     0     9     1196.00      697.00        0.00
     0     9     1192.00      693.00        0.00
     0     9     1186.00      691.00        0.00
     0     9     1180.00      687.00        0.00
     0     9     1174.00      685.00        0.00
     0     9     1168.00      683.00        0.00
     0     9     1164.00      679.00        0.00
     0     9     1158.00      677.00        0.00
     0     9     1152.00      675.00        0.00
     0     9     1146.00      673.00        0.00
     0     9     1138.00      669.00        0.00
     0     9     1130.00      665.00        0.00
     0     9     1124.00      661.00        0.00
     0     9     1130.00      659.00        0.00
     0     9     1138.00      661.00        0.00
     0     9     1146.00      665.00        0.00
     0     9     1154.00      667.00        0.00
     0     9     1166.00      671.00        0.00
     0     9     1172.00      673.00        0.00
     0     9     1178.00      675.00        0.00
     0     9     1184.00      677.00        0.00
     0     9     1190.00      677.00        0.00
     0     9     1196.00      679.00        0.00
     0     9     1202.00      679.00        0.00
     0     9     1208.00      679.00        0.00
     0     9     1214.00      679.00        0.00
     0     9     1220.00      681.00        0.00
     0     9     1226.00      681.00        0.00
     0     9     1232.00      681.00        0.00
     0     9     1238.00      681.00        0.00
     0     9     1244.00      683.00        0.00
     0     9     1250.00      683.00        0.00
     0     9     1256.00      683.00        0.00
     0     9     1262.00      683.00        0.00
     0     9     1268.00      681.00        0.00
     0     9     1274.00      681.00        0.00
     0     9     1280.00      681.00        0.00
     0     9     1288.00      681.00        0.00
     0     9     1296.00      681.00        0.00
     0     9     1302.00      679.00        0.00
     0     9     1312.00      679.00        0.00
     0     9     1320.00      679.00        0.00
     0     9     1328.00      679.00        0.00
     0     9     1334.00      679.00        0.00
     0     9     1340.00      679.00        0.00
     0     9     1346.00      675.00        0.00
     0     9     1354.00      673.00        0.00
     0     9     1362.00      671.00        0.00
     0     9     1368.00      669.00        0.00
     0     9     1374.00      665.00        0.00
     0     9     1380.00      661.00        0.00
     0     9     1386.00      659.00        0.00
     0     9     1392.00      657.00        0.00
     0     9     1400.00      655.00        0.00
     0     9     1406.00      655.00        0.00
     0     9     1412.00      655.00        0.00
     0     9     1420.00      655.00        0.00
     0     9     1428.00      655.00        0.00
     0     9     1434.00      655.00        0.00
     0     9     1440.00      655.00        0.00
     0     9     1446.00      655.00        0.00
     0     9     1452.00      657.00        0.00
     0     9     1452.00      663.00        0.00
     0     9     1452.00      669.00        0.00
     0     9     1452.00      675.00        0.00
     0     9     1454.00      683.00        0.00
     0     9     1454.00      689.00        0.00
     0     9     1456.00      695.00        0.00
     0     9     1458.00      701.00        0.00
     0     9     1460.00      707.00        0.00
     0     9     1462.00      713.00        0.00
     0     9     1464.00      719.00        0.00
     0     9     1464.00      725.00        0.00
     0    10     1536.00      583.00        0.00
     0    10     1534.00      603.00        0.00
     0    10     1532.00      609.00        0.00
     0    10     1528.00      613.00        0.00
     0    10     1522.00      617.00        0.00
     0    10     1516.00      617.00        0.00
     0    10     1510.00      619.00        0.00
     0    10     1504.00      619.00        0.00
     0    10     1498.00      621.00        0.00
     0    10     1490.00      621.00        0.00
     0    10     1484.00      621.00        0.00
     0    10     1480.00      625.00        0.00
     0    10     1476.00      629.00        0.00
     0    10     1470.00      629.00        0.00
     0    10     1462.00      627.00        0.00
     0    10     1458.00      623.00        0.00
     0    10     1456.00      617.00        0.00
     0    10     1454.00      611.00        0.00
     0    10     1454.00      605.00        0.00
     0    10     1454.00      599.00        0.00
     0    10     1454.00      593.00        0.00
     0    10     1452.00      587.00        0.00
     0    10     1448.00      583.00        0.00
     0    10     1442.00      583.00        0.00
     0    10     1436.00      583.00        0.00
     0    10     1430.00      583.00        0.00
     0    10     1422.00      585.00        0.00
     0    10     1416.00      585.00        0.00
     0    10     1412.00      581.00        0.00
     0    10     1410.00      575.00        0.00
     0    10     1410.00      567.00        0.00
     0    10     1412.00      561.00        0.00
     0    10     1412.00      555.00        0.00
     0    10     1414.00      549.00        0.00
     0    10     1414.00      541.00        0.00
     0    10     1416.00      535.00        0.00
     0    10     1416.00      529.00        0.00
     0    10     1418.00      523.00        0.00
     0    10     1420.00      517.00        0.00
     0    10     1422.00      511.00        0.00
     0    10     1426.00      505.00        0.00
     0    10     1430.00      499.00        0.00
     0    10     1434.00      493.00        0.00
     0    10     1436.00      487.00        0.00
     0    10     1440.00      481.00        0.00
     0    10     1442.00      475.00        0.00
     0    10     1444.00      469.00        0.00
     0    10     1444.00      463.00        0.00
     0    10     1446.00      457.00        0.00
     0    10     1452.00      455.00        0.00
     0    10     1458.00      455.00        0.00
     0    10     1464.00      455.00        0.00
     0    10     1470.00      455.00        0.00
     0    10     1476.00      453.00        0.00
     0    10     1482.00      451.00        0.00
     0    10     1488.00      451.00        0.00
     0    10     1494.00      449.00        0.00
     0    10     1502.00      447.00        0.00
     0    10     1510.00      445.00        0.00
     0    10     1516.00      441.00        0.00
     0    10     1522.00      437.00        0.00
     0    10     1528.00      435.00        0.00
     0    10     1534.00      429.00        0.00
     0    10     1538.00      425.00        0.00
     0    10     1544.00      421.00        0.00
     0    10     1548.00      417.00        0.00
     0    10     1554.00      417.00        0.00
     0    10     1560.00      415.00        0.00
     0    10     1560.00      421.00        0.00
     0    10     1560.00      429.00        0.00
     0    10     1560.00      437.00        0.00
     0    10     1560.00      445.00        0.00
     0    10     1560.00      451.00        0.00
     0    10     1560.00      457.00        0.00
     0    10     1560.00      463.00        0.00
     0    10     1558.00      469.00        0.00
     0    10     1556.00      475.00        0.00
     0    10     1554.00      481.00        0.00
     0    10     1556.00      487.00        0.00
     0    10     1560.00      491.00        0.00
     0    10     1564.00      495.00        0.00
     0    10     1568.00      499.00        0.00
     0    10     1570.00      505.00        0.00
     0    10     1572.00      511.00        0.00
     0    10     1572.00      517.00        0.00
     0    10     1572.00      523.00        0.00
     0    10     1568.00      529.00        0.00
     0    10     1564.00      535.00        0.00
     0    10     1560.00      541.00        0.00
     0    10     1556.00      545.00        0.00
     0    11     1528.00      299.00        0.00
     0    11     1536.00      317.00        0.00
     0    11     1536.00      323.00        0.00
     0    11     1540.00      329.00        0.00
     0    11     1542.00      335.00        0.00
     0    11     1546.00      341.00        0.00
     0    11     1550.00      347.00        0.00
     0    11     1554.00      353.00        0.00
     0    11     1558.00      359.00        0.00
     0    11     1562.00      363.00        0.00
     0    11     1566.00      367.00        0.00
     0    11     1570.00      373.00        0.00
     0    11     1576.00      377.00        0.00
     0    11     1582.00      379.00        0.00
     0    11     1586.00      383.00        0.00
     0    11     1592.00      385.00        0.00
     0    11     1598.00      387.00        0.00
     0    11     1604.00      389.00        0.00
     0    11     1610.00      391.00        0.00
     0    11     1616.00      393.00        0.00
     0    11     1622.00      393.00        0.00
     0    11     1628.00      393.00        0.00
     0    11     1634.00      395.00        0.00
     0    11     1638.00      399.00        0.00
     0    11     1642.00      403.00        0.00
     0    11     1644.00      409.00        0.00
     0    11     1646.00      415.00        0.00
     0    11     1648.00      421.00        0.00
     0    11     1652.00      425.00        0.00
     0    11     1658.00      429.00        0.00
     0    11     1664.00      433.00        0.00
     0    11     1672.00      437.00        0.00
     0    11     1676.00      441.00        0.00
     0    11     1684.00      445.00        0.00
     0    11     1688.00      449.00        0.00
     0    11     1694.00      453.00        0.00
     0    11     1698.00      459.00        0.00
     0    11     1700.00      465.00        0.00
     0    11     1702.00      473.00        0.00
     0    11     1704.00      479.00        0.00
     0    11     1708.00      487.00        0.00
     0    11     1710.00      497.00        0.00
     0    11     1710.00      503.00        0.00
     0    11     1710.00      511.00        0.00
     0    11     1710.00      517.00        0.00
     0    11     1710.00      523.00        0.00
     0    11     1710.00      529.00        0.00
     0    11     1708.00      535.00        0.00
     0    11     1708.00      541.00        0.00
     0    11     1706.00      547.00        0.00
     0    11     1702.00      551.00        0.00
     0    11     1700.00      557.00        0.00
     0    11     1696.00      561.00        0.00
     0    11     1692.00      565.00        0.00
     0    11     1688.00      569.00        0.00
     0    11     1682.00      571.00        0.00
     0    11     1676.00      575.00        0.00
     0    11     1672.00      579.00        0.00
     0    11     1668.00      583.00        0.00
     0    11     1664.00      589.00        0.00
     0    11     1662.00      595.00        0.00
     0    11     1658.00      601.00        0.00
     0    11     1658.00      607.00        0.00
     0    11     1654.00      615.00        0.00
     0    11     1650.00      621.00        0.00
     0    11     1646.00      625.00        0.00
     0    11     1642.00      631.00        0.00
     0    11     1640.00      637.00        0.00
     0    11     1636.00      643.00        0.00
     0    11     1634.00      649.00        0.00
     0    11     1632.00      655.00        0.00
     0    11     1630.00      663.00        0.00
     0    11     1626.00      671.00        0.00
     0    11     1622.00      679.00        0.00
     0    11     1620.00      685.00        0.00
     0    11     1616.00      689.00        0.00
     0    11     1612.00      697.00        0.00
     0    11     1608.00      703.00        0.00
     0    11     1606.00      709.00        0.00
     0    11     1600.00      715.00        0.00
     0    11     1596.00      719.00        0.00
     0    11     1590.00      723.00        0.00
     0    11     1584.00      723.00        0.00
     0    11     1574.00      723.00        0.00
     0    11     1568.00      723.00        0.00
     0    11     1562.00      723.00        0.00
     0    11     1556.00      719.00        0.00
     0    11     1552.00      715.00        0.00
     0    11     1548.00      711.00        0.00
     0    11     1544.00      707.00        0.00
     0    11     1540.00      701.00        0.00
     0    11     1538.00      693.00        0.00
     0    11     1536.00      687.00        0.00
     0    11     1532.00      679.00        0.00
     0    11     1532.00      673.00        0.00
     0    11     1532.00      665.00        0.00
     0    11     1532.00      659.00        0.00
     0    11     1536.00      655.00        0.00
     0    11     1538.00      649.00        0.00
     0    11     1540.00      643.00        0.00
     0    11     1542.00      637.00        0.00
     0    11     1546.00      631.00        0.00
     0    11     1548.00      625.00        0.00
     0    11     1548.00      619.00        0.00
     0    11     1548.00      613.00        0.00
     0    11     1548.00      607.00        0.00
     0    11     1542.00      605.00        0.00
     0    11     1540.00      599.00        0.00
     0    11     1538.00      593.00        0.00
     0    11     1538.00      585.00        0.00
     0    11     1538.00      577.00        0.00
     0    11     1538.00      571.00        0.00
     0    11     1542.00      563.00        0.00
     0    11     1544.00      557.00        0.00
     0    11     1548.00      549.00        0.00
     0    11     1550.00      543.00        0.00
     0    11     1554.00      539.00        0.00
     0    11     1558.00      533.00        0.00
     0    11     1562.00      529.00        0.00
     0    11     1564.00      523.00        0.00
     0    11     1566.00      517.00        0.00
     0    11     1568.00      511.00        0.00
     0    11     1570.00      505.00        0.00
     0    11     1570.00      499.00        0.00
     0    11     1566.00      495.00        0.00
     0    11     1564.00      489.00        0.00
     0    11     1560.00      485.00        0.00
     0    11     1558.00      479.00        0.00
     0    11     1558.00      471.00        0.00
     0    11     1558.00      465.00        0.00
     0    11     1560.00      457.00        0.00
     0    11     1560.00      451.00        0.00
     0    11     1562.00      445.00        0.00
     0    11     1564.00      439.00        0.00
     0    11     1564.00      433.00        0.00
     0    11     1562.00      427.00        0.00
     0    11     1562.00      421.00        0.00
     0    11     1560.00      413.00        0.00
     0    11     1560.00      407.00        0.00
     0    11     1556.00      401.00        0.00
     0    11     1552.00      395.00        0.00
     0    11     1550.00      387.00        0.00
     0    11     1548.00      381.00        0.00
     0    11     1546.00      375.00        0.00
     0    11     1542.00      369.00        0.00
     0    11     1542.00      363.00        0.00
     0    11     1540.00      355.00        0.00
     0    12     1812.00      309.00        0.00
     0    12     1824.00      323.00        0.00
     0    12     1828.00      329.00        0.00
     0    12     1832.00      333.00        0.00
     0    12     1836.00      339.00        0.00
     0    12     1838.00      347.00        0.00
     0    12     1842.00      353.00        0.00
     0    12     1844.00      359.00        0.00
     0    12     1844.00      365.00        0.00
     0    12     1844.00      371.00        0.00
     0    12     1844.00      377.00        0.00
     0    12     1844.00      383.00        0.00
     0    12     1842.00      389.00        0.00
     0    12     1840.00      395.00        0.00
     0    12     1838.00      401.00        0.00
     0    12     1834.00      405.00        0.00
     0    12     1830.00      409.00        0.00
     0    12     1824.00      411.00        0.00
     0    12     1818.00      411.00        0.00
     0    12     1812.00      407.00        0.00
     0    12     1808.00      403.00        0.00
     0    12     1802.00      401.00        0.00
     0    12     1796.00      395.00        0.00
     0    12     1794.00      389.00        0.00
     0    12     1790.00      383.00        0.00
     0    12     1786.00      377.00        0.00
     0    12     1782.00      371.00        0.00
     0    12     1778.00      367.00        0.00
     0    12     1774.00      363.00        0.00
     0    12     1768.00      361.00        0.00
     0    12     1764.00      355.00        0.00
     0    12     1760.00      351.00        0.00
     0    12     1756.00      345.00        0.00
     0    12     1752.00      341.00        0.00
     0    12     1746.00      339.00        0.00
     0    12     1740.00      337.00        0.00
     0    12     1734.00      337.00        0.00
     0    12     1728.00      337.00        0.00
     0    12     1724.00      341.00        0.00
     0    12     1720.00      345.00        0.00
     0    12     1716.00      349.00        0.00
     0    12     1710.00      353.00        0.00
     0    12     1706.00      357.00        0.00
     0    12     1700.00      359.00        0.00
     0    12     1696.00      363.00        0.00
     0    12     1692.00      367.00        0.00
     0    12     1686.00      371.00        0.00
     0    12     1682.00      375.00        0.00
     0    12     1676.00      377.00        0.00
     0    12     1670.00      379.00        0.00
     0    12     1664.00      381.00        0.00
     0    12     1658.00      385.00        0.00
     0    12     1652.00      389.00        0.00
     0    12     1644.00      391.00        0.00
     0    12     1638.00      395.00        0.00
     0    12     1644.00      391.00        0.00
     0    12     1648.00      387.00        0.00
     0    12     1656.00      383.00        0.00
     0    12     1664.00      379.00        0.00
     0    12     1668.00      375.00        0.00
     0    12     1672.00      371.00        0.00
     0    12     1680.00      367.00        0.00
     0    12     1684.00      361.00        0.00
     0    12     1688.00      357.00        0.00
     0    12     1692.00      353.00        0.00
     0    12     1696.00      349.00        0.00
     0    12     1700.00      345.00        0.00
     0    12     1704.00      341.00        0.00
     0    12     1708.00      337.00        0.00
     0    12     1712.00      333.00        0.00
     0    12     1718.00      329.00        0.00
     0    12     1722.00      325.00        0.00
     0    12     1726.00      317.00        0.00
     0    12     1728.00      311.00        0.00
     0    12     1730.00      305.00        0.00
     0    12     1732.00      299.00        0.00
     0    12     1732.00      293.00        0.00
     0    12     1728.00      287.00        0.00
     0    12     1726.00      281.00        0.00
     0    12     1722.00      277.00        0.00
     0    12     1718.00      273.00        0.00
     0    12     1712.00      269.00        0.00
     0    12     1708.00      263.00        0.00
     0    12     1704.00      259.00        0.00
     0    12     1702.00      253.00        0.00
     0    12     1698.00      247.00        0.00
     0    12     1696.00      241.00        0.00
     0    12     1692.00      237.00        0.00
     0    12     1688.00      233.00        0.00
     0    12     1682.00      229.00        0.00
     0    12     1676.00      225.00        0.00
     0    12     1670.00      219.00        0.00
     0    12     1668.00      213.00        0.00
     0    12     1666.00      207.00        0.00
     0    12     1666.00      201.00        0.00
     0    12     1670.00      193.00        0.00
     0    12     1672.00      187.00        0.00
     0    12     1676.00      183.00        0.00
     0    12     1680.00      179.00        0.00
     0    12     1682.00      173.00        0.00
     0    12     1686.00      169.00        0.00
     0    12     1688.00      163.00        0.00
     0    12     1696.00      161.00        0.00
     0    12     1702.00      161.00        0.00
     0    12     1708.00      161.00        0.00
     0    12     1718.00      163.00        0.00
     0    12     1724.00      165.00        0.00
     0    12     1732.00      167.00        0.00
     0    12     1738.00      167.00        0.00
     0    12     1744.00      167.00        0.00
     0    12     1752.00      165.00        0.00
     0    12     1760.00      161.00        0.00
     0    12     1766.00      159.00        0.00
     0    12     1772.00      157.00        0.00
     0    12     1778.00      155.00        0.00
     0    12     1784.00      153.00        0.00
     0    12     1790.00      149.00        0.00
     0    12     1798.00      145.00        0.00
     0    12     1804.00      143.00        0.00
     0    12     1808.00      139.00        0.00
     0    12     1814.00      135.00        0.00
     0    12     1818.00      131.00        0.00
     0    12     1824.00      135.00        0.00
     0    12     1824.00      141.00        0.00
     0    12     1824.00      147.00        0.00
     0    12     1820.00      155.00        0.00
     0    12     1818.00      161.00        0.00
     0    12     1818.00      169.00        0.00
     0    12     1816.00      175.00        0.00
     0    12     1814.00      183.00        0.00
     0    12     1814.00      189.00        0.00
     0    12     1812.00      197.00        0.00
     0    12     1812.00      203.00        0.00
     0    12     1812.00      209.00        0.00
     0    12     1812.00      215.00        0.00
     0    12     1812.00      221.00        0.00
     0    12     1812.00      227.00        0.00
     0    12     1812.00      233.00        0.00
     0    12     1814.00      241.00        0.00
     0    12     1814.00      247.00        0.00
     0    12     1816.00      253.00        0.00
     0    13     1388.00      827.00        0.00
     0    13     1388.00      833.00        0.00
     0    13     1392.00      839.00        0.00
     0    13     1394.00      845.00        0.00
     0    13     1396.00      851.00        0.00
     0    13     1398.00      859.00        0.00
     0    13     1398.00      865.00        0.00
     0    13     1400.00      871.00        0.00
     0    13     1400.00      877.00        0.00
     0    13     1400.00      883.00        0.00
     0    13     1398.00      889.00        0.00
     0    13     1398.00      895.00        0.00
     0    13     1394.00      903.00        0.00
     0    13     1392.00      911.00        0.00
     0    13     1390.00      917.00        0.00
     0    13     1388.00      923.00        0.00
     0    13     1386.00      929.00        0.00
     0    13     1384.00      935.00        0.00
     0    13     1380.00      941.00        0.00
     0    13     1378.00      947.00        0.00
     0    13     1374.00      951.00        0.00
     0    13     1370.00      957.00        0.00
     0    13     1366.00      965.00        0.00
     0    13     1362.00      969.00        0.00
     0    13     1358.00      975.00        0.00
     0    13     1354.00      979.00        0.00
     0    13     1350.00      985.00        0.00
     0    13     1346.00      989.00        0.00
     0    13     1342.00      993.00        0.00
     0    13     1336.00      997.00        0.00
     0    13     1330.00     1001.00        0.00
     0    13     1324.00     1003.00        0.00
     0    13     1320.00     1007.00        0.00
     0    13     1314.00     1011.00        0.00
     0    13     1310.00     1015.00        0.00
     0    13     1304.00     1015.00        0.00
     0    13     1296.00     1017.00        0.00
     0    13     1288.00     1017.00        0.00
     0    13     1282.00     1017.00        0.00
     0    13     1276.00     1017.00        0.00
     0    13     1270.00     1015.00        0.00
     0    13     1262.00     1011.00        0.00
     0    13     1258.00     1005.00        0.00
     0    13     1254.00     1001.00        0.00
     0    13     1252.00      995.00        0.00
     0    13     1248.00      989.00        0.00
     0    13     1246.00      983.00        0.00
     0    13     1242.00      979.00        0.00
     0    13     1238.00      973.00        0.00
     0    13     1234.00      969.00        0.00
     0    13     1230.00      963.00        0.00
     0    13     1228.00      957.00        0.00
     0    13     1232.00      949.00        0.00
     0    13     1240.00      943.00        0.00
     0    13     1244.00      939.00        0.00
     0    13     1252.00      935.00        0.00
     0    13     1256.00      931.00        0.00
     0    13     1260.00      927.00        0.00
     0    13     1264.00      923.00        0.00
     0    13     1268.00      919.00        0.00
     0    13     1274.00      917.00        0.00
     0    13     1278.00      913.00        0.00
     0    13     1282.00      909.00        0.00
     0    13     1286.00      905.00        0.00
     0    13     1290.00      899.00        0.00
     0    13     1294.00      893.00        0.00
     0    13     1300.00      889.00        0.00
     0    13     1306.00      883.00        0.00
     0    13     1310.00      879.00        0.00
     0    13     1314.00      875.00        0.00
     0    13     1318.00      871.00        0.00
     0    13     1322.00      865.00        0.00
     0    13     1326.00      861.00        0.00
     0    13     1328.00      855.00        0.00
     0    13     1332.00      847.00        0.00
     0    13     1336.00      841.00        0.00
     0    13     1340.00      835.00        0.00
     0    13     1342.00      829.00        0.00
     0    13     1346.00      825.00        0.00
     0    13     1350.00      821.00        0.00
     0    13     1356.00      819.00        0.00
     0    13     1362.00      817.00        0.00
     0    13     1368.00      817.00        0.00
