     0     0      238.00     1143.00        0.00
     0     0      236.00     1149.00        0.00
     0     0      236.00     1155.00        0.00
     0     0      230.00     1159.00        0.00
     0     0      224.00     1163.00        0.00
     0     0      220.00     1167.00        0.00
     0     0      216.00     1171.00        0.00
     0     0      212.00     1175.00        0.00
     0     0      206.00     1179.00        0.00
     0     0      200.00     1181.00        0.00
     0     0      194.00     1183.00        0.00
     0     0      190.00     1187.00        0.00
     0     0      184.00     1189.00        0.00
     0     0      178.00     1191.00        0.00
     0     0      172.00     1191.00        0.00
     0     0      166.00     1191.00        0.00
     0     0      160.00     1191.00        0.00
     0     0      154.00     1187.00        0.00
     0     0      148.00     1185.00        0.00
     0     0      144.00     1181.00        0.00
     0     0      138.00     1179.00        0.00
     0     0      134.00     1175.00        0.00
     0     0      128.00     1171.00        0.00
     0     0      124.00     1165.00        0.00
     0     0      122.00     1159.00        0.00
     0     0      120.00     1153.00        0.00
     0     0      118.00     1147.00        0.00
     0     0      116.00     1139.00        0.00
     0     0      114.00     1133.00        0.00
     0     0      114.00     1127.00        0.00
     0     0      118.00     1123.00        0.00
     0     0      120.00     1117.00        0.00
     0     0      124.00     1111.00        0.00
     0     0      128.00     1105.00        0.00
     0     0      130.00     1099.00        0.00
     0     0      134.00     1093.00        0.00
     0     0      136.00     1087.00        0.00
     0     0      138.00     1081.00        0.00
     0     0      140.00     1075.00        0.00
     0     0      142.00     1069.00        0.00
     0     0      142.00     1061.00        0.00
     0     0      146.00     1055.00        0.00
     0     0      146.00     1049.00        0.00
     0     0      148.00     1043.00        0.00
     0     0      150.00     1035.00        0.00
     0     0      152.00     1029.00        0.00
     0     0      156.00     1023.00        0.00
     0     0      158.00     1017.00        0.00
     0     0      162.00     1013.00        0.00
     0     0      166.00     1009.00        0.00
     0     0      170.00     1003.00        0.00
     0     0      174.00      997.00        0.00
     0     0      178.00      993.00        0.00
     0     0      182.00      989.00        0.00
     0     0      188.00      985.00        0.00
     0     0      194.00      979.00        0.00
     0     0      200.00      975.00        0.00
     0     0      204.00      971.00        0.00
     0     0      210.00      965.00        0.00
     0     0      214.00      961.00        0.00
     0     0      220.00      957.00        0.00
     0     0      224.00      953.00        0.00
     0     0      228.00      947.00        0.00
     0     0      234.00      943.00        0.00
     0     0      238.00      937.00        0.00
     0     0      242.00      933.00        0.00
     0     0      246.00      927.00        0.00
     0     0      250.00      933.00        0.00
     0     0      250.00      941.00        0.00
     0     0      252.00      947.00        0.00
     0     0      252.00      953.00        0.00
     0     0      254.00      961.00        0.00
     0     0      256.00      969.00        0.00
     0     0      256.00      975.00        0.00
     0     0      260.00      981.00        0.00
     0     0      260.00      987.00        0.00
     0     0      262.00      993.00        0.00
     0     0      264.00      999.00        0.00
     0     0      266.00     1007.00        0.00
     0     0      268.00     1013.00        0.00
     0     0      270.00     1021.00        0.00
     0     0      272.00     1027.00        0.00
     0     0      274.00     1033.00        0.00
     0     0      276.00     1039.00        0.00
     0     0      278.00     1045.00        0.00
     0     0      278.00     1051.00        0.00
     0     0      280.00     1057.00        0.00
     0     0      280.00     1065.00        0.00
     0     0      280.00     1073.00        0.00
     0     0      278.00     1081.00        0.00
     0     0      276.00     1089.00        0.00
     0     0      274.00     1095.00        0.00
     0     0      270.00     1099.00        0.00
     0     0      268.00     1105.00        0.00
     0     0      262.00     1109.00        0.00
     0     0      256.00     1111.00        0.00
     0     0      250.00     1115.00        0.00
     0     0      244.00     1119.00        0.00
     0     1      714.00     1147.00        0.00
     0     1      706.00     1149.00        0.00
     0     1      700.00     1151.00        0.00
     0     1      694.00     1151.00        0.00
     0     1      688.00     1153.00        0.00
     0     1      682.00     1153.00        0.00
     0     1      676.00     1153.00        0.00
     0     1      668.00     1153.00        0.00
     0     1      662.00     1153.00        0.00
     0     1      656.00     1153.00        0.00
     0     1      650.00     1153.00        0.00
     0     1      644.00     1151.00        0.00
     0     1      638.00     1147.00        0.00
     0     1      634.00     1143.00        0.00
     0     1      630.00     1139.00        0.00
     0     1      626.00     1135.00        0.00
     0     1      622.00     1131.00        0.00
     0     1      622.00     1125.00        0.00
     0     1      620.00     1119.00        0.00
     0     1      616.00     1115.00        0.00
     0     1      608.00     1111.00        0.00
     0     1      602.00     1109.00        0.00
     0     1      598.00     1105.00        0.00
     0     1      596.00     1099.00        0.00
     0     1      592.00     1095.00        0.00
     0     1      592.00     1089.00        0.00
     0     1      594.00     1079.00        0.00
     0     1      596.00     1071.00        0.00
     0     1      598.00     1065.00        0.00
     0     1      598.00     1057.00        0.00
     0     1      602.00     1051.00        0.00
     0     1      604.00     1045.00        0.00
     0     1      608.00     1039.00        0.00
     0     1      612.00     1035.00        0.00
     0     1      618.00     1031.00        0.00
     0     1      622.00     1027.00        0.00
     0     1      628.00     1025.00        0.00
     0     1      632.00     1021.00        0.00
     0     1      640.00     1021.00        0.00
     0     1      646.00     1019.00        0.00
     0     1      652.00     1017.00        0.00
     0     1      660.00     1015.00        0.00
     0     1      668.00     1013.00        0.00
     0     1      674.00     1011.00        0.00
     0     1      680.00     1009.00        0.00
     0     1      686.00     1007.00        0.00
     0     1      692.00     1005.00        0.00
     0     1      698.00     1003.00        0.00
     0     1      704.00     1001.00        0.00
     0     1      710.00      999.00        0.00
     0     1      716.00      997.00        0.00
     0     1      722.00      995.00        0.00
     0     1      730.00      995.00        0.00
     0     1      736.00      995.00        0.00
     0     1      742.00      995.00        0.00
     0     1      748.00      995.00        0.00
     0     1      756.00      995.00        0.00
     0     1      762.00      997.00        0.00
     0     1      768.00      999.00        0.00
     0     1      774.00      999.00        0.00
     0     1      782.00     1001.00        0.00
     0     1      788.00     1003.00        0.00
     0     1      794.00     1003.00        0.00
     0     1      800.00     1005.00        0.00
     0     1      806.00     1007.00        0.00
     0     1      812.00     1009.00        0.00
     0     1      818.00     1013.00        0.00
     0     1      824.00     1015.00        0.00
     0     1      830.00     1015.00        0.00
     0     1      838.00     1017.00        0.00
     0     1      844.00     1017.00        0.00
     0     1      850.00     1019.00        0.00
     0     1      856.00     1019.00        0.00
     0     1      862.00     1021.00        0.00
     0     1      868.00     1021.00        0.00
     0     1      874.00     1021.00        0.00
     0     1      880.00     1021.00        0.00
     0     1      888.00     1021.00        0.00
     0     1      894.00     1023.00        0.00
     0     1      902.00     1023.00        0.00
     0     1      910.00     1023.00        0.00
     0     1      918.00     1023.00        0.00
     0     1      924.00     1023.00        0.00
     0     1      930.00     1023.00        0.00
     0     1      936.00     1023.00        0.00
     0     1      942.00     1023.00        0.00
     0     1      948.00     1025.00        0.00
     0     1      954.00     1025.00        0.00
     0     1      960.00     1025.00        0.00
     0     1      966.00     1025.00        0.00
     0     1      972.00     1027.00        0.00
     0     1      978.00     1027.00        0.00
     0     1      984.00     1027.00        0.00
     0     1      992.00     1027.00        0.00
     0     1      986.00     1029.00        0.00
     0     1      980.00     1031.00        0.00
     0     1      974.00     1031.00        0.00
     0     1      968.00     1031.00        0.00
     0     1      962.00     1031.00        0.00
     0     1      956.00     1031.00        0.00
     0     1      950.00     1031.00        0.00
     0     1      942.00     1031.00        0.00
     0     1      934.00     1029.00        0.00
     0     1      928.00     1029.00        0.00
     0     1      920.00     1029.00        0.00
     0     1      914.00     1029.00        0.00
     0     1      908.00     1029.00        0.00
     0     1      900.00     1029.00        0.00
     0     1      894.00     1029.00        0.00
     0     1      886.00     1029.00        0.00
     0     1      880.00     1031.00        0.00
     0     1      874.00     1031.00        0.00
     0     1      868.00     1033.00        0.00
     0     1      862.00     1033.00        0.00
     0     1      856.00     1035.00        0.00
     0     1      850.00     1037.00        0.00
     0     1      844.00     1037.00        0.00
     0     1      838.00     1039.00        0.00
     0     1      832.00     1041.00        0.00
     0     1      826.00     1043.00        0.00
     0     1      820.00     1043.00        0.00
     0     1      814.00     1045.00        0.00
     0     1      810.00     1049.00        0.00
     0     1      802.00     1053.00        0.00
     0     1      798.00     1057.00        0.00
     0     1      794.00     1061.00        0.00
     0     1      788.00     1063.00        0.00
     0     1      784.00     1067.00        0.00
     0     1      780.00     1071.00        0.00
     0     1      776.00     1075.00        0.00
     0     1      770.00     1079.00        0.00
     0     1      766.00     1083.00        0.00
     0     2      878.00      907.00        0.00
     0     2      862.00      899.00        0.00
     0     2      856.00      895.00        0.00
     0     2      852.00      891.00        0.00
     0     2      846.00      889.00        0.00
     0     2      840.00      887.00        0.00
     0     2      834.00      885.00        0.00
     0     2      828.00      883.00        0.00
     0     2      822.00      883.00        0.00
     0     2      816.00      883.00        0.00
     0     2      810.00      881.00        0.00
     0     2      804.00      881.00        0.00
     0     2      798.00      881.00        0.00
     0     2      792.00      879.00        0.00
     0     2      786.00      879.00        0.00
     0     2      778.00      879.00        0.00
     0     2      772.00      877.00        0.00
     0     2      766.00      877.00        0.00
     0     2      760.00      877.00        0.00
     0     2      754.00      877.00        0.00
     0     2      746.00      875.00        0.00
     0     2      740.00      875.00        0.00
     0     2      734.00      873.00        0.00
     0     2      728.00      871.00        0.00
     0     2      724.00      867.00        0.00
     0     2      718.00      867.00        0.00
     0     2      712.00      865.00        0.00
     0     2      706.00      865.00        0.00
     0     2      700.00      865.00        0.00
     0     2      692.00      865.00        0.00
     0     2      686.00      865.00        0.00
     0     2      680.00      865.00        0.00
     0     2      672.00      865.00        0.00
     0     2      666.00      865.00        0.00
     0     2      660.00      865.00        0.00
     0     2      654.00      867.00        0.00
     0     2      660.00      867.00        0.00
     0     2      672.00      867.00        0.00
     0     2      680.00      865.00        0.00
     0     2      688.00      865.00        0.00
     0     2      694.00      863.00        0.00
     0     2      702.00      859.00        0.00
     0     2      708.00      859.00        0.00
     0     2      714.00      855.00        0.00
     0     2      720.00      853.00        0.00
     0     2      726.00      849.00        0.00
     0     2      730.00      845.00        0.00
     0     2      736.00      841.00        0.00
     0     2      740.00      837.00        0.00
     0     2      742.00      831.00        0.00
     0     2      742.00      825.00        0.00
     0     2      742.00      819.00        0.00
     0     2      742.00      813.00        0.00
     0     2      742.00      805.00        0.00
     0     2      746.00      801.00        0.00
     0     2      748.00      795.00        0.00
     0     2      752.00      789.00        0.00
     0     2      756.00      783.00        0.00
     0     2      762.00      779.00        0.00
     0     2      768.00      777.00        0.00
     0     2      776.00      775.00        0.00
     0     2      782.00      775.00        0.00
     0     2      788.00      773.00        0.00
     0     2      794.00      771.00        0.00
     0     2      800.00      769.00        0.00
     0     2      806.00      767.00        0.00
     0     2      812.00      765.00        0.00
     0     2      818.00      765.00        0.00
     0     2      824.00      765.00        0.00
     0     2      830.00      765.00        0.00
     0     2      836.00      767.00        0.00
     0     2      840.00      773.00        0.00
     0     2      842.00      779.00        0.00
     0     2      846.00      783.00        0.00
     0     2      852.00      789.00        0.00
     0     2      856.00      793.00        0.00
     0     2      862.00      797.00        0.00
     0     2      868.00      801.00        0.00
     0     2      874.00      803.00        0.00
     0     2      878.00      807.00        0.00
     0     2      880.00      813.00        0.00
     0     2      882.00      819.00        0.00
     0     2      884.00      825.00        0.00
     0     2      888.00      831.00        0.00
     0     2      892.00      837.00        0.00
     0     2      898.00      841.00        0.00
     0     2      904.00      845.00        0.00
     0     2      908.00      849.00        0.00
     0     2      912.00      853.00        0.00
     0     2      916.00      857.00        0.00
     0     2      922.00      859.00        0.00
     0     2      928.00      863.00        0.00
     0     2      922.00      867.00        0.00
     0     2      918.00      871.00        0.00
     0     2      914.00      875.00        0.00
     0     2      912.00      881.00        0.00
     0     2      908.00      885.00        0.00
     0     3     1062.00      697.00        0.00
     0     3     1044.00      703.00        0.00
     0     3     1040.00      707.00        0.00
     0     3     1034.00      713.00        0.00
     0     3     1028.00      715.00        0.00
     0     3     1022.00      715.00        0.00
     0     3     1016.00      715.00        0.00
     0     3     1010.00      715.00        0.00
     0     3     1004.00      713.00        0.00
     0     3     1000.00      709.00        0.00
     0     3      996.00      703.00        0.00
     0     3      992.00      699.00        0.00
     0     3      988.00      693.00        0.00
     0     3      986.00      687.00        0.00
     0     3      984.00      681.00        0.00
     0     3      982.00      675.00        0.00
     0     3      982.00      669.00        0.00
     0     3      982.00      661.00        0.00
     0     3      982.00      655.00        0.00
     0     3      984.00      647.00        0.00
     0     3      986.00      641.00        0.00
     0     3      990.00      635.00        0.00
     0     3      994.00      631.00        0.00
     0     3      998.00      627.00        0.00
     0     3     1002.00      623.00        0.00
     0     3     1006.00      619.00        0.00
     0     3     1010.00      613.00        0.00
     0     3     1012.00      607.00        0.00
     0     3     1016.00      603.00        0.00
     0     3     1018.00      597.00        0.00
     0     3     1018.00      591.00        0.00
     0     3     1020.00      585.00        0.00
     0     3     1020.00      579.00        0.00
     0     3     1020.00      573.00        0.00
     0     3     1022.00      565.00        0.00
     0     3     1022.00      559.00        0.00
     0     3     1022.00      553.00        0.00
     0     3     1024.00      545.00        0.00
     0     3     1024.00      537.00        0.00
     0     3     1024.00      531.00        0.00
     0     3     1024.00      525.00        0.00
     0     3     1026.00      519.00        0.00
     0     3     1026.00      513.00        0.00
     0     3     1028.00      505.00        0.00
     0     3     1030.00      499.00        0.00
     0     3     1032.00      491.00        0.00
     0     3     1036.00      485.00        0.00
     0     3     1036.00      479.00        0.00
     0     3     1038.00      473.00        0.00
     0     3     1038.00      467.00        0.00
     0     3     1042.00      463.00        0.00
     0     3     1044.00      469.00        0.00
     0     3     1046.00      477.00        0.00
     0     3     1048.00      483.00        0.00
     0     3     1052.00      489.00        0.00
     0     3     1054.00      495.00        0.00
     0     3     1058.00      499.00        0.00
     0     3     1062.00      503.00        0.00
     0     3     1066.00      507.00        0.00
     0     3     1070.00      513.00        0.00
     0     3     1076.00      515.00        0.00
     0     3     1080.00      519.00        0.00
     0     3     1084.00      523.00        0.00
     0     3     1090.00      527.00        0.00
     0     3     1096.00      531.00        0.00
     0     3     1102.00      533.00        0.00
     0     3     1108.00      537.00        0.00
     0     3     1114.00      539.00        0.00
     0     3     1120.00      541.00        0.00
     0     3     1126.00      545.00        0.00
     0     3     1128.00      551.00        0.00
     0     3     1130.00      559.00        0.00
     0     3     1130.00      565.00        0.00
     0     3     1130.00      571.00        0.00
     0     3     1128.00      577.00        0.00
     0     3     1128.00      583.00        0.00
     0     3     1126.00      589.00        0.00
     0     3     1124.00      595.00        0.00
     0     3     1122.00      603.00        0.00
     0     3     1122.00      609.00        0.00
     0     3     1120.00      615.00        0.00
     0     3     1116.00      621.00        0.00
     0     3     1114.00      629.00        0.00
     0     3     1112.00      635.00        0.00
     0     3     1112.00      641.00        0.00
     0     3     1112.00      647.00        0.00
     0     3     1110.00      653.00        0.00
     0     3     1110.00      659.00        0.00
     0     3     1108.00      665.00        0.00
     0     3     1104.00      669.00        0.00
     0     3     1102.00      675.00        0.00
     0     3     1098.00      679.00        0.00
     0     3     1094.00      683.00        0.00
     0     3     1090.00      689.00        0.00
     0     4     1378.00      573.00        0.00
     0     4     1374.00      577.00        0.00
     0     4     1368.00      577.00        0.00
     0     4     1362.00      579.00        0.00
     0     4     1354.00      579.00        0.00
     0     4     1346.00      579.00        0.00
     0     4     1340.00      577.00        0.00
     0     4     1334.00      575.00        0.00
     0     4     1328.00      575.00        0.00
     0     4     1322.00      573.00        0.00
     0     4     1316.00      567.00        0.00
     0     4     1312.00      563.00        0.00
     0     4     1308.00      559.00        0.00
     0     4     1304.00      553.00        0.00
     0     4     1298.00      549.00        0.00
     0     4     1294.00      545.00        0.00
     0     4     1290.00      539.00        0.00
     0     4     1290.00      533.00        0.00
     0     4     1288.00      525.00        0.00
     0     4     1286.00      519.00        0.00
     0     4     1284.00      511.00        0.00
     0     4     1284.00      503.00        0.00
     0     4     1286.00      497.00        0.00
     0     4     1288.00      489.00        0.00
     0     4     1292.00      483.00        0.00
     0     4     1296.00      477.00        0.00
     0     4     1300.00      471.00        0.00
     0     4     1304.00      467.00        0.00
     0     4     1308.00      463.00        0.00
     0     4     1312.00      459.00        0.00
     0     4     1316.00      453.00        0.00
     0     4     1322.00      451.00        0.00
     0     4     1330.00      447.00        0.00
     0     4     1338.00      445.00        0.00
     0     4     1344.00      443.00        0.00
     0     4     1350.00      439.00        0.00
     0     4     1354.00      435.00        0.00
     0     4     1358.00      431.00        0.00
     0     4     1362.00      425.00        0.00
     0     4     1366.00      421.00        0.00
     0     4     1370.00      417.00        0.00
     0     4     1374.00      413.00        0.00
     0     4     1380.00      409.00        0.00
     0     4     1386.00      405.00        0.00
     0     4     1390.00      401.00        0.00
     0     4     1396.00      397.00        0.00
     0     4     1402.00      393.00        0.00
     0     4     1408.00      389.00        0.00
     0     4     1414.00      387.00        0.00
     0     4     1418.00      381.00        0.00
     0     4     1424.00      377.00        0.00
     0     4     1430.00      371.00        0.00
     0     4     1434.00      367.00        0.00
     0     4     1438.00      363.00        0.00
     0     4     1442.00      359.00        0.00
     0     4     1446.00      355.00        0.00
     0     4     1452.00      351.00        0.00
     0     4     1456.00      347.00        0.00
     0     4     1462.00      343.00        0.00
     0     4     1466.00      337.00        0.00
     0     4     1472.00      329.00        0.00
     0     4     1476.00      323.00        0.00
     0     4     1478.00      315.00        0.00
     0     4     1480.00      309.00        0.00
     0     4     1484.00      305.00        0.00
     0     4     1490.00      303.00        0.00
     0     4     1496.00      303.00        0.00
     0     4     1502.00      305.00        0.00
     0     4     1508.00      307.00        0.00
     0     4     1512.00      311.00        0.00
     0     4     1518.00      313.00        0.00
     0     4     1524.00      317.00        0.00
     0     4     1532.00      321.00        0.00
     0     4     1538.00      325.00        0.00
     0     4     1542.00      331.00        0.00
     0     4     1546.00      337.00        0.00
     0     4     1550.00      345.00        0.00
     0     4     1550.00      351.00        0.00
     0     4     1550.00      357.00        0.00
     0     4     1550.00      363.00        0.00
     0     4     1550.00      369.00        0.00
     0     4     1550.00      375.00        0.00
     0     4     1550.00      381.00        0.00
     0     4     1548.00      387.00        0.00
     0     4     1544.00      393.00        0.00
     0     4     1542.00      399.00        0.00
     0     4     1538.00      403.00        0.00
     0     4     1534.00      407.00        0.00
     0     4     1530.00      413.00        0.00
     0     4     1524.00      421.00        0.00
     0     4     1520.00      425.00        0.00
     0     4     1514.00      433.00        0.00
     0     4     1506.00      437.00        0.00
     0     4     1500.00      443.00        0.00
     0     4     1496.00      447.00        0.00
     0     4     1492.00      451.00        0.00
     0     4     1488.00      455.00        0.00
     0     4     1484.00      461.00        0.00
     0     4     1480.00      469.00        0.00
     0     4     1478.00      475.00        0.00
     0     4     1474.00      479.00        0.00
     0     4     1470.00      485.00        0.00
     0     4     1468.00      493.00        0.00
     0     4     1464.00      497.00        0.00
     0     4     1462.00      505.00        0.00
     0     4     1458.00      513.00        0.00
     0     4     1454.00      519.00        0.00
     0     4     1450.00      525.00        0.00
     0     4     1446.00      529.00        0.00
     0     4     1442.00      533.00        0.00
     0     4     1438.00      537.00        0.00
     0     4     1434.00      541.00        0.00
     0     5     1740.00     1019.00        0.00
     0     5     1746.00     1035.00        0.00
     0     5     1748.00     1041.00        0.00
     0     5     1754.00     1049.00        0.00
     0     5     1758.00     1055.00        0.00
     0     5     1762.00     1061.00        0.00
     0     5     1766.00     1067.00        0.00
     0     5     1772.00     1075.00        0.00
     0     5     1776.00     1081.00        0.00
     0     5     1780.00     1085.00        0.00
     0     5     1784.00     1091.00        0.00
     0     5     1786.00     1097.00        0.00
     0     5     1786.00     1103.00        0.00
     0     5     1788.00     1109.00        0.00
     0     5     1788.00     1115.00        0.00
     0     5     1788.00     1121.00        0.00
     0     5     1788.00     1127.00        0.00
     0     5     1788.00     1133.00        0.00
     0     5     1788.00     1139.00        0.00
     0     5     1788.00     1149.00        0.00
     0     5     1786.00     1157.00        0.00
     0     5     1784.00     1165.00        0.00
     0     5     1782.00     1171.00        0.00
     0     5     1778.00     1177.00        0.00
     0     5     1776.00     1183.00        0.00
     0     5     1774.00     1189.00        0.00
     0     5     1770.00     1195.00        0.00
     0     5     1768.00     1201.00        0.00
     0     5     1764.00     1207.00        0.00
     0     5     1760.00     1211.00        0.00
     0     5     1754.00     1215.00        0.00
     0     5     1746.00     1215.00        0.00
     0     5     1740.00     1217.00        0.00
     0     5     1732.00     1217.00        0.00
     0     5     1726.00     1217.00        0.00
     0     5     1718.00     1215.00        0.00
     0     5     1712.00     1213.00        0.00
     0     5     1708.00     1207.00        0.00
     0     5     1702.00     1201.00        0.00
     0     5     1696.00     1197.00        0.00
     0     5     1692.00     1193.00        0.00
     0     5     1686.00     1189.00        0.00
     0     5     1682.00     1185.00        0.00
     0     5     1678.00     1181.00        0.00
     0     5     1674.00     1177.00        0.00
     0     5     1674.00     1169.00        0.00
     0     5     1674.00     1163.00        0.00
     0     5     1674.00     1155.00        0.00
     0     5     1674.00     1147.00        0.00
     0     5     1676.00     1141.00        0.00
     0     5     1678.00     1133.00        0.00
     0     5     1680.00     1125.00        0.00
     0     5     1684.00     1117.00        0.00
     0     5     1686.00     1111.00        0.00
     0     5     1686.00     1105.00        0.00
     0     5     1686.00     1097.00        0.00
     0     5     1686.00     1091.00        0.00
     0     5     1686.00     1085.00        0.00
     0     5     1686.00     1079.00        0.00
     0     5     1688.00     1069.00        0.00
     0     5     1690.00     1063.00        0.00
     0     5     1692.00     1057.00        0.00
     0     5     1692.00     1051.00        0.00
     0     5     1696.00     1045.00        0.00
     0     5     1700.00     1039.00        0.00
     0     5     1704.00     1033.00        0.00
     0     5     1708.00     1027.00        0.00
     0     5     1712.00     1023.00        0.00
     0     6     1038.00      199.00        0.00
     0     6     1038.00      213.00        0.00
     0     6     1038.00      219.00        0.00
     0     6     1036.00      227.00        0.00
     0     6     1034.00      233.00        0.00
     0     6     1032.00      239.00        0.00
     0     6     1030.00      245.00        0.00
     0     6     1026.00      251.00        0.00
     0     6     1022.00      255.00        0.00
     0     6     1020.00      263.00        0.00
     0     6     1014.00      267.00        0.00
     0     6     1010.00      271.00        0.00
     0     6     1004.00      273.00        0.00
     0     6      998.00      275.00        0.00
     0     6      992.00      275.00        0.00
     0     6      984.00      275.00        0.00
     0     6      976.00      271.00        0.00
     0     6      970.00      267.00        0.00
     0     6      962.00      267.00        0.00
     0     6      956.00      267.00        0.00
     0     6      950.00      267.00        0.00
     0     6      942.00      267.00        0.00
     0     6      936.00      267.00        0.00
     0     6      930.00      267.00        0.00
     0     6      924.00      267.00        0.00
     0     6      918.00      267.00        0.00
     0     6      912.00      267.00        0.00
     0     6      904.00      267.00        0.00
     0     6      896.00      267.00        0.00
     0     6      890.00      267.00        0.00
     0     6      882.00      267.00        0.00
     0     6      874.00      267.00        0.00
     0     6      868.00      265.00        0.00
     0     6      862.00      263.00        0.00
     0     6      856.00      263.00        0.00
     0     6      852.00      259.00        0.00
     0     6      844.00      255.00        0.00
     0     6      840.00      251.00        0.00
     0     6      834.00      245.00        0.00
     0     6      830.00      241.00        0.00
     0     6      826.00      233.00        0.00
     0     6      824.00      225.00        0.00
     0     6      824.00      219.00        0.00
     0     6      822.00      209.00        0.00
     0     6      822.00      203.00        0.00
     0     6      824.00      197.00        0.00
     0     6      826.00      191.00        0.00
     0     6      828.00      185.00        0.00
     0     6      832.00      181.00        0.00
     0     6      836.00      177.00        0.00
     0     6      842.00      173.00        0.00
     0     6      850.00      169.00        0.00
     0     6      856.00      167.00        0.00
     0     6      862.00      165.00        0.00
     0     6      868.00      159.00        0.00
     0     6      874.00      155.00        0.00
     0     6      880.00      151.00        0.00
     0     6      886.00      147.00        0.00
     0     6      892.00      143.00        0.00
     0     6      896.00      139.00        0.00
     0     6      900.00      135.00        0.00
     0     6      906.00      133.00        0.00
     0     6      910.00      129.00        0.00
     0     6      914.00      125.00        0.00
     0     6      918.00      121.00        0.00
     0     6      922.00      117.00        0.00
     0     6      926.00      113.00        0.00
     0     6      928.00      107.00        0.00
     0     6      932.00      101.00        0.00
     0     6      936.00       97.00        0.00
     0     6      942.00       95.00        0.00
     0     6      948.00       95.00        0.00
     0     6      954.00       95.00        0.00
     0     6      960.00       95.00        0.00
     0     6      966.00       95.00        0.00
     0     6      972.00       93.00        0.00
     0     6      976.00       89.00        0.00
     0     6      980.00       85.00        0.00
     0     6      986.00       83.00        0.00
     0     6      992.00       79.00        0.00
     0     6      996.00       75.00        0.00
     0     6     1000.00       71.00        0.00
     0     6     1006.00       67.00        0.00
     0     6     1010.00       73.00        0.00
     0     6     1008.00       79.00        0.00
     0     6     1008.00       85.00        0.00
     0     6     1008.00       91.00        0.00
     0     6     1012.00       95.00        0.00
     0     6     1018.00       97.00        0.00
     0     6     1024.00       97.00        0.00
     0     6     1030.00       95.00        0.00
     0     6     1036.00       93.00        0.00
     0     6     1042.00       89.00        0.00
     0     6     1046.00       85.00        0.00
     0     6     1054.00       81.00        0.00
     0     6     1058.00       77.00        0.00
     0     6     1056.00       83.00        0.00
     0     6     1052.00       89.00        0.00
     0     6     1046.00       95.00        0.00
     0     6     1042.00      101.00        0.00
     0     6     1038.00      105.00        0.00
     0     6     1034.00      109.00        0.00
     0     6     1030.00      113.00        0.00
     0     6     1030.00      119.00        0.00
     0     6     1030.00      125.00        0.00
     0     6     1030.00      131.00        0.00
     0     6     1030.00      137.00        0.00
     0     6     1034.00      145.00        0.00
     0     6     1034.00      151.00        0.00
     0     7      570.00      279.00        0.00
     0     7      588.00      281.00        0.00
     0     7      594.00      283.00        0.00
     0     7      600.00      285.00        0.00
     0     7      604.00      289.00        0.00
     0     7      610.00      291.00        0.00
     0     7      616.00      293.00        0.00
     0     7      622.00      293.00        0.00
     0     7      628.00      295.00        0.00
     0     7      634.00      297.00        0.00
     0     7      640.00      299.00        0.00
     0     7      646.00      303.00        0.00
     0     7      652.00      307.00        0.00
     0     7      656.00      311.00        0.00
     0     7      662.00      315.00        0.00
     0     7      666.00      319.00        0.00
     0     7      670.00      323.00        0.00
     0     7      674.00      327.00        0.00
     0     7      678.00      333.00        0.00
     0     7      678.00      339.00        0.00
     0     7      678.00      345.00        0.00
     0     7      676.00      351.00        0.00
     0     7      674.00      357.00        0.00
     0     7      670.00      363.00        0.00
     0     7      668.00      369.00        0.00
     0     7      668.00      375.00        0.00
     0     7      668.00      381.00        0.00
     0     7      670.00      387.00        0.00
     0     7      670.00      395.00        0.00
     0     7      670.00      401.00        0.00
     0     7      674.00      407.00        0.00
     0     7      676.00      413.00        0.00
     0     7      680.00      419.00        0.00
     0     7      680.00      425.00        0.00
     0     7      680.00      431.00        0.00
     0     7      676.00      435.00        0.00
     0     7      670.00      439.00        0.00
     0     7      662.00      439.00        0.00
     0     7      654.00      441.00        0.00
     0     7      648.00      441.00        0.00
     0     7      642.00      443.00        0.00
     0     7      634.00      443.00        0.00
     0     7      628.00      443.00        0.00
     0     7      622.00      445.00        0.00
     0     7      616.00      445.00        0.00
     0     7      608.00      445.00        0.00
     0     7      600.00      445.00        0.00
     0     7      590.00      447.00        0.00
     0     7      584.00      447.00        0.00
     0     7      576.00      447.00        0.00
     0     7      568.00      447.00        0.00
     0     7      560.00      443.00        0.00
     0     7      554.00      441.00        0.00
     0     7      550.00      437.00        0.00
     0     7      544.00      433.00        0.00
     0     7      540.00      429.00        0.00
     0     7      536.00      423.00        0.00
     0     7      532.00      419.00        0.00
     0     7      528.00      415.00        0.00
     0     7      524.00      411.00        0.00
     0     7      520.00      407.00        0.00
     0     7      516.00      403.00        0.00
     0     7      512.00      399.00        0.00
     0     7      508.00      395.00        0.00
     0     7      508.00      389.00        0.00
     0     7      508.00      381.00        0.00
     0     7      510.00      375.00        0.00
     0     7      512.00      369.00        0.00
     0     7      512.00      363.00        0.00
     0     7      514.00      357.00        0.00
     0     7      516.00      351.00        0.00
     0     7      518.00      343.00        0.00
     0     7      518.00      335.00        0.00
     0     7      518.00      329.00        0.00
     0     7      518.00      323.00        0.00
     0     7      518.00      317.00        0.00
     0     7      520.00      309.00        0.00
     0     7      526.00      307.00        0.00
     0     7      530.00      303.00        0.00
     0     7      534.00      299.00        0.00
     0     7      540.00      295.00        0.00
     0     7      542.00      289.00        0.00
     0     7      546.00      285.00        0.00
     0     8      450.00      315.00        0.00
     0     8      452.00      331.00        0.00
     0     8      448.00      337.00        0.00
     0     8      444.00      343.00        0.00
     0     8      440.00      349.00        0.00
     0     8      436.00      353.00        0.00
     0     8      432.00      359.00        0.00
     0     8      428.00      363.00        0.00
     0     8      424.00      367.00        0.00
     0     8      418.00      373.00        0.00
     0     8      410.00      377.00        0.00
     0     8      402.00      381.00        0.00
     0     8      394.00      383.00        0.00
     0     8      388.00      383.00        0.00
     0     8      382.00      383.00        0.00
     0     8      376.00      383.00        0.00
     0     8      370.00      383.00        0.00
     0     8      364.00      383.00        0.00
     0     8      360.00      379.00        0.00
     0     8      350.00      375.00        0.00
     0     8      342.00      371.00        0.00
     0     8      334.00      367.00        0.00
     0     8      326.00      363.00        0.00
     0     8      320.00      361.00        0.00
     0     8      314.00      357.00        0.00
     0     8      306.00      353.00        0.00
     0     8      302.00      349.00        0.00
     0     8      294.00      347.00        0.00
     0     8      290.00      343.00        0.00
     0     8      284.00      341.00        0.00
     0     8      278.00      339.00        0.00
     0     8      272.00      337.00        0.00
     0     8      266.00      333.00        0.00
     0     8      262.00      329.00        0.00
     0     8      254.00      327.00        0.00
     0     8      250.00      323.00        0.00
     0     8      246.00      319.00        0.00
     0     8      240.00      313.00        0.00
     0     8      236.00      309.00        0.00
     0     8      232.00      305.00        0.00
     0     8      228.00      297.00        0.00
     0     8      226.00      291.00        0.00
     0     8      224.00      285.00        0.00
     0     8      224.00      279.00        0.00
     0     8      224.00      273.00        0.00
     0     8      224.00      267.00        0.00
     0     8      228.00      261.00        0.00
     0     8      234.00      257.00        0.00
     0     8      238.00      253.00        0.00
     0     8      242.00      249.00        0.00
     0     8      246.00      245.00        0.00
     0     8      250.00      241.00        0.00
     0     8      254.00      235.00        0.00
     0     8      254.00      229.00        0.00
     0     8      258.00      223.00        0.00
     0     8      264.00      221.00        0.00
     0     8      270.00      219.00        0.00
     0     8      276.00      219.00        0.00
     0     8      282.00      217.00        0.00
     0     8      286.00      213.00        0.00
     0     8      290.00      209.00        0.00
     0     8      296.00      207.00        0.00
     0     8      302.00      205.00        0.00
     0     8      308.00      205.00        0.00
     0     8      314.00      205.00        0.00
     0     8      320.00      207.00        0.00
     0     8      328.00      209.00        0.00
     0     8      334.00      211.00        0.00
     0     8      340.00      213.00        0.00
     0     8      346.00      215.00        0.00
     0     8      352.00      215.00        0.00
     0     8      358.00      217.00        0.00
     0     8      364.00      217.00        0.00
     0     8      370.00      217.00        0.00
     0     8      376.00      217.00        0.00
     0     8      382.00      215.00        0.00
     0     8      388.00      215.00        0.00
     0     8      394.00      213.00        0.00
     0     8      400.00      213.00        0.00
     0     8      406.00      211.00        0.00
     0     8      412.00      211.00        0.00
     0     8      418.00      211.00        0.00
     0     8      424.00      213.00        0.00
     0     8      430.00      215.00        0.00
     0     8      434.00      221.00        0.00
     0     8      436.00      227.00        0.00
     0     8      438.00      233.00        0.00
     0     8      440.00      239.00        0.00
     0     8      440.00      245.00        0.00
     0     8      440.00      251.00        0.00
     0     8      440.00      257.00        0.00
     0     9      300.00      607.00        0.00
     0     9      308.00      607.00        0.00
     0     9      314.00      609.00        0.00
     0     9      322.00      611.00        0.00
     0     9      328.00      613.00        0.00
     0     9      334.00      615.00        0.00
     0     9      340.00      617.00        0.00
     0     9      346.00      617.00        0.00
     0     9      352.00      617.00        0.00
     0     9      358.00      617.00        0.00
     0     9      362.00      621.00        0.00
     0     9      364.00      627.00        0.00
     0     9      368.00      631.00        0.00
     0     9      372.00      635.00        0.00
     0     9      376.00      639.00        0.00
     0     9      380.00      643.00        0.00
     0     9      386.00      647.00        0.00
     0     9      388.00      653.00        0.00
     0     9      390.00      659.00        0.00
     0     9      392.00      665.00        0.00
     0     9      394.00      673.00        0.00
     0     9      398.00      679.00        0.00
     0     9      402.00      685.00        0.00
     0     9      406.00      689.00        0.00
     0     9      410.00      695.00        0.00
     0     9      414.00      701.00        0.00
     0     9      418.00      707.00        0.00
     0     9      422.00      713.00        0.00
     0     9      426.00      717.00        0.00
     0     9      430.00      721.00        0.00
     0     9      434.00      727.00        0.00
     0     9      438.00      733.00        0.00
     0     9      442.00      739.00        0.00
     0     9      444.00      745.00        0.00
     0     9      448.00      749.00        0.00
     0     9      450.00      755.00        0.00
     0     9      452.00      761.00        0.00
     0     9      454.00      767.00        0.00
     0     9      456.00      773.00        0.00
     0     9      454.00      779.00        0.00
     0     9      450.00      783.00        0.00
     0     9      444.00      783.00        0.00
     0     9      436.00      783.00        0.00
     0     9      428.00      783.00        0.00
     0     9      420.00      783.00        0.00
     0     9      414.00      783.00        0.00
     0     9      408.00      785.00        0.00
     0     9      398.00      785.00        0.00
     0     9      388.00      785.00        0.00
     0     9      382.00      787.00        0.00
     0     9      374.00      787.00        0.00
     0     9      366.00      789.00        0.00
     0     9      360.00      789.00        0.00
     0     9      352.00      791.00        0.00
     0     9      344.00      793.00        0.00
     0     9      338.00      793.00        0.00
     0     9      332.00      793.00        0.00
     0     9      326.00      793.00        0.00
     0     9      320.00      793.00        0.00
     0     9      312.00      795.00        0.00
     0     9      306.00      795.00        0.00
     0     9      300.00      795.00        0.00
     0     9      294.00      795.00        0.00
     0     9      288.00      793.00        0.00
     0     9      282.00      791.00        0.00
     0     9      276.00      789.00        0.00
     0     9      272.00      785.00        0.00
     0     9      266.00      781.00        0.00
     0     9      262.00      777.00        0.00
     0     9      258.00      771.00        0.00
     0     9      256.00      765.00        0.00
     0     9      254.00      759.00        0.00
     0     9      252.00      753.00        0.00
     0     9      248.00      747.00        0.00
     0     9      246.00      739.00        0.00
     0     9      246.00      733.00        0.00
     0     9      244.00      725.00        0.00
     0     9      242.00      717.00        0.00
     0     9      238.00      711.00        0.00
     0     9      236.00      705.00        0.00
     0     9      232.00      701.00        0.00
     0     9      228.00      697.00        0.00
     0     9      224.00      691.00        0.00
     0     9      222.00      685.00        0.00
     0     9      218.00      681.00        0.00
     0     9      218.00      673.00        0.00
     0     9      218.00      665.00        0.00
     0     9      218.00      657.00        0.00
     0     9      218.00      651.00        0.00
     0     9      218.00      645.00        0.00
     0     9      220.00      639.00        0.00
     0     9      220.00      631.00        0.00
     0     9      220.00      625.00        0.00
     0     9      222.00      619.00        0.00
     0     9      224.00      613.00        0.00
     0     9      230.00      613.00        0.00
     0     9      236.00      613.00        0.00
     0     9      242.00      615.00        0.00
     0     9      248.00      617.00        0.00
     0     9      254.00      619.00        0.00
     0     9      260.00      621.00        0.00
     0     9      266.00      621.00        0.00
     0     9      272.00      621.00        0.00
     0     9      278.00      617.00        0.00
     0    10      584.00     1303.00        0.00
     0    10      590.00     1309.00        0.00
     0    10      594.00     1313.00        0.00
     0    10      598.00     1317.00        0.00
     0    10      604.00     1321.00        0.00
     0    10      610.00     1325.00        0.00
     0    10      616.00     1329.00        0.00
     0    10      622.00     1331.00        0.00
     0    10      626.00     1335.00        0.00
     0    10      632.00     1339.00        0.00
     0    10      636.00     1343.00        0.00
     0    10      638.00     1349.00        0.00
     0    10      640.00     1355.00        0.00
     0    10      640.00     1361.00        0.00
     0    10      638.00     1367.00        0.00
     0    10      632.00     1371.00        0.00
     0    10      628.00     1375.00        0.00
     0    10      622.00     1379.00        0.00
     0    10      616.00     1383.00        0.00
     0    10      610.00     1387.00        0.00
     0    10      604.00     1389.00        0.00
     0    10      598.00     1391.00        0.00
     0    10      590.00     1393.00        0.00
     0    10      584.00     1395.00        0.00
     0    10      578.00     1397.00        0.00
     0    10      570.00     1399.00        0.00
     0    10      564.00     1401.00        0.00
     0    10      558.00     1401.00        0.00
     0    10      552.00     1403.00        0.00
     0    10      544.00     1403.00        0.00
     0    10      538.00     1405.00        0.00
     0    10      532.00     1405.00        0.00
     0    10      526.00     1407.00        0.00
     0    10      520.00     1407.00        0.00
     0    10      514.00     1409.00        0.00
     0    10      508.00     1409.00        0.00
     0    10      502.00     1409.00        0.00
     0    10      494.00     1409.00        0.00
     0    10      488.00     1409.00        0.00
     0    10      482.00     1407.00        0.00
     0    10      476.00     1407.00        0.00
     0    10      470.00     1405.00        0.00
     0    10      464.00     1405.00        0.00
     0    10      456.00     1403.00        0.00
     0    10      450.00     1403.00        0.00
     0    10      444.00     1401.00        0.00
     0    10      438.00     1397.00        0.00
     0    10      432.00     1395.00        0.00
     0    10      426.00     1393.00        0.00
     0    10      416.00     1391.00        0.00
     0    10      410.00     1389.00        0.00
     0    10      406.00     1385.00        0.00
     0    10      400.00     1383.00        0.00
     0    10      398.00     1377.00        0.00
     0    10      404.00     1373.00        0.00
     0    10      408.00     1369.00        0.00
     0    10      414.00     1367.00        0.00
     0    10      420.00     1365.00        0.00
     0    10      426.00     1363.00        0.00
     0    10      432.00     1361.00        0.00
     0    10      436.00     1357.00        0.00
     0    10      442.00     1355.00        0.00
     0    10      446.00     1351.00        0.00
     0    10      450.00     1347.00        0.00
     0    10      454.00     1343.00        0.00
     0    10      458.00     1339.00        0.00
     0    10      462.00     1335.00        0.00
     0    10      468.00     1333.00        0.00
     0    10      476.00     1329.00        0.00
     0    10      482.00     1327.00        0.00
     0    10      488.00     1325.00        0.00
     0    10      496.00     1323.00        0.00
     0    10      502.00     1323.00        0.00
     0    10      508.00     1321.00        0.00
     0    10      514.00     1319.00        0.00
     0    10      520.00     1317.00        0.00
     0    10      526.00     1315.00        0.00
     0    10      532.00     1311.00        0.00
     0    10      538.00     1307.00        0.00
     0    10      542.00     1303.00        0.00
     0    10      548.00     1301.00        0.00
     0    10      552.00     1297.00        0.00
     0    10      554.00     1291.00        0.00
