     0     0      104.00     1229.00        0.00
     0     0      100.00     1225.00        0.00
     0     0      100.00     1219.00        0.00
     0     0       98.00     1213.00        0.00
     0     0       96.00     1207.00        0.00
     0     0       96.00     1201.00        0.00
     0     0       94.00     1195.00        0.00
     0     0       92.00     1189.00        0.00
     0     0       90.00     1183.00        0.00
     0     0       86.00     1177.00        0.00
     0     0       82.00     1171.00        0.00
     0     0       80.00     1165.00        0.00
     0     0       74.00     1161.00        0.00
     0     0       68.00     1157.00        0.00
     0     0       64.00     1153.00        0.00
     0     0       58.00     1151.00        0.00
     0     0       54.00     1147.00        0.00
     0     0       48.00     1145.00        0.00
     0     0       44.00     1141.00        0.00
     0     0       40.00     1137.00        0.00
     0     0       40.00     1129.00        0.00
     0     0       40.00     1123.00        0.00
     0     0       40.00     1117.00        0.00
     0     0       42.00     1111.00        0.00
     0     0       44.00     1105.00        0.00
     0     0       48.00     1101.00        0.00
     0     0       54.00     1099.00        0.00
     0     0       60.00     1097.00        0.00
     0     0       66.00     1097.00        0.00
     0     0       72.00     1097.00        0.00
     0     0       78.00     1097.00        0.00
     0     0       84.00     1097.00        0.00
     0     0       90.00     1099.00        0.00
     0     0       96.00     1099.00        0.00
     0     0      102.00     1097.00        0.00
     0     0      106.00     1093.00        0.00
     0     0      110.00     1089.00        0.00
     0     0      114.00     1085.00        0.00
     0     0      120.00     1085.00        0.00
     0     0      126.00     1089.00        0.00
     0     0      132.00     1091.00        0.00
     0     0      138.00     1093.00        0.00
     0     0      144.00     1095.00        0.00
     0     0      148.00     1099.00        0.00
     0     0      152.00     1103.00        0.00
     0     0      158.00     1101.00        0.00
     0     0      160.00     1095.00        0.00
     0     0      160.00     1087.00        0.00
     0     0      160.00     1081.00        0.00
     0     0      160.00     1073.00        0.00
     0     0      160.00     1067.00        0.00
     0     0      160.00     1059.00        0.00
     0     0      158.00     1049.00        0.00
     0     0      158.00     1043.00        0.00
     0     0      158.00     1037.00        0.00
     0     0      156.00     1025.00        0.00
     0     0      156.00     1017.00        0.00
     0     0      156.00     1011.00        0.00
     0     0      154.00     1003.00        0.00
     0     0      152.00      995.00        0.00
     0     0      148.00      989.00        0.00
     0     0      146.00      981.00        0.00
     0     0      142.00      975.00        0.00
     0     0      140.00      969.00        0.00
     0     0      136.00      963.00        0.00
     0     0      134.00      957.00        0.00
     0     0      132.00      951.00        0.00
     0     0      130.00      945.00        0.00
     0     0      130.00      939.00        0.00
     0     0      128.00      933.00        0.00
     0     0      128.00      927.00        0.00
     0     0      124.00      923.00        0.00
     0     0      122.00      917.00        0.00
     0     0      120.00      911.00        0.00
     0     0      116.00      905.00        0.00
     0     0      112.00      895.00        0.00
     0     0      112.00      889.00        0.00
     0     0      108.00      885.00        0.00
     0     0      112.00      893.00        0.00
     0     0      116.00      897.00        0.00
     0     0      120.00      903.00        0.00
     0     0      126.00      909.00        0.00
     0     0      130.00      917.00        0.00
     0     0      134.00      921.00        0.00
     0     0      136.00      927.00        0.00
     0     0      138.00      933.00        0.00
     0     0      142.00      939.00        0.00
     0     0      144.00      945.00        0.00
     0     0      146.00      951.00        0.00
     0     0      148.00      957.00        0.00
     0     0      152.00      965.00        0.00
     0     0      154.00      971.00        0.00
     0     0      156.00      977.00        0.00
     0     0      158.00      983.00        0.00
     0     0      160.00      989.00        0.00
     0     0      162.00      997.00        0.00
     0     0      164.00     1003.00        0.00
     0     0      166.00     1009.00        0.00
     0     0      170.00     1019.00        0.00
     0     0      172.00     1025.00        0.00
     0     0      172.00     1033.00        0.00
     0     0      174.00     1041.00        0.00
     0     0      176.00     1049.00        0.00
     0     0      180.00     1057.00        0.00
     0     0      182.00     1063.00        0.00
     0     0      184.00     1069.00        0.00
     0     0      186.00     1075.00        0.00
     0     0      190.00     1079.00        0.00
     0     0      196.00     1083.00        0.00
     0     0      202.00     1087.00        0.00
     0     0      208.00     1091.00        0.00
     0     0      214.00     1093.00        0.00
     0     0      220.00     1097.00        0.00
     0     0      226.00     1099.00        0.00
     0     0      232.00     1103.00        0.00
     0     0      240.00     1107.00        0.00
     0     0      246.00     1109.00        0.00
     0     0      252.00     1111.00        0.00
     0     0      254.00     1117.00        0.00
     0     0      258.00     1125.00        0.00
     0     0      258.00     1131.00        0.00
     0     0      258.00     1137.00        0.00
     0     0      256.00     1145.00        0.00
     0     0      256.00     1151.00        0.00
     0     0      256.00     1157.00        0.00
     0     0      256.00     1163.00        0.00
     0     0      258.00     1169.00        0.00
     0     0      260.00     1175.00        0.00
     0     0      260.00     1185.00        0.00
     0     0      262.00     1191.00        0.00
     0     0      266.00     1199.00        0.00
     0     0      268.00     1207.00        0.00
     0     0      272.00     1215.00        0.00
     0     0      276.00     1221.00        0.00
     0     0      278.00     1227.00        0.00
     0     0      282.00     1231.00        0.00
     0     0      286.00     1235.00        0.00
     0     0      288.00     1241.00        0.00
     0     0      288.00     1247.00        0.00
     0     0      280.00     1245.00        0.00
     0     0      272.00     1237.00        0.00
     0     0      262.00     1227.00        0.00
     0     0      258.00     1223.00        0.00
     0     0      258.00     1229.00        0.00
     0     0      258.00     1235.00        0.00
     0     0      258.00     1243.00        0.00
     0     0      256.00     1253.00        0.00
     0     0      256.00     1263.00        0.00
     0     0      252.00     1267.00        0.00
     0     0      250.00     1261.00        0.00
     0     0      244.00     1253.00        0.00
     0     0      240.00     1247.00        0.00
     0     0      236.00     1243.00        0.00
     0     0      230.00     1247.00        0.00
     0     0      226.00     1253.00        0.00
     0     0      222.00     1257.00        0.00
     0     0      212.00     1259.00        0.00
     0     0      206.00     1257.00        0.00
     0     0      202.00     1251.00        0.00
     0     0      198.00     1247.00        0.00
     0     0      194.00     1243.00        0.00
     0     0      188.00     1243.00        0.00
     0     0      182.00     1243.00        0.00
     0     0      176.00     1243.00        0.00
     0     0      170.00     1239.00        0.00
     0     0      166.00     1235.00        0.00
     0     0      160.00     1233.00        0.00
     0     0      154.00     1231.00        0.00
     0     0      148.00     1231.00        0.00
     0     0      142.00     1233.00        0.00
     0     0      136.00     1233.00        0.00
     0     1      520.00      791.00        0.00
     0     1      528.00      789.00        0.00
     0     1      534.00      785.00        0.00
     0     1      540.00      781.00        0.00
     0     1      544.00      777.00        0.00
     0     1      550.00      775.00        0.00
     0     1      556.00      771.00        0.00
     0     1      562.00      767.00        0.00
     0     1      568.00      765.00        0.00
     0     1      572.00      761.00        0.00
     0     1      578.00      757.00        0.00
     0     1      584.00      755.00        0.00
     0     1      590.00      751.00        0.00
     0     1      594.00      747.00        0.00
     0     1      600.00      743.00        0.00
     0     1      604.00      739.00        0.00
     0     1      608.00      735.00        0.00
     0     1      610.00      729.00        0.00
     0     1      612.00      723.00        0.00
     0     1      616.00      717.00        0.00
     0     1      618.00      709.00        0.00
     0     1      622.00      703.00        0.00
     0     1      628.00      697.00        0.00
     0     1      634.00      691.00        0.00
     0     1      638.00      685.00        0.00
     0     1      642.00      679.00        0.00
     0     1      644.00      673.00        0.00
     0     1      644.00      667.00        0.00
     0     1      644.00      661.00        0.00
     0     1      644.00      655.00        0.00
     0     1      642.00      649.00        0.00
     0     1      638.00      645.00        0.00
     0     1      632.00      641.00        0.00
     0     1      628.00      637.00        0.00
     0     1      622.00      635.00        0.00
     0     1      616.00      635.00        0.00
     0     1      610.00      635.00        0.00
     0     1      604.00      635.00        0.00
     0     1      596.00      637.00        0.00
     0     1      590.00      639.00        0.00
     0     1      586.00      643.00        0.00
     0     1      580.00      647.00        0.00
     0     1      576.00      651.00        0.00
     0     1      570.00      657.00        0.00
     0     1      566.00      661.00        0.00
     0     1      560.00      665.00        0.00
     0     1      556.00      669.00        0.00
     0     1      552.00      673.00        0.00
     0     1      546.00      677.00        0.00
     0     1      542.00      681.00        0.00
     0     1      538.00      685.00        0.00
     0     1      534.00      691.00        0.00
     0     1      532.00      697.00        0.00
     0     1      530.00      703.00        0.00
     0     1      528.00      709.00        0.00
     0     1      526.00      717.00        0.00
     0     1      524.00      723.00        0.00
     0     1      522.00      729.00        0.00
     0     1      520.00      735.00        0.00
     0     1      518.00      741.00        0.00
     0     1      516.00      747.00        0.00
     0     1      516.00      753.00        0.00
     0     2      518.00      581.00        0.00
     0     2      498.00      575.00        0.00
     0     2      492.00      573.00        0.00
     0     2      484.00      571.00        0.00
     0     2      478.00      569.00        0.00
     0     2      474.00      565.00        0.00
     0     2      468.00      561.00        0.00
     0     2      462.00      559.00        0.00
     0     2      458.00      555.00        0.00
     0     2      454.00      551.00        0.00
     0     2      448.00      547.00        0.00
     0     2      444.00      541.00        0.00
     0     2      438.00      533.00        0.00
     0     2      434.00      529.00        0.00
     0     2      430.00      525.00        0.00
     0     2      426.00      519.00        0.00
     0     2      422.00      513.00        0.00
     0     2      416.00      507.00        0.00
     0     2      412.00      503.00        0.00
     0     2      406.00      499.00        0.00
     0     2      398.00      497.00        0.00
     0     2      392.00      493.00        0.00
     0     2      386.00      491.00        0.00
     0     2      378.00      489.00        0.00
     0     2      372.00      487.00        0.00
     0     2      366.00      487.00        0.00
     0     2      358.00      485.00        0.00
     0     2      352.00      485.00        0.00
     0     2      346.00      485.00        0.00
     0     2      340.00      485.00        0.00
     0     2      334.00      485.00        0.00
     0     2      326.00      485.00        0.00
     0     2      320.00      485.00        0.00
     0     2      312.00      485.00        0.00
     0     2      306.00      487.00        0.00
     0     2      300.00      485.00        0.00
     0     2      296.00      481.00        0.00
     0     2      292.00      475.00        0.00
     0     2      290.00      467.00        0.00
     0     2      288.00      461.00        0.00
     0     2      288.00      455.00        0.00
     0     2      288.00      449.00        0.00
     0     2      294.00      443.00        0.00
     0     2      298.00      439.00        0.00
     0     2      302.00      435.00        0.00
     0     2      306.00      431.00        0.00
     0     2      310.00      425.00        0.00
     0     2      314.00      421.00        0.00
     0     2      318.00      415.00        0.00
     0     2      324.00      413.00        0.00
     0     2      332.00      413.00        0.00
     0     2      338.00      415.00        0.00
     0     2      344.00      417.00        0.00
     0     2      350.00      421.00        0.00
     0     2      356.00      423.00        0.00
     0     2      362.00      425.00        0.00
     0     2      370.00      429.00        0.00
     0     2      376.00      431.00        0.00
     0     2      382.00      431.00        0.00
     0     2      388.00      433.00        0.00
     0     2      398.00      435.00        0.00
     0     2      406.00      437.00        0.00
     0     2      414.00      437.00        0.00
     0     2      420.00      437.00        0.00
     0     2      426.00      437.00        0.00
     0     2      432.00      437.00        0.00
     0     2      438.00      437.00        0.00
     0     2      444.00      437.00        0.00
     0     2      450.00      437.00        0.00
     0     2      458.00      435.00        0.00
     0     2      462.00      431.00        0.00
     0     2      464.00      425.00        0.00
     0     2      468.00      421.00        0.00
     0     2      472.00      415.00        0.00
     0     2      476.00      411.00        0.00
     0     2      482.00      409.00        0.00
     0     2      486.00      413.00        0.00
     0     2      490.00      419.00        0.00
     0     2      494.00      423.00        0.00
     0     2      500.00      427.00        0.00
     0     2      506.00      431.00        0.00
     0     2      512.00      437.00        0.00
     0     2      520.00      441.00        0.00
     0     2      528.00      443.00        0.00
     0     2      536.00      445.00        0.00
     0     2      544.00      445.00        0.00
     0     2      552.00      445.00        0.00
     0     2      560.00      445.00        0.00
     0     2      566.00      445.00        0.00
     0     2      572.00      445.00        0.00
     0     2      580.00      445.00        0.00
     0     2      588.00      447.00        0.00
     0     2      594.00      449.00        0.00
     0     2      600.00      451.00        0.00
     0     2      606.00      455.00        0.00
     0     2      610.00      459.00        0.00
     0     2      616.00      461.00        0.00
     0     2      624.00      463.00        0.00
     0     2      630.00      465.00        0.00
     0     2      636.00      467.00        0.00
     0     2      642.00      467.00        0.00
     0     2      648.00      469.00        0.00
     0     2      652.00      473.00        0.00
     0     2      658.00      475.00        0.00
     0     2      664.00      479.00        0.00
     0     2      670.00      483.00        0.00
     0     2      676.00      487.00        0.00
     0     2      680.00      491.00        0.00
     0     2      684.00      499.00        0.00
     0     2      686.00      505.00        0.00
     0     2      688.00      513.00        0.00
     0     2      690.00      521.00        0.00
     0     2      690.00      527.00        0.00
     0     2      694.00      533.00        0.00
     0     2      696.00      541.00        0.00
     0     2      700.00      549.00        0.00
     0     2      702.00      555.00        0.00
     0     2      702.00      563.00        0.00
     0     2      702.00      569.00        0.00
     0     2      704.00      575.00        0.00
     0     2      704.00      581.00        0.00
     0     2      706.00      587.00        0.00
     0     2      706.00      593.00        0.00
     0     2      708.00      599.00        0.00
     0     2      710.00      605.00        0.00
     0     2      712.00      611.00        0.00
     0     2      712.00      617.00        0.00
     0     2      708.00      621.00        0.00
     0     2      704.00      625.00        0.00
     0     2      698.00      625.00        0.00
     0     2      690.00      623.00        0.00
     0     2      684.00      619.00        0.00
     0     2      680.00      615.00        0.00
     0     2      672.00      611.00        0.00
     0     2      666.00      607.00        0.00
     0     2      660.00      603.00        0.00
     0     2      654.00      601.00        0.00
     0     2      650.00      597.00        0.00
     0     2      644.00      593.00        0.00
     0     2      638.00      589.00        0.00
     0     2      632.00      587.00        0.00
     0     2      624.00      585.00        0.00
     0     2      618.00      583.00        0.00
     0     2      612.00      581.00        0.00
     0     2      606.00      581.00        0.00
     0     2      600.00      579.00        0.00
     0     2      594.00      579.00        0.00
     0     2      588.00      579.00        0.00
     0     2      582.00      579.00        0.00
     0     2      576.00      579.00        0.00
     0     2      570.00      579.00        0.00
     0     2      564.00      579.00        0.00
     0     2      558.00      579.00        0.00
     0     2      552.00      579.00        0.00
     0     2      546.00      579.00        0.00
     0     2      540.00      579.00        0.00
     0     3      546.00      963.00        0.00
     0     3      546.00      957.00        0.00
     0     3      548.00      949.00        0.00
     0     3      552.00      945.00        0.00
     0     3      554.00      939.00        0.00
     0     3      558.00      935.00        0.00
     0     3      560.00      929.00        0.00
     0     3      564.00      923.00        0.00
     0     3      568.00      915.00        0.00
     0     3      572.00      909.00        0.00
     0     3      574.00      901.00        0.00
     0     3      576.00      891.00        0.00
     0     3      578.00      881.00        0.00
     0     3      580.00      873.00        0.00
     0     3      582.00      863.00        0.00
     0     3      582.00      855.00        0.00
     0     3      582.00      847.00        0.00
     0     3      582.00      837.00        0.00
     0     3      582.00      827.00        0.00
     0     3      582.00      819.00        0.00
     0     3      582.00      809.00        0.00
     0     3      582.00      803.00        0.00
     0     3      582.00      797.00        0.00
     0     3      582.00      791.00        0.00
     0     3      582.00      785.00        0.00
     0     3      582.00      775.00        0.00
     0     3      580.00      769.00        0.00
     0     3      580.00      763.00        0.00
     0     3      578.00      757.00        0.00
     0     3      578.00      751.00        0.00
     0     3      578.00      743.00        0.00
     0     3      578.00      735.00        0.00
     0     3      578.00      729.00        0.00
     0     3      578.00      719.00        0.00
     0     3      578.00      711.00        0.00
     0     3      578.00      705.00        0.00
     0     3      578.00      699.00        0.00
     0     3      578.00      689.00        0.00
     0     3      578.00      683.00        0.00
     0     3      576.00      675.00        0.00
     0     3      572.00      669.00        0.00
     0     3      570.00      663.00        0.00
     0     3      568.00      657.00        0.00
     0     3      564.00      653.00        0.00
     0     3      560.00      647.00        0.00
     0     3      556.00      639.00        0.00
     0     3      552.00      635.00        0.00
     0     3      550.00      629.00        0.00
     0     3      546.00      623.00        0.00
     0     3      544.00      617.00        0.00
     0     3      544.00      611.00        0.00
     0     3      544.00      605.00        0.00
     0     3      544.00      599.00        0.00
     0     3      542.00      593.00        0.00
     0     3      542.00      587.00        0.00
     0     3      542.00      581.00        0.00
     0     3      542.00      573.00        0.00
     0     3      544.00      565.00        0.00
     0     3      544.00      557.00        0.00
     0     3      546.00      551.00        0.00
     0     3      546.00      545.00        0.00
     0     3      550.00      535.00        0.00
     0     3      554.00      529.00        0.00
     0     3      556.00      523.00        0.00
     0     3      558.00      517.00        0.00
     0     3      562.00      509.00        0.00
     0     3      564.00      503.00        0.00
     0     3      568.00      497.00        0.00
     0     3      572.00      489.00        0.00
     0     3      576.00      483.00        0.00
     0     3      578.00      477.00        0.00
     0     3      582.00      473.00        0.00
     0     3      584.00      467.00        0.00
     0     3      590.00      461.00        0.00
     0     3      592.00      455.00        0.00
     0     3      596.00      451.00        0.00
     0     3      600.00      447.00        0.00
     0     3      602.00      439.00        0.00
     0     3      606.00      435.00        0.00
     0     3      608.00      429.00        0.00
     0     3      612.00      425.00        0.00
     0     3      616.00      419.00        0.00
     0     3      620.00      413.00        0.00
     0     3      624.00      407.00        0.00
     0     3      628.00      401.00        0.00
     0     3      632.00      395.00        0.00
     0     3      634.00      389.00        0.00
     0     3      638.00      381.00        0.00
     0     3      640.00      375.00        0.00
     0     3      642.00      369.00        0.00
     0     3      644.00      363.00        0.00
     0     3      648.00      355.00        0.00
     0     3      650.00      349.00        0.00
     0     3      652.00      343.00        0.00
     0     3      652.00      337.00        0.00
     0     3      652.00      331.00        0.00
     0     3      654.00      325.00        0.00
     0     3      654.00      319.00        0.00
     0     3      656.00      313.00        0.00
     0     3      658.00      307.00        0.00
     0     3      660.00      301.00        0.00
     0     3      664.00      295.00        0.00
     0     3      666.00      289.00        0.00
     0     3      668.00      283.00        0.00
     0     3      670.00      277.00        0.00
     0     3      672.00      271.00        0.00
     0     3      674.00      265.00        0.00
     0     3      674.00      257.00        0.00
     0     3      672.00      249.00        0.00
     0     3      670.00      243.00        0.00
     0     3      664.00      239.00        0.00
     0     3      660.00      233.00        0.00
     0     3      660.00      227.00        0.00
     0     3      660.00      221.00        0.00
     0     3      660.00      213.00        0.00
     0     3      660.00      207.00        0.00
     0     3      660.00      199.00        0.00
     0     3      660.00      193.00        0.00
     0     3      662.00      187.00        0.00
     0     3      664.00      179.00        0.00
     0     3      666.00      171.00        0.00
     0     3      672.00      167.00        0.00
     0     3      678.00      165.00        0.00
     0     3      686.00      163.00        0.00
     0     3      694.00      157.00        0.00
     0     3      700.00      157.00        0.00
     0     3      708.00      159.00        0.00
     0     3      712.00      163.00        0.00
     0     3      716.00      167.00        0.00
     0     3      722.00      171.00        0.00
     0     3      728.00      175.00        0.00
     0     3      732.00      179.00        0.00
     0     3      738.00      183.00        0.00
     0     3      744.00      185.00        0.00
     0     3      750.00      187.00        0.00
     0     3      756.00      191.00        0.00
     0     3      762.00      195.00        0.00
     0     3      766.00      199.00        0.00
     0     3      770.00      205.00        0.00
     0     3      776.00      209.00        0.00
     0     3      782.00      213.00        0.00
     0     3      786.00      217.00        0.00
     0     3      790.00      221.00        0.00
     0     3      796.00      225.00        0.00
     0     3      800.00      229.00        0.00
     0     3      802.00      235.00        0.00
     0     3      802.00      241.00        0.00
     0     3      802.00      247.00        0.00
     0     3      798.00      253.00        0.00
     0     3      796.00      259.00        0.00
     0     3      794.00      265.00        0.00
     0     3      790.00      271.00        0.00
     0     3      784.00      277.00        0.00
     0     3      780.00      281.00        0.00
     0     3      776.00      285.00        0.00
     0     3      772.00      289.00        0.00
     0     3      766.00      291.00        0.00
     0     3      760.00      293.00        0.00
     0     3      754.00      295.00        0.00
     0     3      748.00      295.00        0.00
     0     3      740.00      295.00        0.00
     0     3      732.00      297.00        0.00
     0     3      724.00      301.00        0.00
     0     3      718.00      305.00        0.00
     0     3      714.00      311.00        0.00
     0     3      708.00      315.00        0.00
     0     3      704.00      321.00        0.00
     0     3      698.00      325.00        0.00
     0     3      694.00      331.00        0.00
     0     3      690.00      335.00        0.00
     0     3      686.00      343.00        0.00
     0     3      680.00      347.00        0.00
     0     3      676.00      351.00        0.00
     0     3      672.00      355.00        0.00
     0     3      668.00      359.00        0.00
     0     3      664.00      363.00        0.00
     0     3      658.00      367.00        0.00
     0     3      654.00      371.00        0.00
     0     3      650.00      377.00        0.00
     0     3      646.00      383.00        0.00
     0     3      642.00      389.00        0.00
     0     3      638.00      393.00        0.00
     0     3      634.00      399.00        0.00
     0     3      630.00      403.00        0.00
     0     3      626.00      407.00        0.00
     0     3      622.00      413.00        0.00
     0     3      620.00      421.00        0.00
     0     3      616.00      427.00        0.00
     0     3      612.00      431.00        0.00
     0     3      608.00      435.00        0.00
     0     3      604.00      439.00        0.00
     0     3      604.00      445.00        0.00
     0     3      600.00      449.00        0.00
     0     3      596.00      453.00        0.00
     0     3      592.00      461.00        0.00
     0     3      586.00      465.00        0.00
     0     3      582.00      471.00        0.00
     0     3      578.00      477.00        0.00
     0     3      574.00      481.00        0.00
     0     3      572.00      489.00        0.00
     0     3      568.00      493.00        0.00
     0     3      566.00      501.00        0.00
     0     3      564.00      507.00        0.00
     0     3      560.00      515.00        0.00
     0     3      558.00      521.00        0.00
     0     3      556.00      527.00        0.00
     0     3      554.00      533.00        0.00
     0     3      552.00      539.00        0.00
     0     3      552.00      545.00        0.00
     0     3      550.00      553.00        0.00
     0     3      548.00      561.00        0.00
     0     3      548.00      569.00        0.00
     0     3      546.00      575.00        0.00
     0     3      546.00      581.00        0.00
     0     3      544.00      589.00        0.00
     0     3      544.00      595.00        0.00
     0     3      544.00      601.00        0.00
     0     3      544.00      607.00        0.00
     0     3      544.00      613.00        0.00
     0     3      546.00      619.00        0.00
     0     3      548.00      627.00        0.00
     0     3      550.00      633.00        0.00
     0     3      552.00      639.00        0.00
     0     3      556.00      645.00        0.00
     0     3      560.00      651.00        0.00
     0     3      560.00      657.00        0.00
     0     3      564.00      663.00        0.00
     0     3      568.00      669.00        0.00
     0     3      572.00      675.00        0.00
     0     3      576.00      679.00        0.00
     0     3      578.00      685.00        0.00
     0     3      578.00      691.00        0.00
     0     3      580.00      697.00        0.00
     0     3      580.00      703.00        0.00
     0     3      580.00      711.00        0.00
     0     3      582.00      721.00        0.00
     0     3      582.00      727.00        0.00
     0     3      584.00      733.00        0.00
     0     3      584.00      739.00        0.00
     0     3      584.00      745.00        0.00
     0     3      584.00      751.00        0.00
     0     3      586.00      757.00        0.00
     0     3      586.00      763.00        0.00
     0     3      586.00      769.00        0.00
     0     3      586.00      775.00        0.00
     0     3      586.00      781.00        0.00
     0     3      586.00      787.00        0.00
     0     3      586.00      793.00        0.00
     0     3      586.00      799.00        0.00
     0     3      586.00      805.00        0.00
     0     3      586.00      813.00        0.00
     0     3      588.00      819.00        0.00
     0     3      590.00      827.00        0.00
     0     3      592.00      833.00        0.00
     0     3      592.00      839.00        0.00
     0     3      592.00      845.00        0.00
     0     3      592.00      851.00        0.00
     0     3      590.00      857.00        0.00
     0     3      588.00      863.00        0.00
     0     3      586.00      869.00        0.00
     0     4      814.00     1055.00        0.00
     0     4      796.00     1055.00        0.00
     0     4      790.00     1051.00        0.00
     0     4      786.00     1047.00        0.00
     0     4      782.00     1043.00        0.00
     0     4      780.00     1035.00        0.00
     0     4      780.00     1029.00        0.00
     0     4      780.00     1023.00        0.00
     0     4      780.00     1017.00        0.00
     0     4      784.00     1011.00        0.00
     0     4      786.00     1005.00        0.00
     0     4      792.00     1001.00        0.00
     0     4      800.00      999.00        0.00
     0     4      808.00      995.00        0.00
     0     4      814.00      993.00        0.00
     0     4      820.00      993.00        0.00
     0     4      830.00      989.00        0.00
     0     4      836.00      987.00        0.00
     0     4      842.00      985.00        0.00
     0     4      850.00      983.00        0.00
     0     4      856.00      981.00        0.00
     0     4      860.00      977.00        0.00
     0     4      868.00      973.00        0.00
     0     4      872.00      969.00        0.00
     0     4      876.00      963.00        0.00
     0     4      880.00      959.00        0.00
     0     4      886.00      953.00        0.00
     0     4      890.00      949.00        0.00
     0     4      894.00      945.00        0.00
     0     4      898.00      941.00        0.00
     0     4      902.00      937.00        0.00
     0     4      906.00      933.00        0.00
     0     4      910.00      929.00        0.00
     0     4      914.00      925.00        0.00
     0     4      920.00      921.00        0.00
     0     4      924.00      917.00        0.00
     0     4      928.00      913.00        0.00
     0     4      934.00      911.00        0.00
     0     4      938.00      915.00        0.00
     0     4      940.00      921.00        0.00
     0     4      940.00      929.00        0.00
     0     4      940.00      937.00        0.00
     0     4      940.00      943.00        0.00
     0     4      938.00      951.00        0.00
     0     4      938.00      957.00        0.00
     0     4      938.00      965.00        0.00
     0     4      938.00      971.00        0.00
     0     4      936.00      977.00        0.00
     0     4      936.00      983.00        0.00
     0     4      936.00      989.00        0.00
     0     4      936.00      995.00        0.00
     0     4      932.00      999.00        0.00
     0     4      928.00     1003.00        0.00
     0     4      924.00     1009.00        0.00
     0     4      916.00     1011.00        0.00
     0     4      912.00     1015.00        0.00
     0     4      908.00     1019.00        0.00
     0     4      902.00     1021.00        0.00
     0     4      896.00     1025.00        0.00
     0     4      892.00     1029.00        0.00
     0     4      888.00     1033.00        0.00
     0     4      884.00     1037.00        0.00
     0     4      878.00     1041.00        0.00
     0     4      872.00     1043.00        0.00
     0     5      780.00      991.00        0.00
     0     5      784.00      971.00        0.00
     0     5      782.00      963.00        0.00
     0     5      778.00      957.00        0.00
     0     5      776.00      951.00        0.00
     0     5      774.00      945.00        0.00
     0     5      772.00      939.00        0.00
     0     5      772.00      931.00        0.00
     0     5      776.00      925.00        0.00
     0     5      782.00      921.00        0.00
     0     5      786.00      915.00        0.00
     0     5      786.00      909.00        0.00
     0     5      788.00      901.00        0.00
     0     5      792.00      897.00        0.00
     0     5      798.00      889.00        0.00
     0     5      800.00      883.00        0.00
     0     5      804.00      877.00        0.00
     0     5      810.00      871.00        0.00
     0     5      814.00      867.00        0.00
     0     5      820.00      865.00        0.00
     0     5      826.00      865.00        0.00
     0     5      832.00      865.00        0.00
     0     5      838.00      869.00        0.00
     0     5      844.00      871.00        0.00
     0     5      850.00      871.00        0.00
     0     5      856.00      871.00        0.00
     0     5      864.00      869.00        0.00
     0     5      868.00      865.00        0.00
     0     5      874.00      861.00        0.00
     0     5      880.00      855.00        0.00
     0     5      884.00      851.00        0.00
     0     5      890.00      849.00        0.00
     0     5      896.00      845.00        0.00
     0     5      900.00      841.00        0.00
     0     5      906.00      837.00        0.00
     0     5      912.00      833.00        0.00
     0     5      916.00      827.00        0.00
     0     5      920.00      823.00        0.00
     0     5      926.00      819.00        0.00
     0     5      932.00      817.00        0.00
     0     5      940.00      817.00        0.00
     0     5      944.00      821.00        0.00
     0     5      948.00      825.00        0.00
     0     5      950.00      831.00        0.00
     0     5      950.00      837.00        0.00
     0     5      950.00      845.00        0.00
     0     5      950.00      851.00        0.00
     0     5      948.00      861.00        0.00
     0     5      946.00      867.00        0.00
     0     5      944.00      873.00        0.00
     0     5      942.00      879.00        0.00
     0     5      940.00      885.00        0.00
     0     5      936.00      891.00        0.00
     0     5      934.00      897.00        0.00
     0     5      930.00      903.00        0.00
     0     5      928.00      909.00        0.00
     0     5      924.00      913.00        0.00
     0     5      920.00      917.00        0.00
     0     5      914.00      921.00        0.00
     0     5      910.00      925.00        0.00
     0     5      904.00      927.00        0.00
     0     5      900.00      931.00        0.00
     0     5      896.00      935.00        0.00
     0     5      892.00      939.00        0.00
     0     5      888.00      943.00        0.00
     0     5      886.00      949.00        0.00
     0     5      882.00      953.00        0.00
     0     5      878.00      957.00        0.00
     0     5      874.00      961.00        0.00
     0     5      870.00      965.00        0.00
     0     5      864.00      967.00        0.00
     0     5      860.00      973.00        0.00
     0     5      854.00      975.00        0.00
     0     5      848.00      979.00        0.00
     0     5      842.00      981.00        0.00
     0     5      836.00      985.00        0.00
     0     5      830.00      987.00        0.00
     0     5      822.00      989.00        0.00
     0     5      816.00      989.00        0.00
     0     5      810.00      991.00        0.00
     0     5      802.00      991.00        0.00
     0     5      796.00      991.00        0.00
     0     6      674.00     1143.00        0.00
     0     6      708.00     1145.00        0.00
     0     6      726.00     1147.00        0.00
     0     6      732.00     1149.00        0.00
     0     6      738.00     1149.00        0.00
     0     6      746.00     1151.00        0.00
     0     6      752.00     1151.00        0.00
     0     6      758.00     1153.00        0.00
     0     6      764.00     1153.00        0.00
     0     6      770.00     1155.00        0.00
     0     6      776.00     1157.00        0.00
     0     6      782.00     1157.00        0.00
     0     6      788.00     1159.00        0.00
     0     6      796.00     1159.00        0.00
     0     6      802.00     1159.00        0.00
     0     6      810.00     1161.00        0.00
     0     6      816.00     1161.00        0.00
     0     6      824.00     1163.00        0.00
     0     6      830.00     1165.00        0.00
     0     6      838.00     1167.00        0.00
     0     6      844.00     1167.00        0.00
     0     6      850.00     1169.00        0.00
     0     6      858.00     1171.00        0.00
     0     6      862.00     1175.00        0.00
     0     6      868.00     1177.00        0.00
     0     6      874.00     1179.00        0.00
     0     6      880.00     1183.00        0.00
     0     6      886.00     1185.00        0.00
     0     6      892.00     1191.00        0.00
     0     6      900.00     1193.00        0.00
     0     6      904.00     1197.00        0.00
     0     6      912.00     1201.00        0.00
     0     6      916.00     1205.00        0.00
     0     6      926.00     1209.00        0.00
     0     6      930.00     1213.00        0.00
     0     6      934.00     1217.00        0.00
     0     6      940.00     1221.00        0.00
     0     6      946.00     1225.00        0.00
     0     6      950.00     1229.00        0.00
     0     6      958.00     1233.00        0.00
     0     6      964.00     1237.00        0.00
     0     6      974.00     1239.00        0.00
     0     6      980.00     1243.00        0.00
     0     6      988.00     1247.00        0.00
     0     6      994.00     1249.00        0.00
     0     6     1000.00     1253.00        0.00
     0     6     1008.00     1257.00        0.00
     0     6     1016.00     1263.00        0.00
     0     6     1024.00     1267.00        0.00
     0     6     1030.00     1271.00        0.00
     0     6     1036.00     1273.00        0.00
     0     6     1040.00     1277.00        0.00
     0     6     1046.00     1281.00        0.00
     0     6     1052.00     1283.00        0.00
     0     6     1056.00     1287.00        0.00
     0     6     1062.00     1291.00        0.00
     0     6     1066.00     1295.00        0.00
     0     6     1070.00     1301.00        0.00
     0     6     1072.00     1307.00        0.00
     0     6     1076.00     1311.00        0.00
     0     6     1080.00     1315.00        0.00
     0     6     1082.00     1321.00        0.00
     0     6     1084.00     1327.00        0.00
     0     6     1088.00     1331.00        0.00
     0     6     1092.00     1335.00        0.00
     0     6     1098.00     1339.00        0.00
     0     6     1104.00     1343.00        0.00
     0     6     1110.00     1347.00        0.00
     0     6     1116.00     1351.00        0.00
     0     6     1124.00     1351.00        0.00
     0     6     1130.00     1353.00        0.00
     0     6     1136.00     1353.00        0.00
     0     6     1142.00     1353.00        0.00
     0     6     1144.00     1347.00        0.00
     0     6     1146.00     1341.00        0.00
     0     6     1150.00     1335.00        0.00
     0     6     1150.00     1329.00        0.00
     0     6     1150.00     1323.00        0.00
     0     6     1152.00     1317.00        0.00
     0     6     1152.00     1311.00        0.00
     0     6     1152.00     1305.00        0.00
     0     6     1150.00     1299.00        0.00
     0     6     1148.00     1293.00        0.00
     0     6     1148.00     1287.00        0.00
     0     6     1148.00     1279.00        0.00
     0     6     1146.00     1273.00        0.00
     0     6     1142.00     1269.00        0.00
     0     6     1138.00     1265.00        0.00
     0     6     1134.00     1261.00        0.00
     0     6     1130.00     1257.00        0.00
     0     6     1128.00     1249.00        0.00
     0     6     1126.00     1243.00        0.00
     0     6     1126.00     1237.00        0.00
     0     6     1124.00     1231.00        0.00
     0     6     1124.00     1225.00        0.00
     0     6     1118.00     1225.00        0.00
     0     6     1112.00     1231.00        0.00
     0     6     1104.00     1235.00        0.00
     0     6     1100.00     1241.00        0.00
     0     6     1090.00     1243.00        0.00
     0     6     1084.00     1243.00        0.00
     0     6     1078.00     1243.00        0.00
     0     6     1070.00     1243.00        0.00
     0     6     1064.00     1241.00        0.00
     0     6     1058.00     1239.00        0.00
     0     6     1054.00     1235.00        0.00
     0     6     1048.00     1231.00        0.00
     0     6     1042.00     1225.00        0.00
     0     6     1038.00     1221.00        0.00
     0     6     1034.00     1215.00        0.00
     0     6     1030.00     1211.00        0.00
     0     6     1026.00     1205.00        0.00
     0     6     1020.00     1201.00        0.00
     0     6     1014.00     1199.00        0.00
     0     6     1008.00     1199.00        0.00
     0     6     1002.00     1197.00        0.00
     0     6      996.00     1197.00        0.00
     0     6      988.00     1197.00        0.00
     0     6      982.00     1195.00        0.00
     0     6      976.00     1193.00        0.00
     0     6      968.00     1191.00        0.00
     0     6      962.00     1191.00        0.00
     0     6      956.00     1189.00        0.00
     0     6      950.00     1187.00        0.00
     0     6      944.00     1187.00        0.00
     0     6      938.00     1185.00        0.00
     0     6      932.00     1185.00        0.00
     0     6      926.00     1183.00        0.00
     0     6      920.00     1181.00        0.00
     0     6      914.00     1181.00        0.00
     0     6      908.00     1179.00        0.00
     0     6      902.00     1177.00        0.00
     0     6      896.00     1175.00        0.00
     0     6      890.00     1173.00        0.00
     0     6      884.00     1173.00        0.00
     0     6      878.00     1171.00        0.00
     0     6      872.00     1167.00        0.00
     0     6      866.00     1165.00        0.00
     0     6      860.00     1163.00        0.00
     0     6      852.00     1161.00        0.00
     0     6      846.00     1159.00        0.00
     0     6      840.00     1157.00        0.00
     0     6      834.00     1157.00        0.00
     0     6      828.00     1155.00        0.00
     0     6      822.00     1155.00        0.00
     0     6      814.00     1155.00        0.00
     0     6      806.00     1155.00        0.00
     0     6      800.00     1155.00        0.00
     0     6      794.00     1155.00        0.00
     0     6      788.00     1153.00        0.00
     0     6      782.00     1153.00        0.00
     0     6      776.00     1151.00        0.00
     0     6      768.00     1151.00        0.00
     0     6      762.00     1149.00        0.00
     0     7     1138.00     1023.00        0.00
     0     7     1150.00     1033.00        0.00
     0     7     1154.00     1039.00        0.00
     0     7     1156.00     1045.00        0.00
     0     7     1160.00     1051.00        0.00
     0     7     1164.00     1055.00        0.00
     0     7     1166.00     1061.00        0.00
     0     7     1170.00     1067.00        0.00
     0     7     1172.00     1073.00        0.00
     0     7     1172.00     1079.00        0.00
     0     7     1174.00     1085.00        0.00
     0     7     1176.00     1091.00        0.00
     0     7     1176.00     1097.00        0.00
     0     7     1178.00     1103.00        0.00
     0     7     1180.00     1109.00        0.00
     0     7     1182.00     1115.00        0.00
     0     7     1182.00     1121.00        0.00
     0     7     1182.00     1127.00        0.00
     0     7     1182.00     1133.00        0.00
     0     7     1182.00     1141.00        0.00
     0     7     1184.00     1147.00        0.00
     0     7     1186.00     1153.00        0.00
     0     7     1188.00     1159.00        0.00
     0     7     1190.00     1165.00        0.00
     0     7     1190.00     1173.00        0.00
     0     7     1186.00     1181.00        0.00
     0     7     1184.00     1187.00        0.00
     0     7     1180.00     1191.00        0.00
     0     7     1180.00     1197.00        0.00
     0     7     1176.00     1201.00        0.00
     0     7     1176.00     1207.00        0.00
     0     7     1178.00     1215.00        0.00
     0     7     1182.00     1221.00        0.00
     0     7     1188.00     1225.00        0.00
     0     7     1194.00     1225.00        0.00
     0     7     1202.00     1221.00        0.00
     0     7     1206.00     1217.00        0.00
     0     7     1212.00     1213.00        0.00
     0     7     1218.00     1213.00        0.00
     0     7     1222.00     1209.00        0.00
     0     7     1228.00     1205.00        0.00
     0     7     1234.00     1201.00        0.00
     0     7     1240.00     1199.00        0.00
     0     7     1246.00     1199.00        0.00
     0     7     1252.00     1199.00        0.00
     0     7     1260.00     1199.00        0.00
     0     7     1266.00     1199.00        0.00
     0     7     1274.00     1201.00        0.00
     0     7     1280.00     1201.00        0.00
     0     7     1282.00     1195.00        0.00
     0     7     1278.00     1187.00        0.00
     0     7     1278.00     1179.00        0.00
     0     7     1274.00     1173.00        0.00
     0     7     1272.00     1167.00        0.00
     0     7     1272.00     1161.00        0.00
     0     7     1272.00     1153.00        0.00
     0     7     1272.00     1147.00        0.00
     0     7     1276.00     1141.00        0.00
     0     7     1278.00     1135.00        0.00
     0     7     1282.00     1131.00        0.00
     0     7     1288.00     1125.00        0.00
     0     7     1292.00     1121.00        0.00
     0     7     1296.00     1115.00        0.00
     0     7     1300.00     1109.00        0.00
     0     7     1300.00     1103.00        0.00
     0     7     1300.00     1097.00        0.00
     0     7     1296.00     1093.00        0.00
     0     7     1292.00     1087.00        0.00
     0     7     1286.00     1085.00        0.00
     0     7     1282.00     1081.00        0.00
     0     7     1276.00     1079.00        0.00
     0     7     1266.00     1077.00        0.00
     0     7     1260.00     1075.00        0.00
     0     7     1252.00     1073.00        0.00
     0     7     1244.00     1071.00        0.00
     0     7     1238.00     1069.00        0.00
     0     7     1232.00     1067.00        0.00
     0     7     1226.00     1063.00        0.00
     0     7     1220.00     1061.00        0.00
     0     7     1212.00     1057.00        0.00
     0     7     1204.00     1055.00        0.00
     0     7     1198.00     1055.00        0.00
     0     7     1192.00     1053.00        0.00
     0     7     1186.00     1049.00        0.00
     0     8     1426.00      961.00        0.00
     0     8     1418.00      961.00        0.00
     0     8     1412.00      961.00        0.00
     0     8     1408.00      965.00        0.00
     0     8     1404.00      969.00        0.00
     0     8     1398.00      971.00        0.00
     0     8     1392.00      969.00        0.00
     0     8     1386.00      967.00        0.00
     0     8     1380.00      965.00        0.00
     0     8     1374.00      963.00        0.00
     0     8     1366.00      961.00        0.00
     0     8     1360.00      959.00        0.00
     0     8     1354.00      957.00        0.00
     0     8     1348.00      957.00        0.00
     0     8     1340.00      953.00        0.00
     0     8     1334.00      951.00        0.00
     0     8     1330.00      947.00        0.00
     0     8     1326.00      943.00        0.00
     0     8     1322.00      939.00        0.00
     0     8     1318.00      935.00        0.00
     0     8     1310.00      931.00        0.00
     0     8     1304.00      927.00        0.00
     0     8     1298.00      923.00        0.00
     0     8     1292.00      919.00        0.00
     0     8     1284.00      915.00        0.00
     0     8     1280.00      911.00        0.00
     0     8     1278.00      905.00        0.00
     0     8     1274.00      901.00        0.00
     0     8     1272.00      895.00        0.00
     0     8     1270.00      887.00        0.00
     0     8     1270.00      881.00        0.00
     0     8     1268.00      875.00        0.00
     0     8     1268.00      869.00        0.00
     0     8     1268.00      861.00        0.00
     0     8     1270.00      855.00        0.00
     0     8     1274.00      849.00        0.00
     0     8     1280.00      849.00        0.00
     0     8     1286.00      847.00        0.00
     0     8     1292.00      845.00        0.00
     0     8     1298.00      845.00        0.00
     0     8     1304.00      845.00        0.00
     0     8     1310.00      845.00        0.00
     0     8     1316.00      845.00        0.00
     0     8     1324.00      845.00        0.00
     0     8     1332.00      847.00        0.00
     0     8     1338.00      849.00        0.00
     0     8     1344.00      849.00        0.00
     0     8     1350.00      853.00        0.00
     0     8     1356.00      855.00        0.00
     0     8     1366.00      859.00        0.00
     0     8     1370.00      863.00        0.00
     0     8     1374.00      867.00        0.00
     0     8     1380.00      871.00        0.00
     0     8     1386.00      875.00        0.00
     0     8     1390.00      881.00        0.00
     0     8     1394.00      885.00        0.00
     0     8     1398.00      889.00        0.00
     0     8     1404.00      893.00        0.00
     0     8     1406.00      899.00        0.00
     0     8     1408.00      905.00        0.00
     0     8     1408.00      911.00        0.00
     0     8     1414.00      913.00        0.00
     0     8     1418.00      917.00        0.00
     0     8     1422.00      921.00        0.00
     0     8     1424.00      927.00        0.00
     0     8     1426.00      933.00        0.00
     0     8     1430.00      937.00        0.00
     0     8     1434.00      941.00        0.00
     0     9     1252.00      457.00        0.00
     0     9     1258.00      457.00        0.00
     0     9     1264.00      455.00        0.00
     0     9     1270.00      451.00        0.00
     0     9     1276.00      449.00        0.00
     0     9     1282.00      447.00        0.00
     0     9     1288.00      443.00        0.00
     0     9     1294.00      441.00        0.00
     0     9     1302.00      441.00        0.00
     0     9     1310.00      437.00        0.00
     0     9     1316.00      437.00        0.00
     0     9     1322.00      435.00        0.00
     0     9     1332.00      433.00        0.00
     0     9     1340.00      431.00        0.00
     0     9     1350.00      431.00        0.00
     0     9     1356.00      429.00        0.00
     0     9     1362.00      429.00        0.00
     0     9     1370.00      429.00        0.00
     0     9     1378.00      427.00        0.00
     0     9     1384.00      427.00        0.00
     0     9     1390.00      427.00        0.00
     0     9     1396.00      425.00        0.00
     0     9     1402.00      425.00        0.00
     0     9     1408.00      423.00        0.00
     0     9     1414.00      421.00        0.00
     0     9     1418.00      417.00        0.00
     0     9     1424.00      415.00        0.00
     0     9     1430.00      413.00        0.00
     0     9     1436.00      411.00        0.00
     0     9     1442.00      407.00        0.00
     0     9     1446.00      401.00        0.00
     0     9     1450.00      397.00        0.00
     0     9     1450.00      391.00        0.00
     0     9     1452.00      385.00        0.00
     0     9     1454.00      379.00        0.00
     0     9     1454.00      373.00        0.00
     0     9     1454.00      367.00        0.00
     0     9     1452.00      361.00        0.00
     0     9     1450.00      355.00        0.00
     0     9     1448.00      349.00        0.00
     0     9     1450.00      343.00        0.00
     0     9     1456.00      339.00        0.00
     0     9     1464.00      337.00        0.00
     0     9     1470.00      335.00        0.00
     0     9     1478.00      333.00        0.00
     0     9     1484.00      333.00        0.00
     0     9     1490.00      331.00        0.00
     0     9     1492.00      325.00        0.00
     0     9     1492.00      319.00        0.00
     0     9     1488.00      313.00        0.00
     0     9     1486.00      307.00        0.00
     0     9     1484.00      301.00        0.00
     0     9     1482.00      295.00        0.00
     0     9     1482.00      289.00        0.00
     0     9     1484.00      283.00        0.00
     0     9     1488.00      277.00        0.00
     0     9     1492.00      273.00        0.00
     0     9     1486.00      271.00        0.00
     0     9     1480.00      269.00        0.00
     0     9     1472.00      267.00        0.00
     0     9     1464.00      265.00        0.00
     0     9     1456.00      261.00        0.00
     0     9     1450.00      259.00        0.00
     0     9     1444.00      257.00        0.00
     0     9     1436.00      255.00        0.00
     0     9     1430.00      253.00        0.00
     0     9     1424.00      253.00        0.00
     0     9     1414.00      253.00        0.00
     0     9     1408.00      253.00        0.00
     0     9     1400.00      255.00        0.00
     0     9     1394.00      257.00        0.00
     0     9     1386.00      261.00        0.00
     0     9     1378.00      265.00        0.00
     0     9     1370.00      269.00        0.00
     0     9     1364.00      269.00        0.00
     0     9     1358.00      271.00        0.00
     0     9     1350.00      271.00        0.00
     0     9     1342.00      271.00        0.00
     0     9     1334.00      271.00        0.00
     0     9     1324.00      269.00        0.00
     0     9     1316.00      267.00        0.00
     0     9     1306.00      265.00        0.00
     0     9     1294.00      263.00        0.00
     0     9     1288.00      261.00        0.00
     0     9     1282.00      261.00        0.00
     0     9     1274.00      259.00        0.00
     0     9     1266.00      257.00        0.00
     0     9     1260.00      255.00        0.00
     0     9     1254.00      253.00        0.00
     0     9     1248.00      251.00        0.00
     0     9     1240.00      247.00        0.00
     0     9     1232.00      245.00        0.00
     0     9     1228.00      241.00        0.00
     0     9     1222.00      241.00        0.00
     0     9     1216.00      237.00        0.00
     0     9     1208.00      235.00        0.00
     0     9     1202.00      233.00        0.00
     0     9     1196.00      231.00        0.00
     0     9     1188.00      229.00        0.00
     0     9     1180.00      225.00        0.00
     0     9     1174.00      223.00        0.00
     0     9     1168.00      221.00        0.00
     0     9     1158.00      219.00        0.00
     0     9     1154.00      215.00        0.00
     0     9     1148.00      211.00        0.00
     0     9     1142.00      209.00        0.00
     0     9     1138.00      205.00        0.00
     0     9     1134.00      201.00        0.00
     0     9     1128.00      197.00        0.00
     0     9     1124.00      193.00        0.00
     0     9     1120.00      189.00        0.00
     0     9     1116.00      183.00        0.00
     0     9     1114.00      177.00        0.00
     0     9     1112.00      171.00        0.00
     0     9     1108.00      165.00        0.00
     0     9     1104.00      161.00        0.00
     0     9     1100.00      165.00        0.00
     0     9     1100.00      173.00        0.00
     0     9     1100.00      179.00        0.00
     0     9     1100.00      185.00        0.00
     0     9     1100.00      191.00        0.00
     0     9     1102.00      197.00        0.00
     0     9     1104.00      203.00        0.00
     0     9     1108.00      209.00        0.00
     0     9     1114.00      213.00        0.00
     0     9     1120.00      219.00        0.00
     0     9     1124.00      223.00        0.00
     0     9     1128.00      229.00        0.00
     0     9     1132.00      233.00        0.00
     0     9     1138.00      235.00        0.00
     0     9     1142.00      239.00        0.00
     0     9     1148.00      243.00        0.00
     0     9     1154.00      245.00        0.00
     0     9     1158.00      249.00        0.00
     0     9     1164.00      251.00        0.00
     0     9     1168.00      255.00        0.00
     0     9     1172.00      259.00        0.00
     0     9     1176.00      265.00        0.00
     0     9     1180.00      269.00        0.00
     0     9     1182.00      275.00        0.00
     0     9     1186.00      281.00        0.00
     0     9     1188.00      287.00        0.00
     0     9     1190.00      293.00        0.00
     0     9     1192.00      299.00        0.00
     0     9     1196.00      305.00        0.00
     0     9     1200.00      313.00        0.00
     0     9     1204.00      323.00        0.00
     0     9     1208.00      329.00        0.00
     0     9     1210.00      335.00        0.00
     0     9     1212.00      341.00        0.00
     0     9     1214.00      347.00        0.00
     0     9     1216.00      355.00        0.00
     0     9     1220.00      363.00        0.00
     0     9     1222.00      369.00        0.00
     0     9     1224.00      375.00        0.00
     0     9     1226.00      381.00        0.00
     0     9     1226.00      387.00        0.00
     0     9     1230.00      393.00        0.00
     0     9     1234.00      399.00        0.00
     0     9     1236.00      405.00        0.00
     0     9     1238.00      411.00        0.00
     0     9     1240.00      417.00        0.00
     0    10     1000.00      167.00        0.00
     0    10     1000.00      173.00        0.00
     0    10      994.00      181.00        0.00
     0    10      992.00      189.00        0.00
     0    10      988.00      197.00        0.00
     0    10      984.00      203.00        0.00
     0    10      980.00      209.00        0.00
     0    10      976.00      213.00        0.00
     0    10      974.00      219.00        0.00
     0    10      970.00      223.00        0.00
     0    10      968.00      229.00        0.00
     0    10      968.00      235.00        0.00
     0    10      968.00      241.00        0.00
     0    10      972.00      247.00        0.00
     0    10      976.00      253.00        0.00
     0    10      980.00      259.00        0.00
     0    10      984.00      265.00        0.00
     0    10      988.00      271.00        0.00
     0    10      992.00      277.00        0.00
     0    10      994.00      283.00        0.00
     0    10      996.00      289.00        0.00
     0    10      998.00      295.00        0.00
     0    10     1000.00      303.00        0.00
     0    10     1000.00      311.00        0.00
     0    10     1002.00      319.00        0.00
     0    10     1002.00      325.00        0.00
     0    10     1006.00      333.00        0.00
     0    10     1008.00      339.00        0.00
     0    10     1010.00      347.00        0.00
     0    10     1012.00      355.00        0.00
     0    10     1012.00      361.00        0.00
     0    10     1012.00      369.00        0.00
     0    10     1012.00      375.00        0.00
     0    10     1006.00      377.00        0.00
     0    10     1002.00      381.00        0.00
     0    10     1000.00      387.00        0.00
     0    10      998.00      393.00        0.00
     0    10      998.00      401.00        0.00
     0    10     1000.00      407.00        0.00
     0    10     1004.00      413.00        0.00
     0    10     1010.00      417.00        0.00
     0    10     1016.00      421.00        0.00
     0    10     1016.00      427.00        0.00
     0    10     1016.00      433.00        0.00
     0    10     1010.00      433.00        0.00
     0    10     1002.00      433.00        0.00
     0    10      996.00      433.00        0.00
     0    10      990.00      429.00        0.00
     0    10      984.00      425.00        0.00
     0    10      976.00      417.00        0.00
     0    10      970.00      413.00        0.00
     0    10      964.00      409.00        0.00
     0    10      960.00      405.00        0.00
     0    10      954.00      403.00        0.00
     0    10      950.00      409.00        0.00
     0    10      948.00      415.00        0.00
     0    10      946.00      421.00        0.00
     0    10      942.00      425.00        0.00
     0    10      938.00      429.00        0.00
     0    10      934.00      433.00        0.00
     0    10      928.00      433.00        0.00
     0    10      922.00      433.00        0.00
     0    10      916.00      431.00        0.00
     0    10      910.00      427.00        0.00
     0    10      904.00      427.00        0.00
     0    10      898.00      427.00        0.00
     0    10      892.00      427.00        0.00
     0    10      884.00      429.00        0.00
     0    10      880.00      435.00        0.00
     0    10      872.00      437.00        0.00
     0    10      866.00      439.00        0.00
     0    10      860.00      441.00        0.00
     0    10      854.00      439.00        0.00
     0    10      852.00      433.00        0.00
     0    10      852.00      425.00        0.00
     0    10      852.00      419.00        0.00
     0    10      856.00      413.00        0.00
     0    10      858.00      407.00        0.00
     0    10      862.00      399.00        0.00
     0    10      864.00      393.00        0.00
     0    10      868.00      387.00        0.00
     0    10      872.00      381.00        0.00
     0    10      876.00      375.00        0.00
     0    10      880.00      369.00        0.00
     0    10      884.00      365.00        0.00
     0    10      888.00      361.00        0.00
     0    10      892.00      357.00        0.00
     0    10      892.00      351.00        0.00
     0    10      896.00      347.00        0.00
     0    10      900.00      341.00        0.00
     0    10      904.00      337.00        0.00
     0    10      910.00      333.00        0.00
     0    10      914.00      329.00        0.00
     0    10      918.00      325.00        0.00
     0    10      920.00      319.00        0.00
     0    10      922.00      313.00        0.00
     0    10      924.00      307.00        0.00
     0    10      926.00      301.00        0.00
     0    10      928.00      295.00        0.00
     0    10      932.00      289.00        0.00
     0    10      934.00      283.00        0.00
     0    10      936.00      277.00        0.00
     0    10      940.00      271.00        0.00
     0    10      944.00      267.00        0.00
     0    10      948.00      263.00        0.00
     0    10      952.00      259.00        0.00
     0    10      956.00      255.00        0.00
     0    11      382.00      393.00        0.00
     0    11      392.00      393.00        0.00
     0    11      396.00      389.00        0.00
     0    11      400.00      381.00        0.00
     0    11      402.00      371.00        0.00
     0    11      406.00      363.00        0.00
     0    11      408.00      353.00        0.00
     0    11      410.00      345.00        0.00
     0    11      412.00      339.00        0.00
     0    11      416.00      331.00        0.00
     0    11      418.00      325.00        0.00
     0    11      420.00      319.00        0.00
     0    11      422.00      313.00        0.00
     0    11      426.00      305.00        0.00
     0    11      428.00      299.00        0.00
     0    11      432.00      293.00        0.00
     0    11      436.00      287.00        0.00
     0    11      440.00      283.00        0.00
     0    11      444.00      279.00        0.00
     0    11      450.00      275.00        0.00
     0    11      456.00      273.00        0.00
     0    11      460.00      269.00        0.00
     0    11      466.00      267.00        0.00
     0    11      472.00      263.00        0.00
     0    11      478.00      261.00        0.00
     0    11      482.00      257.00        0.00
     0    11      488.00      253.00        0.00
     0    11      494.00      249.00        0.00
     0    11      498.00      243.00        0.00
     0    11      502.00      239.00        0.00
     0    11      508.00      235.00        0.00
     0    11      512.00      231.00        0.00
     0    11      516.00      227.00        0.00
     0    11      520.00      223.00        0.00
     0    11      526.00      219.00        0.00
     0    11      530.00      215.00        0.00
     0    11      532.00      209.00        0.00
     0    11      526.00      205.00        0.00
     0    11      520.00      203.00        0.00
     0    11      514.00      201.00        0.00
     0    11      508.00      197.00        0.00
     0    11      502.00      193.00        0.00
     0    11      494.00      189.00        0.00
     0    11      488.00      185.00        0.00
     0    11      482.00      181.00        0.00
     0    11      472.00      177.00        0.00
     0    11      468.00      173.00        0.00
     0    11      462.00      167.00        0.00
     0    11      456.00      161.00        0.00
     0    11      450.00      155.00        0.00
     0    11      444.00      149.00        0.00
     0    11      440.00      143.00        0.00
     0    11      438.00      137.00        0.00
     0    11      434.00      133.00        0.00
     0    11      430.00      129.00        0.00
     0    11      424.00      127.00        0.00
     0    11      414.00      127.00        0.00
     0    11      404.00      125.00        0.00
     0    11      398.00      125.00        0.00
     0    11      390.00      121.00        0.00
     0    11      382.00      117.00        0.00
     0    11      376.00      115.00        0.00
     0    11      370.00      111.00        0.00
     0    11      364.00      107.00        0.00
     0    11      358.00      105.00        0.00
     0    11      354.00       99.00        0.00
     0    11      348.00       97.00        0.00
     0    11      344.00       93.00        0.00
     0    11      338.00       91.00        0.00
     0    11      332.00       91.00        0.00
     0    11      326.00       89.00        0.00
     0    11      320.00       91.00        0.00
     0    11      316.00       95.00        0.00
     0    11      312.00      103.00        0.00
     0    11      308.00      109.00        0.00
     0    11      300.00      115.00        0.00
     0    11      294.00      121.00        0.00
     0    11      286.00      125.00        0.00
     0    11      280.00      131.00        0.00
     0    11      276.00      135.00        0.00
     0    11      272.00      141.00        0.00
     0    11      268.00      145.00        0.00
     0    11      264.00      149.00        0.00
     0    11      260.00      153.00        0.00
     0    11      256.00      161.00        0.00
     0    11      252.00      167.00        0.00
     0    11      248.00      173.00        0.00
     0    11      246.00      179.00        0.00
     0    11      244.00      185.00        0.00
     0    11      240.00      191.00        0.00
     0    11      238.00      197.00        0.00
     0    11      236.00      203.00        0.00
     0    11      232.00      209.00        0.00
     0    11      228.00      215.00        0.00
     0    11      226.00      223.00        0.00
     0    11      226.00      229.00        0.00
     0    11      228.00      237.00        0.00
     0    11      234.00      241.00        0.00
     0    11      242.00      241.00        0.00
     0    11      250.00      241.00        0.00
     0    11      256.00      241.00        0.00
     0    11      262.00      243.00        0.00
     0    11      272.00      243.00        0.00
     0    11      282.00      243.00        0.00
     0    11      288.00      243.00        0.00
     0    11      294.00      243.00        0.00
     0    11      300.00      243.00        0.00
     0    11      308.00      243.00        0.00
     0    11      316.00      245.00        0.00
     0    11      322.00      247.00        0.00
     0    11      328.00      249.00        0.00
     0    11      332.00      253.00        0.00
     0    11      338.00      255.00        0.00
     0    11      342.00      259.00        0.00
     0    11      344.00      265.00        0.00
     0    11      348.00      271.00        0.00
     0    11      350.00      277.00        0.00
     0    11      350.00      283.00        0.00
     0    11      350.00      289.00        0.00
     0    11      348.00      295.00        0.00
     0    11      346.00      301.00        0.00
     0    11      342.00      305.00        0.00
     0    11      338.00      311.00        0.00
     0    11      336.00      317.00        0.00
     0    11      334.00      323.00        0.00
     0    11      334.00      329.00        0.00
     0    11      338.00      333.00        0.00
     0    11      344.00      337.00        0.00
     0    11      348.00      341.00        0.00
     0    11      352.00      345.00        0.00
     0    11      358.00      349.00        0.00
     0    11      360.00      355.00        0.00
     0    11      364.00      359.00        0.00
     0    11      366.00      365.00        0.00
     0    12      490.00      319.00        0.00
     0    12      500.00      315.00        0.00
     0    12      508.00      315.00        0.00
     0    12      514.00      311.00        0.00
     0    12      520.00      309.00        0.00
     0    12      526.00      305.00        0.00
     0    12      532.00      301.00        0.00
     0    12      540.00      297.00        0.00
     0    12      546.00      295.00        0.00
     0    12      552.00      291.00        0.00
     0    12      558.00      289.00        0.00
     0    12      566.00      285.00        0.00
     0    12      572.00      285.00        0.00
     0    12      580.00      281.00        0.00
     0    12      586.00      281.00        0.00
     0    12      592.00      279.00        0.00
     0    12      598.00      277.00        0.00
     0    12      604.00      275.00        0.00
     0    12      610.00      275.00        0.00
     0    12      616.00      275.00        0.00
     0    12      620.00      271.00        0.00
     0    12      626.00      265.00        0.00
     0    12      628.00      259.00        0.00
     0    12      632.00      253.00        0.00
     0    12      636.00      249.00        0.00
     0    12      640.00      243.00        0.00
     0    12      642.00      237.00        0.00
     0    12      648.00      235.00        0.00
     0    12      652.00      231.00        0.00
     0    12      656.00      227.00        0.00
     0    12      660.00      221.00        0.00
     0    12      662.00      215.00        0.00
     0    12      666.00      211.00        0.00
     0    12      668.00      205.00        0.00
     0    12      666.00      199.00        0.00
     0    12      662.00      193.00        0.00
     0    12      660.00      187.00        0.00
     0    12      656.00      183.00        0.00
     0    12      650.00      177.00        0.00
     0    12      644.00      175.00        0.00
     0    12      638.00      171.00        0.00
     0    12      632.00      167.00        0.00
     0    12      626.00      165.00        0.00
     0    12      620.00      165.00        0.00
     0    12      614.00      165.00        0.00
     0    12      608.00      163.00        0.00
     0    12      600.00      163.00        0.00
     0    12      594.00      163.00        0.00
     0    12      588.00      163.00        0.00
     0    12      580.00      165.00        0.00
     0    12      574.00      167.00        0.00
     0    12      566.00      169.00        0.00
     0    12      558.00      171.00        0.00
     0    12      550.00      175.00        0.00
     0    12      544.00      177.00        0.00
     0    12      540.00      181.00        0.00
     0    12      536.00      185.00        0.00
     0    12      532.00      189.00        0.00
     0    12      526.00      191.00        0.00
     0    12      520.00      195.00        0.00
     0    12      516.00      199.00        0.00
     0    12      516.00      205.00        0.00
     0    12      520.00      209.00        0.00
     0    12      522.00      215.00        0.00
     0    12      520.00      223.00        0.00
     0    12      516.00      227.00        0.00
     0    12      510.00      231.00        0.00
     0    12      506.00      235.00        0.00
     0    12      500.00      239.00        0.00
     0    12      494.00      243.00        0.00
     0    12      488.00      247.00        0.00
     0    12      484.00      251.00        0.00
     0    12      480.00      255.00        0.00
     0    12      478.00      261.00        0.00
     0    12      476.00      267.00        0.00
     0    12      474.00      273.00        0.00
     0    12      472.00      279.00        0.00
     0    12      468.00      285.00        0.00
     0    12      466.00      291.00        0.00
     0    12      466.00      297.00        0.00
     0    12      466.00      303.00        0.00
     0    12      470.00      309.00        0.00
     0    12      478.00      315.00        0.00
