     0     0      440.00     1069.00        0.00
     0     0      440.00     1065.00        0.00
     0     0      444.00     1075.00        0.00
     0     0      448.00     1083.00        0.00
     0     0      452.00     1091.00        0.00
     0     0      456.00     1097.00        0.00
     0     0      458.00     1103.00        0.00
     0     0      458.00     1109.00        0.00
     0     0      452.00     1111.00        0.00
     0     0      446.00     1113.00        0.00
     0     0      442.00     1117.00        0.00
     0     0      436.00     1121.00        0.00
     0     0      432.00     1125.00        0.00
     0     0      428.00     1133.00        0.00
     0     0      424.00     1137.00        0.00
     0     0      422.00     1143.00        0.00
     0     0      418.00     1149.00        0.00
     0     0      412.00     1153.00        0.00
     0     0      408.00     1157.00        0.00
     0     0      404.00     1161.00        0.00
     0     0      398.00     1165.00        0.00
     0     0      392.00     1169.00        0.00
     0     0      386.00     1171.00        0.00
     0     0      380.00     1173.00        0.00
     0     0      374.00     1173.00        0.00
     0     0      370.00     1169.00        0.00
     0     0      366.00     1163.00        0.00
     0     0      362.00     1157.00        0.00
     0     0      360.00     1151.00        0.00
     0     0      360.00     1145.00        0.00
     0     0      358.00     1139.00        0.00
     0     0      358.00     1133.00        0.00
     0     0      356.00     1127.00        0.00
     0     0      354.00     1119.00        0.00
     0     0      354.00     1113.00        0.00
     0     0      354.00     1103.00        0.00
     0     0      354.00     1097.00        0.00
     0     0      356.00     1089.00        0.00
     0     0      358.00     1079.00        0.00
     0     0      358.00     1073.00        0.00
     0     0      358.00     1065.00        0.00
     0     0      358.00     1059.00        0.00
     0     0      358.00     1051.00        0.00
     0     0      358.00     1045.00        0.00
     0     0      358.00     1039.00        0.00
     0     0      358.00     1033.00        0.00
     0     0      358.00     1027.00        0.00
     0     0      360.00     1019.00        0.00
     0     0      362.00     1013.00        0.00
     0     0      366.00     1003.00        0.00
     0     0      368.00      997.00        0.00
     0     0      370.00      989.00        0.00
     0     0      370.00      983.00        0.00
     0     0      370.00      977.00        0.00
     0     0      370.00      969.00        0.00
     0     0      370.00      961.00        0.00
     0     0      370.00      955.00        0.00
     0     0      370.00      947.00        0.00
     0     0      370.00      941.00        0.00
     0     0      372.00      935.00        0.00
     0     0      374.00      927.00        0.00
     0     0      376.00      921.00        0.00
     0     0      378.00      913.00        0.00
     0     0      378.00      905.00        0.00
     0     0      378.00      899.00        0.00
     0     0      380.00      893.00        0.00
     0     0      382.00      883.00        0.00
     0     0      384.00      877.00        0.00
     0     0      384.00      869.00        0.00
     0     0      388.00      863.00        0.00
     0     0      392.00      857.00        0.00
     0     0      396.00      851.00        0.00
     0     0      402.00      847.00        0.00
     0     0      408.00      843.00        0.00
     0     0      414.00      839.00        0.00
     0     0      420.00      839.00        0.00
     0     0      426.00      839.00        0.00
     0     0      432.00      839.00        0.00
     0     0      440.00      841.00        0.00
     0     0      448.00      847.00        0.00
     0     0      454.00      851.00        0.00
     0     0      460.00      859.00        0.00
     0     0      468.00      867.00        0.00
     0     0      472.00      873.00        0.00
     0     0      478.00      881.00        0.00
     0     0      482.00      887.00        0.00
     0     0      484.00      895.00        0.00
     0     0      486.00      901.00        0.00
     0     0      488.00      907.00        0.00
     0     0      490.00      913.00        0.00
     0     0      490.00      921.00        0.00
     0     0      490.00      929.00        0.00
     0     0      490.00      935.00        0.00
     0     0      488.00      941.00        0.00
     0     0      486.00      947.00        0.00
     0     0      482.00      955.00        0.00
     0     0      478.00      959.00        0.00
     0     0      474.00      963.00        0.00
     0     0      472.00      969.00        0.00
     0     0      468.00      975.00        0.00
     0     0      464.00      981.00        0.00
     0     0      462.00      987.00        0.00
     0     0      460.00      993.00        0.00
     0     0      458.00      999.00        0.00
     0     0      456.00     1007.00        0.00
     0     0      456.00     1013.00        0.00
     0     0      454.00     1019.00        0.00
     0     0      452.00     1025.00        0.00
     0     1      992.00     1055.00        0.00
     0     1     1004.00     1071.00        0.00
     0     1     1008.00     1079.00        0.00
     0     1     1014.00     1087.00        0.00
     0     1     1018.00     1093.00        0.00
     0     1     1022.00     1097.00        0.00
     0     1     1024.00     1103.00        0.00
     0     1     1028.00     1109.00        0.00
     0     1     1028.00     1115.00        0.00
     0     1     1030.00     1123.00        0.00
     0     1     1032.00     1129.00        0.00
     0     1     1032.00     1135.00        0.00
     0     1     1032.00     1147.00        0.00
     0     1     1034.00     1153.00        0.00
     0     1     1036.00     1163.00        0.00
     0     1     1038.00     1171.00        0.00
     0     1     1042.00     1177.00        0.00
     0     1     1044.00     1183.00        0.00
     0     1     1048.00     1191.00        0.00
     0     1     1052.00     1199.00        0.00
     0     1     1056.00     1207.00        0.00
     0     1     1060.00     1213.00        0.00
     0     1     1062.00     1221.00        0.00
     0     1     1066.00     1227.00        0.00
     0     1     1068.00     1235.00        0.00
     0     1     1068.00     1241.00        0.00
     0     1     1068.00     1251.00        0.00
     0     1     1070.00     1257.00        0.00
     0     1     1070.00     1263.00        0.00
     0     1     1064.00     1263.00        0.00
     0     1     1058.00     1263.00        0.00
     0     1     1052.00     1261.00        0.00
     0     1     1046.00     1259.00        0.00
     0     1     1040.00     1263.00        0.00
     0     1     1036.00     1269.00        0.00
     0     1     1032.00     1275.00        0.00
     0     1     1028.00     1279.00        0.00
     0     1     1026.00     1285.00        0.00
     0     1     1020.00     1287.00        0.00
     0     1     1014.00     1289.00        0.00
     0     1     1006.00     1289.00        0.00
     0     1     1000.00     1289.00        0.00
     0     1      994.00     1287.00        0.00
     0     1      988.00     1287.00        0.00
     0     1      982.00     1285.00        0.00
     0     1      974.00     1283.00        0.00
     0     1      968.00     1281.00        0.00
     0     1      956.00     1277.00        0.00
     0     1      948.00     1273.00        0.00
     0     1      940.00     1269.00        0.00
     0     1      934.00     1267.00        0.00
     0     1      930.00     1263.00        0.00
     0     1      926.00     1257.00        0.00
     0     1      924.00     1251.00        0.00
     0     1      922.00     1245.00        0.00
     0     1      916.00     1241.00        0.00
     0     1      910.00     1237.00        0.00
     0     1      904.00     1235.00        0.00
     0     1      900.00     1229.00        0.00
     0     1      892.00     1223.00        0.00
     0     1      888.00     1217.00        0.00
     0     1      884.00     1211.00        0.00
     0     1      882.00     1205.00        0.00
     0     1      876.00     1197.00        0.00
     0     1      872.00     1191.00        0.00
     0     1      868.00     1185.00        0.00
     0     1      866.00     1177.00        0.00
     0     1      862.00     1171.00        0.00
     0     1      860.00     1165.00        0.00
     0     1      858.00     1159.00        0.00
     0     1      858.00     1153.00        0.00
     0     1      860.00     1147.00        0.00
     0     1      864.00     1143.00        0.00
     0     1      868.00     1137.00        0.00
     0     1      872.00     1133.00        0.00
     0     1      876.00     1129.00        0.00
     0     1      878.00     1123.00        0.00
     0     1      882.00     1117.00        0.00
     0     1      886.00     1111.00        0.00
     0     1      890.00     1103.00        0.00
     0     1      896.00     1099.00        0.00
     0     1      900.00     1095.00        0.00
     0     1      906.00     1093.00        0.00
     0     1      910.00     1089.00        0.00
     0     1      916.00     1089.00        0.00
     0     1      924.00     1091.00        0.00
     0     1      930.00     1091.00        0.00
     0     1      936.00     1089.00        0.00
     0     1      940.00     1085.00        0.00
     0     1      944.00     1079.00        0.00
     0     1      948.00     1075.00        0.00
     0     1      952.00     1071.00        0.00
     0     1      956.00     1067.00        0.00
     0     1      960.00     1063.00        0.00
     0     1      966.00     1059.00        0.00
     0     1      972.00     1057.00        0.00
     0     1      976.00     1053.00        0.00
     0     2     1250.00     1299.00        0.00
     0     2     1232.00     1287.00        0.00
     0     2     1228.00     1281.00        0.00
     0     2     1222.00     1273.00        0.00
     0     2     1216.00     1267.00        0.00
     0     2     1208.00     1259.00        0.00
     0     2     1202.00     1253.00        0.00
     0     2     1196.00     1245.00        0.00
     0     2     1192.00     1239.00        0.00
     0     2     1188.00     1233.00        0.00
     0     2     1184.00     1225.00        0.00
     0     2     1180.00     1217.00        0.00
     0     2     1174.00     1213.00        0.00
     0     2     1170.00     1209.00        0.00
     0     2     1162.00     1203.00        0.00
     0     2     1154.00     1199.00        0.00
     0     2     1150.00     1195.00        0.00
     0     2     1146.00     1191.00        0.00
     0     2     1142.00     1185.00        0.00
     0     2     1136.00     1181.00        0.00
     0     2     1130.00     1177.00        0.00
     0     2     1126.00     1173.00        0.00
     0     2     1122.00     1169.00        0.00
     0     2     1118.00     1165.00        0.00
     0     2     1116.00     1159.00        0.00
     0     2     1116.00     1151.00        0.00
     0     2     1116.00     1141.00        0.00
     0     2     1118.00     1135.00        0.00
     0     2     1120.00     1129.00        0.00
     0     2     1124.00     1123.00        0.00
     0     2     1126.00     1117.00        0.00
     0     2     1126.00     1111.00        0.00
     0     2     1130.00     1105.00        0.00
     0     2     1132.00     1099.00        0.00
     0     2     1136.00     1091.00        0.00
     0     2     1140.00     1083.00        0.00
     0     2     1142.00     1077.00        0.00
     0     2     1142.00     1071.00        0.00
     0     2     1144.00     1065.00        0.00
     0     2     1146.00     1057.00        0.00
     0     2     1148.00     1051.00        0.00
     0     2     1148.00     1045.00        0.00
     0     2     1150.00     1037.00        0.00
     0     2     1152.00     1031.00        0.00
     0     2     1156.00     1025.00        0.00
     0     2     1158.00     1017.00        0.00
     0     2     1160.00     1011.00        0.00
     0     2     1162.00     1005.00        0.00
     0     2     1166.00      999.00        0.00
     0     2     1170.00      993.00        0.00
     0     2     1174.00      989.00        0.00
     0     2     1178.00      983.00        0.00
     0     2     1184.00      979.00        0.00
     0     2     1190.00      977.00        0.00
     0     2     1196.00      977.00        0.00
     0     2     1202.00      977.00        0.00
     0     2     1208.00      975.00        0.00
     0     2     1216.00      975.00        0.00
     0     2     1222.00      977.00        0.00
     0     2     1228.00      979.00        0.00
     0     2     1236.00      981.00        0.00
     0     2     1244.00      983.00        0.00
     0     2     1252.00      983.00        0.00
     0     2     1258.00      985.00        0.00
     0     2     1264.00      987.00        0.00
     0     2     1270.00      991.00        0.00
     0     2     1276.00      995.00        0.00
     0     2     1280.00     1001.00        0.00
     0     2     1282.00     1009.00        0.00
     0     2     1282.00     1015.00        0.00
     0     2     1284.00     1023.00        0.00
     0     2     1286.00     1029.00        0.00
     0     2     1288.00     1037.00        0.00
     0     2     1288.00     1045.00        0.00
     0     2     1288.00     1051.00        0.00
     0     2     1290.00     1057.00        0.00
     0     2     1290.00     1063.00        0.00
     0     2     1290.00     1069.00        0.00
     0     2     1290.00     1075.00        0.00
     0     2     1292.00     1081.00        0.00
     0     2     1294.00     1087.00        0.00
     0     2     1296.00     1093.00        0.00
     0     2     1300.00     1101.00        0.00
     0     2     1302.00     1109.00        0.00
     0     2     1304.00     1115.00        0.00
     0     2     1306.00     1125.00        0.00
     0     2     1308.00     1133.00        0.00
     0     2     1308.00     1139.00        0.00
     0     2     1308.00     1145.00        0.00
     0     2     1306.00     1153.00        0.00
     0     2     1306.00     1161.00        0.00
     0     2     1304.00     1167.00        0.00
     0     2     1304.00     1175.00        0.00
     0     2     1302.00     1181.00        0.00
     0     2     1300.00     1189.00        0.00
     0     2     1298.00     1197.00        0.00
     0     2     1296.00     1203.00        0.00
     0     2     1292.00     1209.00        0.00
     0     2     1288.00     1213.00        0.00
     0     2     1286.00     1219.00        0.00
     0     2     1284.00     1225.00        0.00
     0     2     1282.00     1231.00        0.00
     0     2     1282.00     1237.00        0.00
     0     2     1282.00     1243.00        0.00
     0     2     1282.00     1249.00        0.00
     0     2     1282.00     1255.00        0.00
     0     2     1282.00     1261.00        0.00
     0     2     1282.00     1267.00        0.00
     0     2     1282.00     1273.00        0.00
     0     2     1280.00     1279.00        0.00
     0     3     1444.00      923.00        0.00
     0     3     1458.00      941.00        0.00
     0     3     1462.00      945.00        0.00
     0     3     1466.00      951.00        0.00
     0     3     1468.00      957.00        0.00
     0     3     1474.00      959.00        0.00
     0     3     1480.00      965.00        0.00
     0     3     1486.00      969.00        0.00
     0     3     1492.00      973.00        0.00
     0     3     1498.00      975.00        0.00
     0     3     1504.00      979.00        0.00
     0     3     1510.00      981.00        0.00
     0     3     1516.00      985.00        0.00
     0     3     1522.00      989.00        0.00
     0     3     1530.00      993.00        0.00
     0     3     1536.00      997.00        0.00
     0     3     1542.00      999.00        0.00
     0     3     1548.00     1001.00        0.00
     0     3     1554.00     1007.00        0.00
     0     3     1560.00     1011.00        0.00
     0     3     1566.00     1017.00        0.00
     0     3     1570.00     1023.00        0.00
     0     3     1576.00     1031.00        0.00
     0     3     1580.00     1035.00        0.00
     0     3     1584.00     1041.00        0.00
     0     3     1590.00     1045.00        0.00
     0     3     1596.00     1053.00        0.00
     0     3     1600.00     1057.00        0.00
     0     3     1606.00     1061.00        0.00
     0     3     1610.00     1065.00        0.00
     0     3     1614.00     1069.00        0.00
     0     3     1618.00     1077.00        0.00
     0     3     1624.00     1083.00        0.00
     0     3     1628.00     1087.00        0.00
     0     3     1632.00     1091.00        0.00
     0     3     1636.00     1097.00        0.00
     0     3     1642.00     1101.00        0.00
     0     3     1648.00     1105.00        0.00
     0     3     1654.00     1111.00        0.00
     0     3     1656.00     1117.00        0.00
     0     3     1660.00     1121.00        0.00
     0     3     1664.00     1125.00        0.00
     0     3     1666.00     1131.00        0.00
     0     3     1666.00     1139.00        0.00
     0     3     1666.00     1145.00        0.00
     0     3     1664.00     1151.00        0.00
     0     3     1660.00     1157.00        0.00
     0     3     1660.00     1163.00        0.00
     0     3     1660.00     1169.00        0.00
     0     3     1656.00     1173.00        0.00
     0     3     1654.00     1179.00        0.00
     0     3     1648.00     1181.00        0.00
     0     3     1640.00     1183.00        0.00
     0     3     1634.00     1185.00        0.00
     0     3     1628.00     1185.00        0.00
     0     3     1622.00     1183.00        0.00
     0     3     1614.00     1177.00        0.00
     0     3     1608.00     1173.00        0.00
     0     3     1602.00     1169.00        0.00
     0     3     1596.00     1163.00        0.00
     0     3     1590.00     1157.00        0.00
     0     3     1584.00     1153.00        0.00
     0     3     1580.00     1147.00        0.00
     0     3     1576.00     1141.00        0.00
     0     3     1572.00     1137.00        0.00
     0     3     1568.00     1131.00        0.00
     0     3     1564.00     1127.00        0.00
     0     3     1558.00     1123.00        0.00
     0     3     1556.00     1117.00        0.00
     0     3     1552.00     1113.00        0.00
     0     3     1548.00     1107.00        0.00
     0     3     1544.00     1103.00        0.00
     0     3     1540.00     1097.00        0.00
     0     3     1536.00     1091.00        0.00
     0     3     1532.00     1083.00        0.00
     0     3     1528.00     1077.00        0.00
     0     3     1524.00     1069.00        0.00
     0     3     1520.00     1059.00        0.00
     0     3     1516.00     1051.00        0.00
     0     3     1514.00     1043.00        0.00
     0     3     1510.00     1035.00        0.00
     0     3     1508.00     1029.00        0.00
     0     3     1504.00     1023.00        0.00
     0     3     1500.00     1015.00        0.00
     0     3     1496.00     1009.00        0.00
     0     3     1492.00     1005.00        0.00
     0     3     1486.00     1001.00        0.00
     0     3     1482.00      997.00        0.00
     0     3     1478.00      991.00        0.00
     0     3     1474.00      987.00        0.00
     0     3     1470.00      983.00        0.00
     0     3     1464.00      977.00        0.00
     0     3     1460.00      973.00        0.00
     0     3     1458.00      967.00        0.00
     0     3     1454.00      959.00        0.00
     0     3     1450.00      953.00        0.00
     0     3     1448.00      947.00        0.00
     0     3     1446.00      941.00        0.00
     0     4     1642.00      653.00        0.00
     0     4     1662.00      661.00        0.00
     0     4     1670.00      665.00        0.00
     0     4     1678.00      669.00        0.00
     0     4     1684.00      673.00        0.00
     0     4     1690.00      677.00        0.00
     0     4     1696.00      679.00        0.00
     0     4     1700.00      683.00        0.00
     0     4     1704.00      687.00        0.00
     0     4     1710.00      689.00        0.00
     0     4     1714.00      693.00        0.00
     0     4     1718.00      697.00        0.00
     0     4     1722.00      703.00        0.00
     0     4     1724.00      709.00        0.00
     0     4     1726.00      715.00        0.00
     0     4     1730.00      723.00        0.00
     0     4     1730.00      729.00        0.00
     0     4     1732.00      735.00        0.00
     0     4     1736.00      743.00        0.00
     0     4     1738.00      749.00        0.00
     0     4     1742.00      755.00        0.00
     0     4     1746.00      759.00        0.00
     0     4     1748.00      765.00        0.00
     0     4     1752.00      769.00        0.00
     0     4     1756.00      773.00        0.00
     0     4     1760.00      777.00        0.00
     0     4     1764.00      783.00        0.00
     0     4     1766.00      789.00        0.00
     0     4     1762.00      795.00        0.00
     0     4     1756.00      799.00        0.00
     0     4     1752.00      803.00        0.00
     0     4     1746.00      807.00        0.00
     0     4     1740.00      809.00        0.00
     0     4     1736.00      815.00        0.00
     0     4     1730.00      819.00        0.00
     0     4     1724.00      821.00        0.00
     0     4     1718.00      825.00        0.00
     0     4     1712.00      827.00        0.00
     0     4     1704.00      827.00        0.00
     0     4     1698.00      827.00        0.00
     0     4     1690.00      827.00        0.00
     0     4     1684.00      827.00        0.00
     0     4     1678.00      827.00        0.00
     0     4     1670.00      827.00        0.00
     0     4     1664.00      825.00        0.00
     0     4     1658.00      825.00        0.00
     0     4     1652.00      825.00        0.00
     0     4     1644.00      825.00        0.00
     0     4     1638.00      823.00        0.00
     0     4     1630.00      821.00        0.00
     0     4     1624.00      819.00        0.00
     0     4     1618.00      817.00        0.00
     0     4     1610.00      813.00        0.00
     0     4     1602.00      811.00        0.00
     0     4     1594.00      809.00        0.00
     0     4     1586.00      805.00        0.00
     0     4     1580.00      801.00        0.00
     0     4     1572.00      799.00        0.00
     0     4     1566.00      795.00        0.00
     0     4     1560.00      791.00        0.00
     0     4     1552.00      789.00        0.00
     0     4     1546.00      789.00        0.00
     0     4     1542.00      793.00        0.00
     0     4     1540.00      799.00        0.00
     0     4     1536.00      803.00        0.00
     0     4     1532.00      807.00        0.00
     0     4     1532.00      813.00        0.00
     0     4     1526.00      813.00        0.00
     0     4     1520.00      811.00        0.00
     0     4     1512.00      807.00        0.00
     0     4     1508.00      803.00        0.00
     0     4     1502.00      799.00        0.00
     0     4     1496.00      793.00        0.00
     0     4     1490.00      787.00        0.00
     0     4     1486.00      783.00        0.00
     0     4     1484.00      777.00        0.00
     0     4     1484.00      771.00        0.00
     0     4     1486.00      765.00        0.00
     0     4     1490.00      759.00        0.00
     0     4     1494.00      753.00        0.00
     0     4     1502.00      749.00        0.00
     0     4     1506.00      745.00        0.00
     0     4     1512.00      741.00        0.00
     0     4     1516.00      737.00        0.00
     0     4     1520.00      733.00        0.00
     0     4     1524.00      729.00        0.00
     0     4     1528.00      725.00        0.00
     0     4     1534.00      721.00        0.00
     0     4     1538.00      717.00        0.00
     0     4     1546.00      715.00        0.00
     0     4     1552.00      715.00        0.00
     0     4     1558.00      715.00        0.00
     0     4     1564.00      715.00        0.00
     0     4     1570.00      713.00        0.00
     0     4     1574.00      709.00        0.00
     0     4     1578.00      705.00        0.00
     0     4     1582.00      699.00        0.00
     0     4     1584.00      693.00        0.00
     0     4     1588.00      687.00        0.00
     0     4     1592.00      683.00        0.00
     0     4     1596.00      677.00        0.00
     0     4     1600.00      673.00        0.00
     0     4     1604.00      669.00        0.00
     0     4     1608.00      663.00        0.00
     0     4     1612.00      659.00        0.00
     0     4     1618.00      655.00        0.00
     0     4     1622.00      651.00        0.00
     0     5     1444.00      569.00        0.00
     0     5     1454.00      577.00        0.00
     0     5     1458.00      583.00        0.00
     0     5     1462.00      589.00        0.00
     0     5     1464.00      595.00        0.00
     0     5     1466.00      601.00        0.00
     0     5     1462.00      607.00        0.00
     0     5     1460.00      613.00        0.00
     0     5     1458.00      619.00        0.00
     0     5     1454.00      623.00        0.00
     0     5     1448.00      627.00        0.00
     0     5     1444.00      631.00        0.00
     0     5     1440.00      635.00        0.00
     0     5     1436.00      639.00        0.00
     0     5     1428.00      643.00        0.00
     0     5     1422.00      645.00        0.00
     0     5     1414.00      647.00        0.00
     0     5     1406.00      649.00        0.00
     0     5     1400.00      653.00        0.00
     0     5     1394.00      655.00        0.00
     0     5     1388.00      659.00        0.00
     0     5     1382.00      663.00        0.00
     0     5     1378.00      667.00        0.00
     0     5     1372.00      669.00        0.00
     0     5     1366.00      671.00        0.00
     0     5     1360.00      673.00        0.00
     0     5     1354.00      677.00        0.00
     0     5     1348.00      679.00        0.00
     0     5     1342.00      681.00        0.00
     0     5     1336.00      681.00        0.00
     0     5     1330.00      683.00        0.00
     0     5     1320.00      685.00        0.00
     0     5     1308.00      687.00        0.00
     0     5     1296.00      687.00        0.00
     0     5     1290.00      687.00        0.00
     0     5     1284.00      687.00        0.00
     0     5     1278.00      687.00        0.00
     0     5     1272.00      689.00        0.00
     0     5     1266.00      689.00        0.00
     0     5     1260.00      689.00        0.00
     0     5     1254.00      691.00        0.00
     0     5     1248.00      691.00        0.00
     0     5     1242.00      693.00        0.00
     0     5     1234.00      697.00        0.00
     0     5     1226.00      701.00        0.00
     0     5     1222.00      705.00        0.00
     0     5     1216.00      707.00        0.00
     0     5     1210.00      709.00        0.00
     0     5     1204.00      705.00        0.00
     0     5     1200.00      701.00        0.00
     0     5     1200.00      695.00        0.00
     0     5     1200.00      687.00        0.00
     0     5     1200.00      679.00        0.00
     0     5     1202.00      669.00        0.00
     0     5     1206.00      661.00        0.00
     0     5     1208.00      653.00        0.00
     0     5     1210.00      645.00        0.00
     0     5     1214.00      639.00        0.00
     0     5     1216.00      633.00        0.00
     0     5     1218.00      627.00        0.00
     0     5     1222.00      623.00        0.00
     0     5     1226.00      619.00        0.00
     0     5     1232.00      615.00        0.00
     0     5     1240.00      611.00        0.00
     0     5     1246.00      607.00        0.00
     0     5     1252.00      605.00        0.00
     0     5     1258.00      603.00        0.00
     0     5     1264.00      599.00        0.00
     0     5     1268.00      595.00        0.00
     0     5     1272.00      591.00        0.00
     0     5     1276.00      587.00        0.00
     0     5     1280.00      583.00        0.00
     0     5     1286.00      579.00        0.00
     0     5     1290.00      575.00        0.00
     0     5     1296.00      573.00        0.00
     0     5     1302.00      571.00        0.00
     0     5     1308.00      569.00        0.00
     0     5     1314.00      567.00        0.00
     0     5     1320.00      563.00        0.00
     0     5     1324.00      559.00        0.00
     0     5     1328.00      555.00        0.00
     0     5     1332.00      551.00        0.00
     0     5     1336.00      547.00        0.00
     0     5     1344.00      545.00        0.00
     0     5     1350.00      545.00        0.00
     0     5     1356.00      545.00        0.00
     0     5     1364.00      545.00        0.00
     0     5     1370.00      545.00        0.00
     0     5     1376.00      547.00        0.00
     0     5     1382.00      549.00        0.00
     0     5     1388.00      549.00        0.00
     0     5     1394.00      551.00        0.00
     0     5     1400.00      551.00        0.00
     0     5     1406.00      551.00        0.00
     0     5     1412.00      553.00        0.00
     0     5     1420.00      553.00        0.00
     0     5     1426.00      555.00        0.00
     0     6     1340.00      477.00        0.00
     0     6     1356.00      493.00        0.00
     0     6     1360.00      499.00        0.00
     0     6     1364.00      503.00        0.00
     0     6     1368.00      507.00        0.00
     0     6     1372.00      513.00        0.00
     0     6     1378.00      517.00        0.00
     0     6     1382.00      521.00        0.00
     0     6     1386.00      525.00        0.00
     0     6     1390.00      529.00        0.00
     0     6     1394.00      533.00        0.00
     0     6     1398.00      537.00        0.00
     0     6     1402.00      541.00        0.00
     0     6     1404.00      547.00        0.00
     0     6     1410.00      551.00        0.00
     0     6     1416.00      553.00        0.00
     0     6     1410.00      553.00        0.00
     0     6     1404.00      551.00        0.00
     0     6     1398.00      551.00        0.00
     0     6     1392.00      549.00        0.00
     0     6     1384.00      549.00        0.00
     0     6     1378.00      549.00        0.00
     0     6     1370.00      549.00        0.00
     0     6     1364.00      549.00        0.00
     0     6     1358.00      549.00        0.00
     0     6     1352.00      549.00        0.00
     0     6     1346.00      549.00        0.00
     0     6     1338.00      549.00        0.00
     0     6     1332.00      547.00        0.00
     0     6     1326.00      543.00        0.00
     0     6     1322.00      537.00        0.00
     0     6     1318.00      531.00        0.00
     0     6     1312.00      525.00        0.00
     0     6     1308.00      521.00        0.00
     0     6     1304.00      515.00        0.00
     0     6     1300.00      511.00        0.00
     0     6     1296.00      505.00        0.00
     0     6     1292.00      501.00        0.00
     0     6     1288.00      497.00        0.00
     0     6     1284.00      493.00        0.00
     0     6     1282.00      487.00        0.00
     0     6     1278.00      483.00        0.00
     0     6     1270.00      481.00        0.00
     0     6     1266.00      477.00        0.00
     0     6     1260.00      473.00        0.00
     0     6     1256.00      469.00        0.00
     0     6     1250.00      467.00        0.00
     0     6     1244.00      465.00        0.00
     0     6     1238.00      461.00        0.00
     0     6     1232.00      459.00        0.00
     0     6     1224.00      457.00        0.00
     0     6     1216.00      453.00        0.00
     0     6     1208.00      453.00        0.00
     0     6     1202.00      451.00        0.00
     0     6     1196.00      451.00        0.00
     0     6     1190.00      449.00        0.00
     0     6     1180.00      447.00        0.00
     0     6     1174.00      447.00        0.00
     0     6     1166.00      445.00        0.00
     0     6     1158.00      443.00        0.00
     0     6     1148.00      439.00        0.00
     0     6     1136.00      439.00        0.00
     0     6     1126.00      437.00        0.00
     0     6     1120.00      435.00        0.00
     0     6     1116.00      431.00        0.00
     0     6     1110.00      429.00        0.00
     0     6     1104.00      427.00        0.00
     0     6     1098.00      425.00        0.00
     0     6     1092.00      425.00        0.00
     0     6     1086.00      423.00        0.00
     0     6     1080.00      423.00        0.00
     0     6     1074.00      421.00        0.00
     0     6     1066.00      417.00        0.00
     0     6     1062.00      413.00        0.00
     0     6     1054.00      407.00        0.00
     0     6     1048.00      403.00        0.00
     0     6     1044.00      397.00        0.00
     0     6     1042.00      391.00        0.00
     0     6     1046.00      385.00        0.00
     0     6     1052.00      381.00        0.00
     0     6     1058.00      377.00        0.00
     0     6     1060.00      371.00        0.00
     0     6     1062.00      363.00        0.00
     0     6     1062.00      357.00        0.00
     0     6     1062.00      351.00        0.00
     0     6     1062.00      345.00        0.00
     0     6     1064.00      337.00        0.00
     0     6     1064.00      329.00        0.00
     0     6     1066.00      319.00        0.00
     0     6     1068.00      313.00        0.00
     0     6     1068.00      305.00        0.00
     0     6     1070.00      297.00        0.00
     0     6     1072.00      291.00        0.00
     0     6     1074.00      285.00        0.00
     0     6     1074.00      277.00        0.00
     0     6     1074.00      271.00        0.00
     0     6     1074.00      265.00        0.00
     0     6     1076.00      259.00        0.00
     0     6     1080.00      255.00        0.00
     0     6     1084.00      251.00        0.00
     0     6     1090.00      247.00        0.00
     0     6     1094.00      243.00        0.00
     0     6     1102.00      241.00        0.00
     0     6     1108.00      237.00        0.00
     0     6     1114.00      235.00        0.00
     0     6     1120.00      233.00        0.00
     0     6     1126.00      231.00        0.00
     0     6     1132.00      229.00        0.00
     0     6     1140.00      227.00        0.00
     0     6     1146.00      225.00        0.00
     0     6     1152.00      223.00        0.00
     0     6     1158.00      221.00        0.00
     0     6     1164.00      217.00        0.00
     0     6     1170.00      215.00        0.00
     0     6     1176.00      213.00        0.00
     0     6     1182.00      213.00        0.00
     0     6     1190.00      213.00        0.00
     0     6     1196.00      219.00        0.00
     0     6     1202.00      221.00        0.00
     0     6     1206.00      225.00        0.00
     0     6     1212.00      229.00        0.00
     0     6     1216.00      235.00        0.00
     0     6     1220.00      239.00        0.00
     0     6     1224.00      243.00        0.00
     0     6     1230.00      243.00        0.00
     0     6     1238.00      243.00        0.00
     0     6     1244.00      241.00        0.00
     0     6     1250.00      239.00        0.00
     0     6     1258.00      239.00        0.00
     0     6     1264.00      239.00        0.00
     0     6     1270.00      239.00        0.00
     0     6     1278.00      239.00        0.00
     0     6     1284.00      239.00        0.00
     0     6     1290.00      243.00        0.00
     0     6     1296.00      245.00        0.00
     0     6     1302.00      247.00        0.00
     0     6     1308.00      251.00        0.00
     0     6     1314.00      253.00        0.00
     0     6     1320.00      255.00        0.00
     0     6     1326.00      261.00        0.00
     0     6     1330.00      265.00        0.00
     0     6     1334.00      271.00        0.00
     0     6     1336.00      279.00        0.00
     0     6     1338.00      285.00        0.00
     0     6     1336.00      293.00        0.00
     0     6     1334.00      301.00        0.00
     0     6     1330.00      307.00        0.00
     0     6     1326.00      313.00        0.00
     0     6     1322.00      317.00        0.00
     0     6     1318.00      321.00        0.00
     0     6     1314.00      327.00        0.00
     0     6     1306.00      333.00        0.00
     0     6     1302.00      337.00        0.00
     0     6     1298.00      341.00        0.00
     0     6     1294.00      347.00        0.00
     0     6     1294.00      353.00        0.00
     0     6     1294.00      359.00        0.00
     0     6     1298.00      363.00        0.00
     0     6     1302.00      369.00        0.00
     0     6     1306.00      373.00        0.00
     0     6     1310.00      377.00        0.00
     0     6     1316.00      379.00        0.00
     0     6     1320.00      383.00        0.00
     0     6     1326.00      387.00        0.00
     0     6     1330.00      391.00        0.00
     0     6     1334.00      395.00        0.00
     0     6     1340.00      399.00        0.00
     0     6     1344.00      403.00        0.00
     0     6     1346.00      411.00        0.00
     0     6     1346.00      417.00        0.00
     0     6     1346.00      423.00        0.00
     0     6     1346.00      429.00        0.00
     0     6     1348.00      435.00        0.00
     0     6     1348.00      441.00        0.00
     0     7      898.00      651.00        0.00
     0     7      918.00      659.00        0.00
     0     7      924.00      663.00        0.00
     0     7      930.00      667.00        0.00
     0     7      936.00      669.00        0.00
     0     7      942.00      673.00        0.00
     0     7      948.00      673.00        0.00
     0     7      954.00      675.00        0.00
     0     7      962.00      675.00        0.00
     0     7      968.00      675.00        0.00
     0     7      976.00      673.00        0.00
     0     7      982.00      671.00        0.00
     0     7      988.00      667.00        0.00
     0     7      994.00      665.00        0.00
     0     7     1000.00      665.00        0.00
     0     7     1006.00      665.00        0.00
     0     7     1012.00      665.00        0.00
     0     7     1018.00      667.00        0.00
     0     7     1022.00      671.00        0.00
     0     7     1024.00      677.00        0.00
     0     7     1028.00      681.00        0.00
     0     7     1032.00      689.00        0.00
     0     7     1036.00      697.00        0.00
     0     7     1038.00      703.00        0.00
     0     7     1040.00      711.00        0.00
     0     7     1042.00      719.00        0.00
     0     7     1046.00      725.00        0.00
     0     7     1046.00      733.00        0.00
     0     7     1046.00      739.00        0.00
     0     7     1046.00      747.00        0.00
     0     7     1046.00      753.00        0.00
     0     7     1046.00      759.00        0.00
     0     7     1042.00      765.00        0.00
     0     7     1038.00      771.00        0.00
     0     7     1034.00      777.00        0.00
     0     7     1028.00      779.00        0.00
     0     7     1024.00      783.00        0.00
     0     7     1018.00      785.00        0.00
     0     7     1012.00      787.00        0.00
     0     7     1002.00      791.00        0.00
     0     7      994.00      791.00        0.00
     0     7      984.00      793.00        0.00
     0     7      978.00      793.00        0.00
     0     7      972.00      793.00        0.00
     0     7      966.00      795.00        0.00
     0     7      960.00      797.00        0.00
     0     7      954.00      801.00        0.00
     0     7      950.00      805.00        0.00
     0     7      946.00      811.00        0.00
     0     7      942.00      815.00        0.00
     0     7      936.00      819.00        0.00
     0     7      932.00      825.00        0.00
     0     7      928.00      829.00        0.00
     0     7      924.00      833.00        0.00
     0     7      918.00      837.00        0.00
     0     7      910.00      837.00        0.00
     0     7      904.00      833.00        0.00
     0     7      898.00      829.00        0.00
     0     7      892.00      825.00        0.00
     0     7      886.00      819.00        0.00
     0     7      884.00      811.00        0.00
     0     7      880.00      805.00        0.00
     0     7      878.00      797.00        0.00
     0     7      876.00      789.00        0.00
     0     7      874.00      781.00        0.00
     0     7      872.00      775.00        0.00
     0     7      870.00      769.00        0.00
     0     7      866.00      761.00        0.00
     0     7      862.00      755.00        0.00
     0     7      856.00      751.00        0.00
     0     7      852.00      745.00        0.00
     0     7      846.00      741.00        0.00
     0     7      842.00      735.00        0.00
     0     7      836.00      729.00        0.00
     0     7      834.00      723.00        0.00
     0     7      830.00      717.00        0.00
     0     7      828.00      711.00        0.00
     0     7      828.00      705.00        0.00
     0     7      828.00      697.00        0.00
     0     7      828.00      689.00        0.00
     0     7      830.00      683.00        0.00
     0     7      834.00      679.00        0.00
     0     7      838.00      673.00        0.00
     0     7      844.00      669.00        0.00
     0     7      850.00      669.00        0.00
     0     7      856.00      669.00        0.00
     0     7      862.00      669.00        0.00
     0     7      868.00      669.00        0.00
     0     7      874.00      667.00        0.00
     0     7      876.00      661.00        0.00
     0     8      198.00      577.00        0.00
     0     8      204.00      579.00        0.00
     0     8      210.00      581.00        0.00
     0     8      216.00      583.00        0.00
     0     8      222.00      585.00        0.00
     0     8      228.00      587.00        0.00
     0     8      234.00      589.00        0.00
     0     8      240.00      591.00        0.00
     0     8      246.00      593.00        0.00
     0     8      254.00      597.00        0.00
     0     8      258.00      601.00        0.00
     0     8      264.00      605.00        0.00
     0     8      270.00      607.00        0.00
     0     8      276.00      613.00        0.00
     0     8      280.00      617.00        0.00
     0     8      284.00      621.00        0.00
     0     8      288.00      625.00        0.00
     0     8      294.00      627.00        0.00
     0     8      298.00      631.00        0.00
     0     8      304.00      633.00        0.00
     0     8      310.00      637.00        0.00
     0     8      314.00      641.00        0.00
     0     8      316.00      647.00        0.00
     0     8      318.00      653.00        0.00
     0     8      320.00      659.00        0.00
     0     8      322.00      665.00        0.00
     0     8      324.00      673.00        0.00
     0     8      324.00      679.00        0.00
     0     8      328.00      687.00        0.00
     0     8      328.00      693.00        0.00
     0     8      330.00      699.00        0.00
     0     8      332.00      707.00        0.00
     0     8      334.00      713.00        0.00
     0     8      336.00      721.00        0.00
     0     8      338.00      727.00        0.00
     0     8      340.00      733.00        0.00
     0     8      344.00      737.00        0.00
     0     8      350.00      741.00        0.00
     0     8      354.00      745.00        0.00
     0     8      356.00      751.00        0.00
     0     8      356.00      757.00        0.00
     0     8      352.00      761.00        0.00
     0     8      348.00      765.00        0.00
     0     8      342.00      769.00        0.00
     0     8      336.00      773.00        0.00
     0     8      328.00      777.00        0.00
     0     8      322.00      781.00        0.00
     0     8      316.00      781.00        0.00
     0     8      310.00      781.00        0.00
     0     8      302.00      779.00        0.00
     0     8      296.00      777.00        0.00
     0     8      288.00      775.00        0.00
     0     8      282.00      773.00        0.00
     0     8      272.00      769.00        0.00
     0     8      266.00      767.00        0.00
     0     8      260.00      767.00        0.00
     0     8      254.00      765.00        0.00
     0     8      248.00      763.00        0.00
     0     8      242.00      761.00        0.00
     0     8      236.00      759.00        0.00
     0     8      228.00      757.00        0.00
     0     8      222.00      755.00        0.00
     0     8      216.00      751.00        0.00
     0     8      212.00      747.00        0.00
     0     8      208.00      743.00        0.00
     0     8      202.00      739.00        0.00
     0     8      198.00      731.00        0.00
     0     8      196.00      725.00        0.00
     0     8      194.00      717.00        0.00
     0     8      194.00      709.00        0.00
     0     8      194.00      701.00        0.00
     0     8      194.00      693.00        0.00
     0     8      194.00      687.00        0.00
     0     8      194.00      679.00        0.00
     0     8      194.00      673.00        0.00
     0     8      194.00      665.00        0.00
     0     8      192.00      657.00        0.00
     0     8      190.00      651.00        0.00
     0     8      188.00      645.00        0.00
     0     8      186.00      639.00        0.00
     0     8      184.00      633.00        0.00
     0     8      182.00      625.00        0.00
     0     8      182.00      619.00        0.00
     0     8      180.00      613.00        0.00
     0     8      180.00      607.00        0.00
     0     8      178.00      601.00        0.00
     0     8      176.00      595.00        0.00
     0     9      170.00      621.00        0.00
     0     9      156.00      617.00        0.00
     0     9      150.00      617.00        0.00
     0     9      144.00      617.00        0.00
     0     9      138.00      617.00        0.00
     0     9      132.00      617.00        0.00
     0     9      126.00      617.00        0.00
     0     9      120.00      615.00        0.00
     0     9      116.00      609.00        0.00
     0     9      114.00      603.00        0.00
     0     9      112.00      597.00        0.00
     0     9      110.00      589.00        0.00
     0     9      108.00      583.00        0.00
     0     9      106.00      575.00        0.00
     0     9      106.00      569.00        0.00
     0     9      104.00      561.00        0.00
     0     9      102.00      553.00        0.00
     0     9      102.00      545.00        0.00
     0     9      100.00      539.00        0.00
     0     9       98.00      533.00        0.00
     0     9       92.00      527.00        0.00
     0     9       88.00      519.00        0.00
     0     9       84.00      513.00        0.00
     0     9       80.00      505.00        0.00
     0     9       78.00      499.00        0.00
     0     9       74.00      491.00        0.00
     0     9       70.00      485.00        0.00
     0     9       68.00      477.00        0.00
     0     9       64.00      471.00        0.00
     0     9       60.00      465.00        0.00
     0     9       56.00      453.00        0.00
     0     9       54.00      447.00        0.00
     0     9       50.00      439.00        0.00
     0     9       46.00      433.00        0.00
     0     9       44.00      425.00        0.00
     0     9       40.00      419.00        0.00
     0     9       38.00      413.00        0.00
     0     9       36.00      407.00        0.00
     0     9       30.00      399.00        0.00
     0     9       28.00      393.00        0.00
     0     9       26.00      387.00        0.00
     0     9       24.00      381.00        0.00
     0     9       24.00      375.00        0.00
     0     9       24.00      369.00        0.00
     0     9       24.00      363.00        0.00
     0     9       20.00      359.00        0.00
     0     9       16.00      351.00        0.00
     0     9       14.00      345.00        0.00
     0     9       12.00      337.00        0.00
     0     9       12.00      329.00        0.00
     0     9       14.00      323.00        0.00
     0     9       16.00      315.00        0.00
     0     9       22.00      307.00        0.00
     0     9       28.00      303.00        0.00
     0     9       34.00      303.00        0.00
     0     9       42.00      307.00        0.00
     0     9       48.00      313.00        0.00
     0     9       50.00      319.00        0.00
     0     9       56.00      329.00        0.00
     0     9       60.00      335.00        0.00
     0     9       62.00      345.00        0.00
     0     9       66.00      351.00        0.00
     0     9       68.00      359.00        0.00
     0     9       68.00      367.00        0.00
     0     9       70.00      373.00        0.00
     0     9       74.00      379.00        0.00
     0     9       78.00      385.00        0.00
     0     9       82.00      393.00        0.00
     0     9       86.00      399.00        0.00
     0     9       90.00      403.00        0.00
     0     9       94.00      407.00        0.00
     0     9      100.00      411.00        0.00
     0     9      104.00      415.00        0.00
     0     9      110.00      419.00        0.00
     0     9      116.00      423.00        0.00
     0     9      120.00      429.00        0.00
     0     9      124.00      433.00        0.00
     0     9      128.00      437.00        0.00
     0     9      132.00      441.00        0.00
     0     9      136.00      445.00        0.00
     0     9      140.00      449.00        0.00
     0     9      144.00      453.00        0.00
     0     9      150.00      459.00        0.00
     0     9      154.00      465.00        0.00
     0     9      158.00      471.00        0.00
     0     9      162.00      475.00        0.00
     0     9      166.00      481.00        0.00
     0     9      170.00      487.00        0.00
     0     9      172.00      493.00        0.00
     0     9      176.00      499.00        0.00
     0     9      180.00      505.00        0.00
     0     9      184.00      511.00        0.00
     0     9      188.00      517.00        0.00
     0     9      192.00      523.00        0.00
     0     9      194.00      529.00        0.00
     0     9      198.00      535.00        0.00
     0     9      200.00      541.00        0.00
     0     9      204.00      545.00        0.00
     0     9      206.00      551.00        0.00
     0     9      208.00      557.00        0.00
     0     9      212.00      561.00        0.00
     0     9      214.00      567.00        0.00
     0     9      214.00      573.00        0.00
     0     9      210.00      577.00        0.00
     0     9      206.00      581.00        0.00
     0     9      200.00      581.00        0.00
     0     9      194.00      583.00        0.00
     0     9      188.00      587.00        0.00
     0     9      184.00      591.00        0.00
     0     9      182.00      597.00        0.00
     0     9      178.00      603.00        0.00
     0     9      178.00      609.00        0.00
     0     9      176.00      615.00        0.00
     0    10      432.00      657.00        0.00
     0    10      432.00      667.00        0.00
     0    10      428.00      671.00        0.00
     0    10      424.00      677.00        0.00
     0    10      420.00      681.00        0.00
     0    10      414.00      681.00        0.00
     0    10      408.00      685.00        0.00
     0    10      402.00      685.00        0.00
     0    10      396.00      685.00        0.00
     0    10      390.00      683.00        0.00
     0    10      384.00      681.00        0.00
     0    10      378.00      675.00        0.00
     0    10      374.00      671.00        0.00
     0    10      368.00      665.00        0.00
     0    10      364.00      657.00        0.00
     0    10      360.00      653.00        0.00
     0    10      358.00      647.00        0.00
     0    10      356.00      641.00        0.00
     0    10      354.00      633.00        0.00
     0    10      352.00      627.00        0.00
     0    10      350.00      621.00        0.00
     0    10      348.00      615.00        0.00
     0    10      346.00      607.00        0.00
     0    10      346.00      601.00        0.00
     0    10      346.00      593.00        0.00
     0    10      346.00      585.00        0.00
     0    10      346.00      577.00        0.00
     0    10      348.00      567.00        0.00
     0    10      348.00      561.00        0.00
     0    10      350.00      553.00        0.00
     0    10      352.00      547.00        0.00
     0    10      352.00      541.00        0.00
     0    10      354.00      535.00        0.00
     0    10      356.00      529.00        0.00
     0    10      356.00      521.00        0.00
     0    10      358.00      513.00        0.00
     0    10      360.00      507.00        0.00
     0    10      360.00      501.00        0.00
     0    10      360.00      495.00        0.00
     0    10      360.00      487.00        0.00
     0    10      360.00      479.00        0.00
     0    10      360.00      473.00        0.00
     0    10      360.00      467.00        0.00
     0    10      360.00      461.00        0.00
     0    10      360.00      455.00        0.00
     0    10      358.00      449.00        0.00
     0    10      358.00      443.00        0.00
     0    10      356.00      437.00        0.00
     0    10      354.00      431.00        0.00
     0    10      354.00      425.00        0.00
     0    10      354.00      417.00        0.00
     0    10      354.00      411.00        0.00
     0    10      354.00      405.00        0.00
     0    10      354.00      399.00        0.00
     0    10      354.00      393.00        0.00
     0    10      354.00      387.00        0.00
     0    10      354.00      381.00        0.00
     0    10      356.00      375.00        0.00
     0    10      356.00      369.00        0.00
     0    10      358.00      363.00        0.00
     0    10      360.00      357.00        0.00
     0    10      362.00      351.00        0.00
     0    10      364.00      345.00        0.00
     0    10      368.00      341.00        0.00
     0    10      370.00      351.00        0.00
     0    10      372.00      359.00        0.00
     0    10      372.00      367.00        0.00
     0    10      372.00      375.00        0.00
     0    10      374.00      383.00        0.00
     0    10      374.00      391.00        0.00
     0    10      376.00      397.00        0.00
     0    10      376.00      403.00        0.00
     0    10      376.00      409.00        0.00
     0    10      380.00      417.00        0.00
     0    10      380.00      423.00        0.00
     0    10      382.00      431.00        0.00
     0    10      382.00      437.00        0.00
     0    10      384.00      447.00        0.00
     0    10      384.00      453.00        0.00
     0    10      386.00      459.00        0.00
     0    10      388.00      465.00        0.00
     0    10      388.00      473.00        0.00
     0    10      390.00      483.00        0.00
     0    10      392.00      489.00        0.00
     0    10      394.00      497.00        0.00
     0    10      398.00      503.00        0.00
     0    10      402.00      509.00        0.00
     0    10      404.00      515.00        0.00
     0    10      408.00      519.00        0.00
     0    10      410.00      525.00        0.00
     0    10      412.00      531.00        0.00
     0    10      414.00      541.00        0.00
     0    10      418.00      547.00        0.00
     0    10      418.00      553.00        0.00
     0    10      422.00      561.00        0.00
     0    10      424.00      569.00        0.00
     0    10      428.00      575.00        0.00
     0    10      428.00      581.00        0.00
     0    10      430.00      587.00        0.00
     0    10      430.00      593.00        0.00
     0    11      346.00      165.00        0.00
     0    11      356.00      183.00        0.00
     0    11      360.00      187.00        0.00
     0    11      364.00      193.00        0.00
     0    11      368.00      197.00        0.00
     0    11      374.00      201.00        0.00
     0    11      378.00      205.00        0.00
     0    11      384.00      207.00        0.00
     0    11      392.00      211.00        0.00
     0    11      398.00      213.00        0.00
     0    11      404.00      215.00        0.00
     0    11      410.00      217.00        0.00
     0    11      416.00      219.00        0.00
     0    11      422.00      221.00        0.00
     0    11      428.00      223.00        0.00
     0    11      434.00      227.00        0.00
     0    11      442.00      229.00        0.00
     0    11      448.00      233.00        0.00
     0    11      452.00      237.00        0.00
     0    11      456.00      241.00        0.00
     0    11      460.00      245.00        0.00
     0    11      460.00      253.00        0.00
     0    11      460.00      259.00        0.00
     0    11      460.00      267.00        0.00
     0    11      458.00      273.00        0.00
     0    11      456.00      279.00        0.00
     0    11      452.00      289.00        0.00
     0    11      450.00      295.00        0.00
     0    11      446.00      301.00        0.00
     0    11      444.00      307.00        0.00
     0    11      440.00      313.00        0.00
     0    11      434.00      317.00        0.00
     0    11      430.00      321.00        0.00
     0    11      424.00      325.00        0.00
     0    11      416.00      327.00        0.00
     0    11      410.00      331.00        0.00
     0    11      404.00      333.00        0.00
     0    11      396.00      335.00        0.00
     0    11      390.00      335.00        0.00
     0    11      384.00      335.00        0.00
     0    11      376.00      337.00        0.00
     0    11      370.00      339.00        0.00
     0    11      366.00      343.00        0.00
     0    11      362.00      347.00        0.00
     0    11      358.00      351.00        0.00
     0    11      352.00      353.00        0.00
     0    11      344.00      349.00        0.00
     0    11      340.00      343.00        0.00
     0    11      336.00      339.00        0.00
     0    11      332.00      333.00        0.00
     0    11      328.00      329.00        0.00
     0    11      322.00      327.00        0.00
     0    11      316.00      327.00        0.00
     0    11      310.00      325.00        0.00
     0    11      302.00      321.00        0.00
     0    11      296.00      317.00        0.00
     0    11      292.00      311.00        0.00
     0    11      288.00      305.00        0.00
     0    11      284.00      297.00        0.00
     0    11      282.00      291.00        0.00
     0    11      280.00      281.00        0.00
     0    11      280.00      275.00        0.00
     0    11      280.00      269.00        0.00
     0    11      280.00      261.00        0.00
     0    11      282.00      255.00        0.00
     0    11      284.00      249.00        0.00
     0    11      288.00      243.00        0.00
     0    11      292.00      237.00        0.00
     0    11      296.00      233.00        0.00
     0    11      302.00      229.00        0.00
     0    11      308.00      225.00        0.00
     0    11      314.00      221.00        0.00
     0    11      318.00      215.00        0.00
     0    11      322.00      211.00        0.00
     0    11      324.00      205.00        0.00
     0    11      326.00      199.00        0.00
     0    11      328.00      193.00        0.00
     0    11      330.00      187.00        0.00
     0    11      330.00      181.00        0.00
     0    11      330.00      175.00        0.00
     0    11      328.00      167.00        0.00
     0    11      326.00      161.00        0.00
     0    11      326.00      155.00        0.00
     0    11      326.00      149.00        0.00
     0    11      326.00      143.00        0.00
     0    11      324.00      137.00        0.00
     0    11      324.00      131.00        0.00
     0    11      320.00      125.00        0.00
     0    11      318.00      119.00        0.00
     0    11      316.00      113.00        0.00
     0    11      314.00      107.00        0.00
     0    11      310.00      101.00        0.00
     0    11      308.00       95.00        0.00
     0    11      306.00       89.00        0.00
     0    11      304.00       83.00        0.00
     0    11      302.00       77.00        0.00
     0    11      300.00       71.00        0.00
     0    11      304.00       75.00        0.00
     0    11      306.00       81.00        0.00
     0    11      310.00       85.00        0.00
     0    11      312.00       91.00        0.00
     0    11      314.00       97.00        0.00
     0    11      318.00      103.00        0.00
     0    11      322.00      109.00        0.00
     0    11      324.00      117.00        0.00
     0    11      328.00      121.00        0.00
     0    11      330.00      127.00        0.00
     0    11      334.00      133.00        0.00
     0    11      336.00      139.00        0.00
     0    11      338.00      145.00        0.00
     0    11      338.00      151.00        0.00
