     0     0       70.00     1353.00        0.00
     0     0       64.00     1353.00        0.00
     0     0       58.00     1351.00        0.00
     0     0       52.00     1347.00        0.00
     0     0       48.00     1343.00        0.00
     0     0       44.00     1339.00        0.00
     0     0       38.00     1335.00        0.00
     0     0       32.00     1331.00        0.00
     0     0       28.00     1327.00        0.00
     0     0       22.00     1323.00        0.00
     0     0       18.00     1319.00        0.00
     0     0       14.00     1315.00        0.00
     0     0       10.00     1309.00        0.00
     0     0        6.00     1305.00        0.00
     0     0        2.00     1299.00        0.00
     0     0        0.00     1293.00        0.00
     0     0        6.00     1295.00        0.00
     0     0       10.00     1299.00        0.00
     0     0       16.00     1301.00        0.00
     0     0       20.00     1305.00        0.00
     0     0       26.00     1309.00        0.00
     0     0       30.00     1313.00        0.00
     0     0       34.00     1317.00        0.00
     0     0       40.00     1319.00        0.00
     0     0       46.00     1321.00        0.00
     0     0       52.00     1323.00        0.00
     0     0       56.00     1327.00        0.00
     0     0       62.00     1329.00        0.00
     0     0       68.00     1331.00        0.00
     0     0       72.00     1335.00        0.00
     0     0       78.00     1337.00        0.00
     0     0       84.00     1339.00        0.00
     0     0       88.00     1343.00        0.00
     0     0       94.00     1345.00        0.00
     0     0      100.00     1349.00        0.00
     0     0      106.00     1351.00        0.00
     0     0      114.00     1353.00        0.00
     0     0      120.00     1355.00        0.00
     0     0      128.00     1359.00        0.00
     0     0      136.00     1361.00        0.00
     0     0      142.00     1361.00        0.00
     0     0      148.00     1363.00        0.00
     0     0      154.00     1363.00        0.00
     0     0      160.00     1365.00        0.00
     0     0      168.00     1365.00        0.00
     0     0      174.00     1365.00        0.00
     0     0      180.00     1365.00        0.00
     0     0      188.00     1365.00        0.00
     0     0      194.00     1365.00        0.00
     0     0      200.00     1365.00        0.00
     0     0      206.00     1363.00        0.00
     0     0      212.00     1363.00        0.00
     0     0      218.00     1361.00        0.00
     0     0      224.00     1359.00        0.00
     0     0      232.00     1357.00        0.00
     0     0      238.00     1355.00        0.00
     0     0      244.00     1353.00        0.00
     0     0      252.00     1351.00        0.00
     0     0      258.00     1349.00        0.00
     0     0      262.00     1345.00        0.00
     0     0      270.00     1341.00        0.00
     0     0      278.00     1337.00        0.00
     0     0      284.00     1335.00        0.00
     0     0      290.00     1329.00        0.00
     0     0      296.00     1325.00        0.00
     0     0      302.00     1323.00        0.00
     0     0      302.00     1317.00        0.00
     0     0      302.00     1309.00        0.00
     0     0      300.00     1303.00        0.00
     0     0      296.00     1299.00        0.00
     0     0      292.00     1295.00        0.00
     0     0      290.00     1289.00        0.00
     0     0      288.00     1283.00        0.00
     0     0      288.00     1277.00        0.00
     0     0      286.00     1271.00        0.00
     0     0      286.00     1263.00        0.00
     0     0      286.00     1257.00        0.00
     0     0      286.00     1249.00        0.00
     0     0      288.00     1241.00        0.00
     0     0      290.00     1235.00        0.00
     0     0      292.00     1229.00        0.00
     0     0      296.00     1223.00        0.00
     0     0      300.00     1217.00        0.00
     0     0      304.00     1211.00        0.00
     0     0      308.00     1205.00        0.00
     0     0      312.00     1201.00        0.00
     0     0      318.00     1199.00        0.00
     0     0      322.00     1205.00        0.00
     0     0      326.00     1209.00        0.00
     0     0      330.00     1213.00        0.00
     0     0      336.00     1217.00        0.00
     0     0      340.00     1223.00        0.00
     0     0      344.00     1227.00        0.00
     0     0      350.00     1229.00        0.00
     0     0      354.00     1233.00        0.00
     0     0      358.00     1237.00        0.00
     0     0      364.00     1239.00        0.00
     0     0      370.00     1241.00        0.00
     0     0      376.00     1241.00        0.00
     0     0      382.00     1243.00        0.00
     0     0      388.00     1247.00        0.00
     0     0      396.00     1251.00        0.00
     0     0      400.00     1255.00        0.00
     0     0      406.00     1261.00        0.00
     0     0      406.00     1267.00        0.00
     0     0      410.00     1275.00        0.00
     0     0      412.00     1281.00        0.00
     0     0      416.00     1285.00        0.00
     0     0      420.00     1289.00        0.00
     0     0      428.00     1291.00        0.00
     0     0      432.00     1295.00        0.00
     0     0      438.00     1297.00        0.00
     0     0      444.00     1301.00        0.00
     0     0      450.00     1303.00        0.00
     0     0      456.00     1305.00        0.00
     0     0      464.00     1309.00        0.00
     0     0      470.00     1309.00        0.00
     0     0      478.00     1309.00        0.00
     0     0      484.00     1309.00        0.00
     0     0      490.00     1309.00        0.00
     0     0      494.00     1313.00        0.00
     0     0      492.00     1319.00        0.00
     0     0      490.00     1325.00        0.00
     0     0      490.00     1331.00        0.00
     0     0      492.00     1337.00        0.00
     0     0      496.00     1341.00        0.00
     0     0      498.00     1347.00        0.00
     0     0      492.00     1351.00        0.00
     0     0      486.00     1351.00        0.00
     0     0      480.00     1353.00        0.00
     0     0      474.00     1355.00        0.00
     0     0      466.00     1355.00        0.00
     0     0      460.00     1359.00        0.00
     0     0      454.00     1361.00        0.00
     0     0      450.00     1365.00        0.00
     0     0      444.00     1367.00        0.00
     0     0      440.00     1371.00        0.00
     0     0      434.00     1373.00        0.00
     0     0      428.00     1375.00        0.00
     0     0      422.00     1377.00        0.00
     0     0      416.00     1379.00        0.00
     0     0      410.00     1381.00        0.00
     0     0      404.00     1385.00        0.00
     0     0      396.00     1387.00        0.00
     0     0      392.00     1391.00        0.00
     0     0      384.00     1393.00        0.00
     0     0      378.00     1395.00        0.00
     0     0      374.00     1399.00        0.00
     0     0      368.00     1399.00        0.00
     0     0      362.00     1401.00        0.00
     0     0      356.00     1401.00        0.00
     0     0      348.00     1401.00        0.00
     0     0      342.00     1403.00        0.00
     0     0      336.00     1405.00        0.00
     0     0      330.00     1405.00        0.00
     0     0      324.00     1407.00        0.00
     0     0      318.00     1407.00        0.00
     0     0      312.00     1407.00        0.00
     0     0      306.00     1407.00        0.00
     0     0      298.00     1407.00        0.00
     0     0      292.00     1407.00        0.00
     0     0      286.00     1405.00        0.00
     0     0      282.00     1401.00        0.00
     0     0      276.00     1397.00        0.00
     0     0      270.00     1393.00        0.00
     0     0      264.00     1389.00        0.00
     0     0      260.00     1385.00        0.00
     0     0      254.00     1383.00        0.00
     0     0      250.00     1379.00        0.00
     0     0      244.00     1375.00        0.00
     0     0      238.00     1373.00        0.00
     0     0      232.00     1373.00        0.00
     0     0      224.00     1373.00        0.00
     0     0      218.00     1373.00        0.00
     0     0      212.00     1373.00        0.00
     0     0      206.00     1373.00        0.00
     0     0      200.00     1373.00        0.00
     0     0      194.00     1373.00        0.00
     0     0      188.00     1373.00        0.00
     0     0      182.00     1373.00        0.00
     0     0      176.00     1373.00        0.00
     0     0      170.00     1373.00        0.00
     0     0      164.00     1373.00        0.00
     0     0      158.00     1373.00        0.00
     0     0      152.00     1373.00        0.00
     0     0      146.00     1373.00        0.00
     0     0      140.00     1373.00        0.00
     0     0      134.00     1371.00        0.00
     0     0      126.00     1369.00        0.00
     0     0      120.00     1367.00        0.00
     0     0      112.00     1365.00        0.00
     0     0      106.00     1365.00        0.00
     0     1      246.00     1187.00        0.00
     0     1      246.00     1193.00        0.00
     0     1      248.00     1199.00        0.00
     0     1      250.00     1207.00        0.00
     0     1      252.00     1213.00        0.00
     0     1      252.00     1219.00        0.00
     0     1      246.00     1219.00        0.00
     0     1      240.00     1219.00        0.00
     0     1      234.00     1217.00        0.00
     0     1      228.00     1215.00        0.00
     0     1      224.00     1211.00        0.00
     0     1      220.00     1205.00        0.00
     0     1      216.00     1197.00        0.00
     0     1      212.00     1193.00        0.00
     0     1      210.00     1187.00        0.00
     0     1      208.00     1181.00        0.00
     0     1      204.00     1175.00        0.00
     0     1      202.00     1169.00        0.00
     0     1      200.00     1163.00        0.00
     0     1      200.00     1157.00        0.00
     0     1      198.00     1151.00        0.00
     0     1      196.00     1145.00        0.00
     0     1      196.00     1139.00        0.00
     0     1      194.00     1133.00        0.00
     0     1      192.00     1127.00        0.00
     0     1      190.00     1121.00        0.00
     0     1      188.00     1115.00        0.00
     0     1      188.00     1109.00        0.00
     0     1      188.00     1103.00        0.00
     0     1      186.00     1097.00        0.00
     0     1      186.00     1091.00        0.00
     0     1      186.00     1085.00        0.00
     0     1      186.00     1079.00        0.00
     0     1      186.00     1073.00        0.00
     0     1      186.00     1065.00        0.00
     0     1      188.00     1059.00        0.00
     0     1      190.00     1053.00        0.00
     0     1      196.00     1049.00        0.00
     0     1      202.00     1045.00        0.00
     0     1      208.00     1045.00        0.00
     0     1      214.00     1045.00        0.00
     0     1      220.00     1047.00        0.00
     0     1      224.00     1051.00        0.00
     0     1      230.00     1053.00        0.00
     0     1      234.00     1057.00        0.00
     0     1      240.00     1061.00        0.00
     0     1      244.00     1065.00        0.00
     0     1      248.00     1069.00        0.00
     0     1      254.00     1069.00        0.00
     0     1      260.00     1069.00        0.00
     0     1      266.00     1069.00        0.00
     0     1      270.00     1073.00        0.00
     0     1      274.00     1077.00        0.00
     0     1      276.00     1083.00        0.00
     0     1      280.00     1089.00        0.00
     0     1      282.00     1095.00        0.00
     0     1      286.00     1099.00        0.00
     0     1      290.00     1103.00        0.00
     0     1      294.00     1107.00        0.00
     0     1      300.00     1111.00        0.00
     0     1      302.00     1117.00        0.00
     0     1      302.00     1123.00        0.00
     0     1      302.00     1129.00        0.00
     0     1      302.00     1135.00        0.00
     0     1      302.00     1141.00        0.00
     0     1      304.00     1149.00        0.00
     0     1      304.00     1155.00        0.00
     0     1      296.00     1157.00        0.00
     0     1      290.00     1159.00        0.00
     0     1      284.00     1161.00        0.00
     0     1      280.00     1165.00        0.00
     0     1      276.00     1169.00        0.00
     0     1      272.00     1175.00        0.00
     0     1      270.00     1181.00        0.00
     0     1      268.00     1187.00        0.00
     0     2      544.00      971.00        0.00
     0     2      534.00      969.00        0.00
     0     2      528.00      967.00        0.00
     0     2      522.00      965.00        0.00
     0     2      516.00      961.00        0.00
     0     2      510.00      957.00        0.00
     0     2      502.00      955.00        0.00
     0     2      496.00      953.00        0.00
     0     2      490.00      951.00        0.00
     0     2      484.00      947.00        0.00
     0     2      478.00      943.00        0.00
     0     2      472.00      939.00        0.00
     0     2      466.00      937.00        0.00
     0     2      462.00      933.00        0.00
     0     2      456.00      931.00        0.00
     0     2      448.00      931.00        0.00
     0     2      442.00      927.00        0.00
     0     2      436.00      925.00        0.00
     0     2      430.00      925.00        0.00
     0     2      424.00      921.00        0.00
     0     2      418.00      919.00        0.00
     0     2      412.00      917.00        0.00
     0     2      406.00      915.00        0.00
     0     2      400.00      913.00        0.00
     0     2      394.00      911.00        0.00
     0     2      388.00      909.00        0.00
     0     2      382.00      907.00        0.00
     0     2      376.00      903.00        0.00
     0     2      370.00      901.00        0.00
     0     2      364.00      899.00        0.00
     0     2      358.00      895.00        0.00
     0     2      352.00      893.00        0.00
     0     2      346.00      891.00        0.00
     0     2      340.00      889.00        0.00
     0     2      346.00      883.00        0.00
     0     2      350.00      879.00        0.00
     0     2      354.00      875.00        0.00
     0     2      360.00      871.00        0.00
     0     2      364.00      867.00        0.00
     0     2      370.00      863.00        0.00
     0     2      376.00      861.00        0.00
     0     2      382.00      859.00        0.00
     0     2      388.00      857.00        0.00
     0     2      394.00      857.00        0.00
     0     2      400.00      855.00        0.00
     0     2      408.00      853.00        0.00
     0     2      414.00      851.00        0.00
     0     2      422.00      851.00        0.00
     0     2      428.00      851.00        0.00
     0     2      436.00      851.00        0.00
     0     2      442.00      853.00        0.00
     0     2      450.00      855.00        0.00
     0     2      460.00      859.00        0.00
     0     2      466.00      861.00        0.00
     0     2      476.00      863.00        0.00
     0     2      482.00      867.00        0.00
     0     2      488.00      869.00        0.00
     0     2      494.00      869.00        0.00
     0     2      502.00      869.00        0.00
     0     2      510.00      869.00        0.00
     0     2      516.00      869.00        0.00
     0     2      524.00      869.00        0.00
     0     2      530.00      867.00        0.00
     0     2      536.00      865.00        0.00
     0     2      542.00      865.00        0.00
     0     2      546.00      869.00        0.00
     0     2      548.00      877.00        0.00
     0     2      552.00      883.00        0.00
     0     2      554.00      889.00        0.00
     0     2      558.00      897.00        0.00
     0     2      562.00      905.00        0.00
     0     2      566.00      911.00        0.00
     0     2      568.00      919.00        0.00
     0     2      570.00      925.00        0.00
     0     2      572.00      931.00        0.00
     0     2      572.00      937.00        0.00
     0     2      572.00      943.00        0.00
     0     2      572.00      949.00        0.00
     0     2      572.00      955.00        0.00
     0     2      572.00      961.00        0.00
     0     3      988.00     1137.00        0.00
     0     3      982.00     1147.00        0.00
     0     3      980.00     1153.00        0.00
     0     3      980.00     1159.00        0.00
     0     3      980.00     1165.00        0.00
     0     3      980.00     1171.00        0.00
     0     3      980.00     1177.00        0.00
     0     3      978.00     1183.00        0.00
     0     3      978.00     1189.00        0.00
     0     3      976.00     1195.00        0.00
     0     3      970.00     1197.00        0.00
     0     3      966.00     1201.00        0.00
     0     3      960.00     1203.00        0.00
     0     3      954.00     1205.00        0.00
     0     3      948.00     1207.00        0.00
     0     3      944.00     1211.00        0.00
     0     3      938.00     1211.00        0.00
     0     3      932.00     1211.00        0.00
     0     3      928.00     1207.00        0.00
     0     3      924.00     1201.00        0.00
     0     3      920.00     1195.00        0.00
     0     3      916.00     1187.00        0.00
     0     3      914.00     1181.00        0.00
     0     3      914.00     1175.00        0.00
     0     3      914.00     1169.00        0.00
     0     3      914.00     1163.00        0.00
     0     3      916.00     1157.00        0.00
     0     3      920.00     1153.00        0.00
     0     3      922.00     1147.00        0.00
     0     3      922.00     1141.00        0.00
     0     3      924.00     1135.00        0.00
     0     3      926.00     1129.00        0.00
     0     3      926.00     1123.00        0.00
     0     3      926.00     1117.00        0.00
     0     3      930.00     1109.00        0.00
     0     3      932.00     1103.00        0.00
     0     3      936.00     1095.00        0.00
     0     3      938.00     1089.00        0.00
     0     3      942.00     1085.00        0.00
     0     3      944.00     1079.00        0.00
     0     3      946.00     1073.00        0.00
     0     3      948.00     1065.00        0.00
     0     3      952.00     1059.00        0.00
     0     3      956.00     1053.00        0.00
     0     3      960.00     1045.00        0.00
     0     3      964.00     1041.00        0.00
     0     3      968.00     1035.00        0.00
     0     3      972.00     1031.00        0.00
     0     3      978.00     1025.00        0.00
     0     3      982.00     1019.00        0.00
     0     3      984.00     1013.00        0.00
     0     3      988.00     1007.00        0.00
     0     3      990.00      999.00        0.00
     0     3      990.00      993.00        0.00
     0     3      992.00      987.00        0.00
     0     3      992.00      981.00        0.00
     0     3      994.00      975.00        0.00
     0     3      994.00      967.00        0.00
     0     3      994.00      961.00        0.00
     0     3      992.00      953.00        0.00
     0     3      992.00      947.00        0.00
     0     3      990.00      941.00        0.00
     0     3      990.00      933.00        0.00
     0     3      990.00      927.00        0.00
     0     3      988.00      921.00        0.00
     0     3      988.00      915.00        0.00
     0     3      990.00      909.00        0.00
     0     3      992.00      903.00        0.00
     0     3      994.00      897.00        0.00
     0     3      996.00      891.00        0.00
     0     3      998.00      885.00        0.00
     0     3     1002.00      879.00        0.00
     0     3     1006.00      875.00        0.00
     0     3     1010.00      871.00        0.00
     0     3     1014.00      865.00        0.00
     0     3     1020.00      863.00        0.00
     0     3     1028.00      859.00        0.00
     0     3     1036.00      857.00        0.00
     0     3     1042.00      855.00        0.00
     0     3     1050.00      853.00        0.00
     0     3     1056.00      851.00        0.00
     0     3     1062.00      849.00        0.00
     0     3     1068.00      847.00        0.00
     0     3     1074.00      847.00        0.00
     0     3     1078.00      851.00        0.00
     0     3     1078.00      859.00        0.00
     0     3     1078.00      867.00        0.00
     0     3     1078.00      873.00        0.00
     0     3     1076.00      879.00        0.00
     0     3     1074.00      885.00        0.00
     0     3     1074.00      891.00        0.00
     0     3     1074.00      897.00        0.00
     0     3     1074.00      903.00        0.00
     0     3     1072.00      911.00        0.00
     0     3     1068.00      919.00        0.00
     0     3     1068.00      925.00        0.00
     0     3     1066.00      931.00        0.00
     0     3     1066.00      937.00        0.00
     0     3     1066.00      945.00        0.00
     0     3     1064.00      951.00        0.00
     0     3     1064.00      957.00        0.00
     0     3     1064.00      965.00        0.00
     0     3     1064.00      971.00        0.00
     0     3     1064.00      977.00        0.00
     0     3     1062.00      983.00        0.00
     0     3     1062.00      989.00        0.00
     0     3     1060.00      997.00        0.00
     0     3     1060.00     1005.00        0.00
     0     3     1060.00     1013.00        0.00
     0     3     1060.00     1021.00        0.00
     0     3     1058.00     1027.00        0.00
     0     3     1058.00     1033.00        0.00
     0     3     1058.00     1039.00        0.00
     0     3     1056.00     1045.00        0.00
     0     3     1056.00     1051.00        0.00
     0     3     1054.00     1057.00        0.00
     0     3     1050.00     1063.00        0.00
     0     3     1046.00     1069.00        0.00
     0     3     1042.00     1075.00        0.00
     0     3     1040.00     1081.00        0.00
     0     3     1036.00     1085.00        0.00
     0     3     1032.00     1089.00        0.00
     0     3     1028.00     1093.00        0.00
     0     4     1202.00      783.00        0.00
     0     4     1194.00      787.00        0.00
     0     4     1188.00      789.00        0.00
     0     4     1182.00      791.00        0.00
     0     4     1176.00      793.00        0.00
     0     4     1170.00      795.00        0.00
     0     4     1164.00      795.00        0.00
     0     4     1158.00      795.00        0.00
     0     4     1152.00      795.00        0.00
     0     4     1146.00      795.00        0.00
     0     4     1140.00      795.00        0.00
     0     4     1134.00      793.00        0.00
     0     4     1132.00      787.00        0.00
     0     4     1132.00      781.00        0.00
     0     4     1128.00      777.00        0.00
     0     4     1126.00      771.00        0.00
     0     4     1122.00      767.00        0.00
     0     4     1116.00      765.00        0.00
     0     4     1112.00      761.00        0.00
     0     4     1108.00      757.00        0.00
     0     4     1102.00      755.00        0.00
     0     4     1098.00      749.00        0.00
     0     4     1094.00      745.00        0.00
     0     4     1090.00      739.00        0.00
     0     4     1090.00      733.00        0.00
     0     4     1092.00      727.00        0.00
     0     4     1092.00      719.00        0.00
     0     4     1092.00      713.00        0.00
     0     4     1092.00      707.00        0.00
     0     4     1092.00      701.00        0.00
     0     4     1092.00      695.00        0.00
     0     4     1092.00      689.00        0.00
     0     4     1092.00      681.00        0.00
     0     4     1094.00      671.00        0.00
     0     4     1098.00      663.00        0.00
     0     4     1102.00      657.00        0.00
     0     4     1106.00      653.00        0.00
     0     4     1112.00      649.00        0.00
     0     4     1120.00      645.00        0.00
     0     4     1126.00      641.00        0.00
     0     4     1132.00      637.00        0.00
     0     4     1140.00      633.00        0.00
     0     4     1146.00      631.00        0.00
     0     4     1152.00      627.00        0.00
     0     4     1158.00      627.00        0.00
     0     4     1164.00      627.00        0.00
     0     4     1172.00      629.00        0.00
     0     4     1176.00      633.00        0.00
     0     4     1182.00      637.00        0.00
     0     4     1184.00      643.00        0.00
     0     4     1188.00      649.00        0.00
     0     4     1192.00      657.00        0.00
     0     4     1196.00      663.00        0.00
     0     4     1200.00      671.00        0.00
     0     4     1202.00      677.00        0.00
     0     4     1208.00      683.00        0.00
     0     4     1212.00      689.00        0.00
     0     4     1214.00      695.00        0.00
     0     4     1220.00      703.00        0.00
     0     4     1222.00      709.00        0.00
     0     4     1226.00      713.00        0.00
     0     4     1230.00      719.00        0.00
     0     4     1234.00      723.00        0.00
     0     4     1238.00      729.00        0.00
     0     4     1242.00      733.00        0.00
     0     4     1246.00      737.00        0.00
     0     4     1250.00      743.00        0.00
     0     4     1252.00      749.00        0.00
     0     4     1248.00      753.00        0.00
     0     4     1242.00      757.00        0.00
     0     4     1236.00      759.00        0.00
     0     5     1388.00      827.00        0.00
     0     5     1366.00      823.00        0.00
     0     5     1358.00      817.00        0.00
     0     5     1352.00      813.00        0.00
     0     5     1346.00      809.00        0.00
     0     5     1340.00      805.00        0.00
     0     5     1334.00      803.00        0.00
     0     5     1328.00      799.00        0.00
     0     5     1322.00      797.00        0.00
     0     5     1316.00      795.00        0.00
     0     5     1308.00      793.00        0.00
     0     5     1300.00      791.00        0.00
     0     5     1294.00      787.00        0.00
     0     5     1290.00      783.00        0.00
     0     5     1286.00      779.00        0.00
     0     5     1282.00      775.00        0.00
     0     5     1280.00      769.00        0.00
     0     5     1276.00      763.00        0.00
     0     5     1272.00      759.00        0.00
     0     5     1268.00      755.00        0.00
     0     5     1264.00      749.00        0.00
     0     5     1264.00      743.00        0.00
     0     5     1264.00      733.00        0.00
     0     5     1262.00      721.00        0.00
     0     5     1262.00      715.00        0.00
     0     5     1262.00      703.00        0.00
     0     5     1262.00      695.00        0.00
     0     5     1262.00      687.00        0.00
     0     5     1262.00      681.00        0.00
     0     5     1262.00      673.00        0.00
     0     5     1262.00      667.00        0.00
     0     5     1262.00      661.00        0.00
     0     5     1262.00      655.00        0.00
     0     5     1260.00      649.00        0.00
     0     5     1256.00      645.00        0.00
     0     5     1252.00      639.00        0.00
     0     5     1248.00      635.00        0.00
     0     5     1244.00      629.00        0.00
     0     5     1244.00      623.00        0.00
     0     5     1244.00      617.00        0.00
     0     5     1250.00      611.00        0.00
     0     5     1256.00      611.00        0.00
     0     5     1264.00      611.00        0.00
     0     5     1270.00      611.00        0.00
     0     5     1276.00      611.00        0.00
     0     5     1282.00      611.00        0.00
     0     5     1288.00      611.00        0.00
     0     5     1294.00      615.00        0.00
     0     5     1296.00      621.00        0.00
     0     5     1298.00      627.00        0.00
     0     5     1300.00      635.00        0.00
     0     5     1302.00      643.00        0.00
     0     5     1304.00      653.00        0.00
     0     5     1308.00      663.00        0.00
     0     5     1312.00      675.00        0.00
     0     5     1314.00      683.00        0.00
     0     5     1320.00      693.00        0.00
     0     5     1324.00      699.00        0.00
     0     5     1328.00      707.00        0.00
     0     5     1332.00      713.00        0.00
     0     5     1336.00      717.00        0.00
     0     5     1342.00      725.00        0.00
     0     5     1346.00      729.00        0.00
     0     5     1350.00      735.00        0.00
     0     5     1356.00      741.00        0.00
     0     5     1360.00      747.00        0.00
     0     5     1364.00      751.00        0.00
     0     5     1368.00      757.00        0.00
     0     5     1372.00      765.00        0.00
     0     5     1376.00      769.00        0.00
     0     5     1380.00      775.00        0.00
     0     5     1384.00      781.00        0.00
     0     5     1388.00      787.00        0.00
     0     5     1392.00      793.00        0.00
     0     5     1394.00      799.00        0.00
     0     5     1396.00      805.00        0.00
     0     6      276.00      719.00        0.00
     0     6      260.00      731.00        0.00
     0     6      258.00      737.00        0.00
     0     6      254.00      743.00        0.00
     0     6      252.00      749.00        0.00
     0     6      248.00      753.00        0.00
     0     6      244.00      757.00        0.00
     0     6      238.00      755.00        0.00
     0     6      234.00      751.00        0.00
     0     6      230.00      745.00        0.00
     0     6      230.00      739.00        0.00
     0     6      228.00      733.00        0.00
     0     6      222.00      733.00        0.00
     0     6      216.00      735.00        0.00
     0     6      214.00      729.00        0.00
     0     6      216.00      723.00        0.00
     0     6      220.00      717.00        0.00
     0     6      224.00      711.00        0.00
     0     6      230.00      707.00        0.00
     0     6      234.00      703.00        0.00
     0     6      240.00      699.00        0.00
     0     6      246.00      697.00        0.00
     0     6      250.00      693.00        0.00
     0     6      256.00      689.00        0.00
     0     6      262.00      685.00        0.00
     0     6      268.00      681.00        0.00
     0     6      272.00      677.00        0.00
     0     6      278.00      673.00        0.00
     0     6      284.00      671.00        0.00
     0     6      288.00      667.00        0.00
     0     6      292.00      663.00        0.00
     0     6      296.00      659.00        0.00
     0     6      298.00      653.00        0.00
     0     6      300.00      647.00        0.00
     0     6      302.00      641.00        0.00
     0     6      302.00      635.00        0.00
     0     6      302.00      629.00        0.00
     0     6      300.00      621.00        0.00
     0     6      298.00      615.00        0.00
     0     6      296.00      609.00        0.00
     0     6      294.00      603.00        0.00
     0     6      290.00      597.00        0.00
     0     6      286.00      593.00        0.00
     0     6      292.00      593.00        0.00
     0     6      298.00      599.00        0.00
     0     6      304.00      601.00        0.00
     0     6      310.00      601.00        0.00
     0     6      316.00      601.00        0.00
     0     6      322.00      601.00        0.00
     0     6      328.00      601.00        0.00
     0     6      334.00      599.00        0.00
     0     6      340.00      599.00        0.00
     0     6      346.00      599.00        0.00
     0     6      352.00      599.00        0.00
     0     6      360.00      599.00        0.00
     0     6      366.00      599.00        0.00
     0     6      374.00      601.00        0.00
     0     6      380.00      601.00        0.00
     0     6      386.00      603.00        0.00
     0     6      392.00      603.00        0.00
     0     6      398.00      603.00        0.00
     0     6      402.00      607.00        0.00
     0     6      398.00      613.00        0.00
     0     6      392.00      615.00        0.00
     0     6      398.00      619.00        0.00
     0     6      404.00      621.00        0.00
     0     6      412.00      623.00        0.00
     0     6      418.00      623.00        0.00
     0     6      424.00      623.00        0.00
     0     6      430.00      623.00        0.00
     0     6      436.00      623.00        0.00
     0     6      442.00      625.00        0.00
     0     6      446.00      629.00        0.00
     0     6      440.00      631.00        0.00
     0     6      432.00      633.00        0.00
     0     6      424.00      633.00        0.00
     0     6      416.00      633.00        0.00
     0     6      410.00      635.00        0.00
     0     6      404.00      637.00        0.00
     0     6      402.00      643.00        0.00
     0     6      402.00      649.00        0.00
     0     6      400.00      655.00        0.00
     0     6      402.00      661.00        0.00
     0     6      404.00      667.00        0.00
     0     6      412.00      669.00        0.00
     0     6      418.00      671.00        0.00
     0     6      422.00      675.00        0.00
     0     6      426.00      679.00        0.00
     0     6      428.00      685.00        0.00
     0     6      426.00      691.00        0.00
     0     6      422.00      695.00        0.00
     0     6      418.00      701.00        0.00
     0     6      412.00      703.00        0.00
     0     6      406.00      703.00        0.00
     0     6      400.00      703.00        0.00
     0     6      396.00      699.00        0.00
     0     6      392.00      703.00        0.00
     0     6      390.00      709.00        0.00
     0     6      388.00      715.00        0.00
     0     6      388.00      721.00        0.00
     0     6      388.00      727.00        0.00
     0     6      386.00      733.00        0.00
     0     6      380.00      737.00        0.00
     0     6      376.00      741.00        0.00
     0     6      372.00      745.00        0.00
     0     6      368.00      751.00        0.00
     0     6      362.00      749.00        0.00
     0     6      358.00      743.00        0.00
     0     6      356.00      737.00        0.00
     0     6      354.00      731.00        0.00
     0     6      352.00      725.00        0.00
     0     6      348.00      719.00        0.00
     0     6      346.00      711.00        0.00
     0     6      344.00      705.00        0.00
     0     6      340.00      699.00        0.00
     0     6      334.00      697.00        0.00
     0     6      328.00      697.00        0.00
     0     6      322.00      701.00        0.00
     0     6      316.00      701.00        0.00
     0     7      600.00      677.00        0.00
     0     7      594.00      677.00        0.00
     0     7      588.00      677.00        0.00
     0     7      582.00      677.00        0.00
     0     7      576.00      673.00        0.00
     0     7      570.00      671.00        0.00
     0     7      562.00      669.00        0.00
     0     7      556.00      665.00        0.00
     0     7      548.00      661.00        0.00
     0     7      544.00      657.00        0.00
     0     7      538.00      653.00        0.00
     0     7      532.00      651.00        0.00
     0     7      526.00      647.00        0.00
     0     7      520.00      645.00        0.00
     0     7      514.00      643.00        0.00
     0     7      506.00      639.00        0.00
     0     7      500.00      637.00        0.00
     0     7      494.00      635.00        0.00
     0     7      488.00      633.00        0.00
     0     7      482.00      633.00        0.00
     0     7      476.00      631.00        0.00
     0     7      470.00      631.00        0.00
     0     7      464.00      629.00        0.00
     0     7      456.00      629.00        0.00
     0     7      450.00      627.00        0.00
     0     7      444.00      625.00        0.00
     0     7      440.00      621.00        0.00
     0     7      434.00      619.00        0.00
     0     7      428.00      617.00        0.00
     0     7      424.00      613.00        0.00
     0     7      420.00      609.00        0.00
     0     7      416.00      605.00        0.00
     0     7      412.00      601.00        0.00
     0     7      408.00      597.00        0.00
     0     7      404.00      593.00        0.00
     0     7      400.00      589.00        0.00
     0     7      406.00      587.00        0.00
     0     7      412.00      587.00        0.00
     0     7      416.00      583.00        0.00
     0     7      418.00      577.00        0.00
     0     7      418.00      571.00        0.00
     0     7      414.00      565.00        0.00
     0     7      410.00      561.00        0.00
     0     7      406.00      557.00        0.00
     0     7      404.00      551.00        0.00
     0     7      410.00      549.00        0.00
     0     7      416.00      553.00        0.00
     0     7      422.00      557.00        0.00
     0     7      426.00      561.00        0.00
     0     7      430.00      567.00        0.00
     0     7      436.00      567.00        0.00
     0     7      442.00      569.00        0.00
     0     7      448.00      569.00        0.00
     0     7      454.00      569.00        0.00
     0     7      462.00      569.00        0.00
     0     7      470.00      569.00        0.00
     0     7      476.00      569.00        0.00
     0     7      484.00      567.00        0.00
     0     7      490.00      565.00        0.00
     0     7      498.00      563.00        0.00
     0     7      504.00      561.00        0.00
     0     7      510.00      559.00        0.00
     0     7      516.00      557.00        0.00
     0     7      522.00      557.00        0.00
     0     7      528.00      557.00        0.00
     0     7      534.00      557.00        0.00
     0     7      540.00      557.00        0.00
     0     7      546.00      557.00        0.00
     0     7      552.00      557.00        0.00
     0     7      558.00      555.00        0.00
     0     7      564.00      555.00        0.00
     0     7      572.00      555.00        0.00
     0     7      578.00      557.00        0.00
     0     7      584.00      557.00        0.00
     0     7      590.00      559.00        0.00
     0     7      596.00      561.00        0.00
     0     7      604.00      561.00        0.00
     0     7      610.00      563.00        0.00
     0     7      620.00      563.00        0.00
     0     7      626.00      563.00        0.00
     0     7      632.00      563.00        0.00
     0     7      640.00      561.00        0.00
     0     7      646.00      561.00        0.00
     0     7      652.00      559.00        0.00
     0     7      658.00      555.00        0.00
     0     7      662.00      551.00        0.00
     0     7      668.00      549.00        0.00
     0     7      674.00      549.00        0.00
     0     7      680.00      549.00        0.00
     0     7      686.00      551.00        0.00
     0     7      692.00      551.00        0.00
     0     7      700.00      553.00        0.00
     0     7      706.00      553.00        0.00
     0     7      712.00      553.00        0.00
     0     7      718.00      551.00        0.00
     0     7      724.00      551.00        0.00
     0     7      730.00      551.00        0.00
     0     7      736.00      553.00        0.00
     0     7      742.00      553.00        0.00
     0     7      744.00      559.00        0.00
     0     7      740.00      563.00        0.00
     0     7      740.00      569.00        0.00
     0     7      740.00      575.00        0.00
     0     7      740.00      581.00        0.00
     0     7      744.00      585.00        0.00
     0     7      740.00      591.00        0.00
     0     7      734.00      591.00        0.00
     0     7      728.00      593.00        0.00
     0     7      724.00      597.00        0.00
     0     7      720.00      603.00        0.00
     0     7      716.00      607.00        0.00
     0     7      712.00      611.00        0.00
     0     7      708.00      615.00        0.00
     0     7      704.00      619.00        0.00
     0     7      700.00      625.00        0.00
     0     7      696.00      631.00        0.00
     0     7      690.00      635.00        0.00
     0     7      682.00      639.00        0.00
     0     7      676.00      641.00        0.00
     0     7      668.00      643.00        0.00
     0     7      662.00      643.00        0.00
     0     7      658.00      647.00        0.00
     0     7      652.00      649.00        0.00
     0     7      646.00      649.00        0.00
     0     7      640.00      653.00        0.00
     0     7      634.00      657.00        0.00
     0     7      628.00      661.00        0.00
     0     7      622.00      665.00        0.00
     0     8      386.00      591.00        0.00
     0     8      368.00      587.00        0.00
     0     8      360.00      583.00        0.00
     0     8      354.00      581.00        0.00
     0     8      344.00      579.00        0.00
     0     8      336.00      575.00        0.00
     0     8      330.00      575.00        0.00
     0     8      324.00      573.00        0.00
     0     8      318.00      573.00        0.00
     0     8      310.00      573.00        0.00
     0     8      304.00      573.00        0.00
     0     8      298.00      573.00        0.00
     0     8      292.00      575.00        0.00
     0     8      286.00      575.00        0.00
     0     8      278.00      575.00        0.00
     0     8      272.00      575.00        0.00
     0     8      264.00      573.00        0.00
     0     8      256.00      573.00        0.00
     0     8      252.00      569.00        0.00
     0     8      246.00      565.00        0.00
     0     8      242.00      561.00        0.00
     0     8      236.00      559.00        0.00
     0     8      230.00      559.00        0.00
     0     8      224.00      557.00        0.00
     0     8      218.00      557.00        0.00
     0     8      212.00      557.00        0.00
     0     8      204.00      557.00        0.00
     0     8      198.00      557.00        0.00
     0     8      192.00      557.00        0.00
     0     8      184.00      557.00        0.00
     0     8      178.00      557.00        0.00
     0     8      172.00      557.00        0.00
     0     8      166.00      559.00        0.00
     0     8      158.00      561.00        0.00
     0     8      152.00      563.00        0.00
     0     8      146.00      565.00        0.00
     0     8      140.00      567.00        0.00
     0     8      134.00      567.00        0.00
     0     8      126.00      569.00        0.00
     0     8      120.00      569.00        0.00
     0     8      114.00      569.00        0.00
     0     8      108.00      571.00        0.00
     0     8      100.00      573.00        0.00
     0     8       94.00      575.00        0.00
     0     8       88.00      577.00        0.00
     0     8       80.00      579.00        0.00
     0     8       74.00      581.00        0.00
     0     8       70.00      585.00        0.00
     0     8       64.00      587.00        0.00
     0     8       56.00      591.00        0.00
     0     8       48.00      595.00        0.00
     0     8       40.00      599.00        0.00
     0     8       32.00      603.00        0.00
     0     8       26.00      607.00        0.00
     0     8       20.00      609.00        0.00
     0     8       14.00      611.00        0.00
     0     8       10.00      615.00        0.00
     0     8       16.00      613.00        0.00
     0     8       22.00      609.00        0.00
     0     8       28.00      605.00        0.00
     0     8       36.00      601.00        0.00
     0     8       42.00      599.00        0.00
     0     8       46.00      595.00        0.00
     0     8       52.00      591.00        0.00
     0     8       58.00      589.00        0.00
     0     8       64.00      587.00        0.00
     0     8       70.00      583.00        0.00
     0     8       76.00      583.00        0.00
     0     8       82.00      581.00        0.00
     0     8       88.00      579.00        0.00
     0     8       96.00      577.00        0.00
     0     8      102.00      577.00        0.00
     0     8      110.00      575.00        0.00
     0     8      116.00      573.00        0.00
     0     8      124.00      573.00        0.00
     0     8      130.00      573.00        0.00
     0     8      138.00      571.00        0.00
     0     8      144.00      571.00        0.00
     0     8      150.00      571.00        0.00
     0     8      156.00      569.00        0.00
     0     8      162.00      567.00        0.00
     0     8      168.00      565.00        0.00
     0     8      174.00      563.00        0.00
     0     8      180.00      561.00        0.00
     0     8      186.00      559.00        0.00
     0     8      192.00      559.00        0.00
     0     8      198.00      557.00        0.00
     0     8      204.00      555.00        0.00
     0     8      210.00      553.00        0.00
     0     8      216.00      553.00        0.00
     0     8      222.00      551.00        0.00
     0     8      228.00      549.00        0.00
     0     8      234.00      545.00        0.00
     0     8      236.00      539.00        0.00
     0     8      236.00      533.00        0.00
     0     8      236.00      527.00        0.00
     0     8      234.00      521.00        0.00
     0     8      232.00      515.00        0.00
     0     8      236.00      509.00        0.00
     0     8      242.00      509.00        0.00
     0     8      250.00      509.00        0.00
     0     8      256.00      511.00        0.00
     0     8      264.00      513.00        0.00
     0     8      270.00      513.00        0.00
     0     8      276.00      513.00        0.00
     0     8      282.00      513.00        0.00
     0     8      288.00      513.00        0.00
     0     8      298.00      513.00        0.00
     0     8      304.00      511.00        0.00
     0     8      310.00      509.00        0.00
     0     8      318.00      507.00        0.00
     0     8      326.00      503.00        0.00
     0     8      332.00      501.00        0.00
     0     8      338.00      499.00        0.00
     0     8      344.00      497.00        0.00
     0     8      350.00      495.00        0.00
     0     8      356.00      493.00        0.00
     0     8      362.00      491.00        0.00
     0     8      368.00      491.00        0.00
     0     8      376.00      491.00        0.00
     0     8      382.00      491.00        0.00
     0     8      388.00      491.00        0.00
     0     8      394.00      491.00        0.00
     0     8      400.00      491.00        0.00
     0     8      406.00      491.00        0.00
     0     8      412.00      495.00        0.00
     0     8      416.00      499.00        0.00
     0     8      418.00      505.00        0.00
     0     8      420.00      511.00        0.00
     0     8      420.00      517.00        0.00
     0     8      418.00      523.00        0.00
     0     8      418.00      529.00        0.00
     0     8      418.00      535.00        0.00
     0     8      420.00      541.00        0.00
     0     8      424.00      547.00        0.00
     0     8      428.00      551.00        0.00
     0     8      430.00      557.00        0.00
     0     8      434.00      561.00        0.00
     0     8      428.00      561.00        0.00
     0     8      422.00      555.00        0.00
     0     8      416.00      551.00        0.00
     0     8      410.00      549.00        0.00
     0     8      404.00      547.00        0.00
     0     8      402.00      553.00        0.00
     0     8      404.00      559.00        0.00
     0     8      408.00      563.00        0.00
     0     8      410.00      569.00        0.00
     0     8      412.00      575.00        0.00
     0     8      412.00      581.00        0.00
     0     8      408.00      585.00        0.00
     0     8      402.00      589.00        0.00
     0     8      396.00      589.00        0.00
     0     9      508.00      541.00        0.00
     0     9      488.00      537.00        0.00
     0     9      480.00      533.00        0.00
     0     9      472.00      527.00        0.00
     0     9      466.00      521.00        0.00
     0     9      460.00      515.00        0.00
     0     9      456.00      511.00        0.00
     0     9      452.00      507.00        0.00
     0     9      444.00      505.00        0.00
     0     9      438.00      505.00        0.00
     0     9      432.00      505.00        0.00
     0     9      426.00      507.00        0.00
     0     9      420.00      509.00        0.00
     0     9      416.00      505.00        0.00
     0     9      412.00      501.00        0.00
     0     9      406.00      497.00        0.00
     0     9      400.00      495.00        0.00
     0     9      394.00      491.00        0.00
     0     9      388.00      489.00        0.00
     0     9      380.00      489.00        0.00
     0     9      374.00      489.00        0.00
     0     9      368.00      487.00        0.00
     0     9      362.00      487.00        0.00
     0     9      364.00      481.00        0.00
     0     9      370.00      475.00        0.00
     0     9      374.00      471.00        0.00
     0     9      382.00      467.00        0.00
     0     9      388.00      465.00        0.00
     0     9      392.00      459.00        0.00
     0     9      396.00      455.00        0.00
     0     9      400.00      451.00        0.00
     0     9      404.00      445.00        0.00
     0     9      406.00      439.00        0.00
     0     9      406.00      433.00        0.00
     0     9      408.00      427.00        0.00
     0     9      408.00      421.00        0.00
     0     9      408.00      415.00        0.00
     0     9      410.00      409.00        0.00
     0     9      412.00      403.00        0.00
     0     9      414.00      397.00        0.00
     0     9      416.00      391.00        0.00
     0     9      420.00      385.00        0.00
     0     9      422.00      379.00        0.00
     0     9      426.00      375.00        0.00
     0     9      430.00      369.00        0.00
     0     9      436.00      367.00        0.00
     0     9      442.00      365.00        0.00
     0     9      448.00      363.00        0.00
     0     9      454.00      363.00        0.00
     0     9      460.00      363.00        0.00
     0     9      468.00      363.00        0.00
     0     9      474.00      363.00        0.00
     0     9      480.00      363.00        0.00
     0     9      486.00      363.00        0.00
     0     9      492.00      363.00        0.00
     0     9      500.00      361.00        0.00
     0     9      506.00      359.00        0.00
     0     9      514.00      357.00        0.00
     0     9      518.00      353.00        0.00
     0     9      524.00      349.00        0.00
     0     9      530.00      347.00        0.00
     0     9      536.00      345.00        0.00
     0     9      542.00      347.00        0.00
     0     9      548.00      353.00        0.00
     0     9      554.00      357.00        0.00
     0     9      560.00      363.00        0.00
     0     9      564.00      369.00        0.00
     0     9      566.00      375.00        0.00
     0     9      570.00      379.00        0.00
     0     9      574.00      383.00        0.00
     0     9      578.00      389.00        0.00
     0     9      584.00      393.00        0.00
     0     9      588.00      397.00        0.00
     0     9      594.00      401.00        0.00
     0     9      600.00      405.00        0.00
     0     9      610.00      409.00        0.00
     0     9      616.00      413.00        0.00
     0     9      622.00      415.00        0.00
     0     9      630.00      417.00        0.00
     0     9      636.00      419.00        0.00
     0     9      642.00      419.00        0.00
     0     9      650.00      419.00        0.00
     0     9      660.00      419.00        0.00
     0     9      666.00      417.00        0.00
     0     9      674.00      417.00        0.00
     0     9      680.00      419.00        0.00
     0     9      688.00      419.00        0.00
     0     9      696.00      417.00        0.00
     0     9      702.00      413.00        0.00
     0     9      708.00      411.00        0.00
     0     9      714.00      409.00        0.00
     0     9      720.00      407.00        0.00
     0     9      726.00      405.00        0.00
     0     9      732.00      401.00        0.00
     0     9      740.00      399.00        0.00
     0     9      744.00      395.00        0.00
     0     9      750.00      393.00        0.00
     0     9      756.00      393.00        0.00
     0     9      762.00      391.00        0.00
     0     9      768.00      389.00        0.00
     0     9      768.00      395.00        0.00
     0     9      766.00      401.00        0.00
     0     9      762.00      407.00        0.00
     0     9      756.00      411.00        0.00
     0     9      748.00      415.00        0.00
     0     9      744.00      419.00        0.00
     0     9      738.00      423.00        0.00
     0     9      732.00      427.00        0.00
     0     9      728.00      433.00        0.00
     0     9      724.00      437.00        0.00
     0     9      720.00      441.00        0.00
     0     9      714.00      445.00        0.00
     0     9      710.00      449.00        0.00
     0     9      706.00      453.00        0.00
     0     9      700.00      457.00        0.00
     0     9      694.00      461.00        0.00
     0     9      688.00      465.00        0.00
     0     9      684.00      469.00        0.00
     0     9      678.00      473.00        0.00
     0     9      672.00      475.00        0.00
     0     9      666.00      477.00        0.00
     0     9      660.00      481.00        0.00
     0     9      654.00      485.00        0.00
     0     9      646.00      487.00        0.00
     0     9      638.00      491.00        0.00
     0     9      632.00      491.00        0.00
     0     9      626.00      493.00        0.00
     0     9      620.00      497.00        0.00
     0     9      616.00      503.00        0.00
     0     9      612.00      507.00        0.00
     0     9      610.00      513.00        0.00
     0     9      606.00      519.00        0.00
     0     9      602.00      523.00        0.00
     0     9      598.00      529.00        0.00
     0     9      592.00      531.00        0.00
     0     9      584.00      533.00        0.00
     0     9      578.00      533.00        0.00
     0     9      572.00      533.00        0.00
     0     9      568.00      537.00        0.00
     0     9      564.00      541.00        0.00
     0     9      560.00      545.00        0.00
     0     9      554.00      545.00        0.00
     0    10      620.00      317.00        0.00
     0    10      608.00      323.00        0.00
     0    10      602.00      323.00        0.00
     0    10      596.00      323.00        0.00
     0    10      590.00      323.00        0.00
     0    10      584.00      323.00        0.00
     0    10      578.00      325.00        0.00
     0    10      574.00      331.00        0.00
     0    10      570.00      335.00        0.00
     0    10      564.00      339.00        0.00
     0    10      558.00      339.00        0.00
     0    10      556.00      333.00        0.00
     0    10      556.00      327.00        0.00
     0    10      556.00      321.00        0.00
     0    10      556.00      315.00        0.00
     0    10      556.00      309.00        0.00
     0    10      560.00      305.00        0.00
     0    10      564.00      299.00        0.00
     0    10      564.00      293.00        0.00
     0    10      564.00      287.00        0.00
     0    10      568.00      281.00        0.00
     0    10      576.00      277.00        0.00
     0    10      582.00      275.00        0.00
     0    10      588.00      273.00        0.00
     0    10      592.00      269.00        0.00
     0    10      598.00      267.00        0.00
     0    10      608.00      261.00        0.00
     0    10      614.00      259.00        0.00
     0    10      620.00      255.00        0.00
     0    10      628.00      251.00        0.00
     0    10      634.00      247.00        0.00
     0    10      640.00      243.00        0.00
     0    10      646.00      241.00        0.00
     0    10      650.00      237.00        0.00
     0    10      654.00      233.00        0.00
     0    10      658.00      229.00        0.00
     0    10      662.00      223.00        0.00
     0    10      666.00      219.00        0.00
     0    10      672.00      215.00        0.00
     0    10      676.00      209.00        0.00
     0    10      680.00      205.00        0.00
     0    10      688.00      199.00        0.00
     0    10      694.00      197.00        0.00
     0    10      700.00      193.00        0.00
     0    10      706.00      191.00        0.00
     0    10      714.00      189.00        0.00
     0    10      722.00      187.00        0.00
     0    10      730.00      185.00        0.00
     0    10      736.00      185.00        0.00
     0    10      744.00      183.00        0.00
     0    10      752.00      183.00        0.00
     0    10      758.00      181.00        0.00
     0    10      764.00      179.00        0.00
     0    10      772.00      175.00        0.00
     0    10      780.00      173.00        0.00
     0    10      786.00      171.00        0.00
     0    10      796.00      169.00        0.00
     0    10      802.00      169.00        0.00
     0    10      810.00      169.00        0.00
     0    10      816.00      173.00        0.00
     0    10      822.00      177.00        0.00
     0    10      828.00      181.00        0.00
     0    10      832.00      185.00        0.00
     0    10      834.00      191.00        0.00
     0    10      834.00      197.00        0.00
     0    10      834.00      203.00        0.00
     0    10      836.00      209.00        0.00
     0    10      838.00      215.00        0.00
     0    10      832.00      219.00        0.00
     0    10      826.00      223.00        0.00
     0    10      818.00      225.00        0.00
     0    10      810.00      225.00        0.00
     0    10      804.00      225.00        0.00
     0    10      798.00      225.00        0.00
     0    10      792.00      225.00        0.00
     0    10      784.00      225.00        0.00
     0    10      776.00      227.00        0.00
     0    10      772.00      231.00        0.00
     0    10      766.00      235.00        0.00
     0    10      760.00      237.00        0.00
     0    10      754.00      241.00        0.00
     0    10      748.00      243.00        0.00
     0    10      742.00      247.00        0.00
     0    10      736.00      249.00        0.00
     0    10      730.00      253.00        0.00
     0    10      724.00      255.00        0.00
     0    10      720.00      259.00        0.00
     0    10      718.00      265.00        0.00
     0    10      714.00      269.00        0.00
     0    10      708.00      271.00        0.00
     0    10      702.00      271.00        0.00
     0    10      694.00      273.00        0.00
     0    10      688.00      273.00        0.00
     0    10      682.00      273.00        0.00
     0    10      676.00      273.00        0.00
     0    10      670.00      273.00        0.00
     0    10      664.00      273.00        0.00
     0    10      658.00      277.00        0.00
     0    10      652.00      279.00        0.00
     0    10      648.00      283.00        0.00
     0    10      642.00      287.00        0.00
