     0     0      106.00      999.00        0.00
     0     0      102.00      995.00        0.00
     0     0       96.00      993.00        0.00
     0     0       92.00      989.00        0.00
     0     0       88.00      985.00        0.00
     0     0       84.00      979.00        0.00
     0     0       82.00      973.00        0.00
     0     0       84.00      967.00        0.00
     0     0       88.00      961.00        0.00
     0     0       92.00      957.00        0.00
     0     0       94.00      951.00        0.00
     0     0      100.00      947.00        0.00
     0     0      102.00      939.00        0.00
     0     0      104.00      933.00        0.00
     0     0      104.00      927.00        0.00
     0     0      108.00      923.00        0.00
     0     0      114.00      921.00        0.00
     0     0      120.00      921.00        0.00
     0     0      126.00      919.00        0.00
     0     0      130.00      915.00        0.00
     0     0      136.00      915.00        0.00
     0     0      140.00      909.00        0.00
     0     0      144.00      905.00        0.00
     0     0      150.00      901.00        0.00
     0     0      156.00      903.00        0.00
     0     0      160.00      907.00        0.00
     0     0      164.00      911.00        0.00
     0     0      168.00      915.00        0.00
     0     0      172.00      919.00        0.00
     0     0      176.00      925.00        0.00
     0     0      180.00      929.00        0.00
     0     0      184.00      933.00        0.00
     0     0      188.00      937.00        0.00
     0     0      192.00      941.00        0.00
     0     0      196.00      945.00        0.00
     0     0      198.00      951.00        0.00
     0     0      202.00      955.00        0.00
     0     0      206.00      961.00        0.00
     0     0      210.00      965.00        0.00
     0     0      212.00      973.00        0.00
     0     0      214.00      981.00        0.00
     0     0      216.00      987.00        0.00
     0     0      216.00      993.00        0.00
     0     0      218.00      999.00        0.00
     0     0      218.00     1007.00        0.00
     0     0      218.00     1013.00        0.00
     0     0      218.00     1019.00        0.00
     0     0      218.00     1025.00        0.00
     0     0      216.00     1031.00        0.00
     0     0      214.00     1037.00        0.00
     0     0      210.00     1041.00        0.00
     0     0      204.00     1045.00        0.00
     0     0      200.00     1049.00        0.00
     0     0      196.00     1053.00        0.00
     0     0      190.00     1055.00        0.00
     0     0      184.00     1055.00        0.00
     0     0      178.00     1057.00        0.00
     0     0      172.00     1055.00        0.00
     0     0      166.00     1051.00        0.00
     0     0      162.00     1047.00        0.00
     0     0      158.00     1043.00        0.00
     0     1      562.00     1255.00        0.00
     0     1      560.00     1261.00        0.00
     0     1      554.00     1263.00        0.00
     0     1      546.00     1267.00        0.00
     0     1      540.00     1267.00        0.00
     0     1      534.00     1267.00        0.00
     0     1      528.00     1265.00        0.00
     0     1      524.00     1261.00        0.00
     0     1      520.00     1257.00        0.00
     0     1      516.00     1253.00        0.00
     0     1      514.00     1247.00        0.00
     0     1      512.00     1241.00        0.00
     0     1      510.00     1235.00        0.00
     0     1      510.00     1227.00        0.00
     0     1      508.00     1221.00        0.00
     0     1      508.00     1211.00        0.00
     0     1      506.00     1201.00        0.00
     0     1      506.00     1191.00        0.00
     0     1      506.00     1185.00        0.00
     0     1      508.00     1177.00        0.00
     0     1      510.00     1169.00        0.00
     0     1      512.00     1161.00        0.00
     0     1      514.00     1151.00        0.00
     0     1      516.00     1145.00        0.00
     0     1      522.00     1137.00        0.00
     0     1      524.00     1131.00        0.00
     0     1      528.00     1125.00        0.00
     0     1      532.00     1117.00        0.00
     0     1      536.00     1111.00        0.00
     0     1      540.00     1105.00        0.00
     0     1      542.00     1099.00        0.00
     0     1      544.00     1093.00        0.00
     0     1      544.00     1085.00        0.00
     0     1      544.00     1077.00        0.00
     0     1      544.00     1071.00        0.00
     0     1      542.00     1065.00        0.00
     0     1      540.00     1059.00        0.00
     0     1      538.00     1053.00        0.00
     0     1      536.00     1045.00        0.00
     0     1      534.00     1039.00        0.00
     0     1      534.00     1033.00        0.00
     0     1      534.00     1025.00        0.00
     0     1      532.00     1015.00        0.00
     0     1      532.00     1009.00        0.00
     0     1      532.00     1001.00        0.00
     0     1      534.00      991.00        0.00
     0     1      536.00      979.00        0.00
     0     1      538.00      969.00        0.00
     0     1      540.00      961.00        0.00
     0     1      544.00      947.00        0.00
     0     1      548.00      937.00        0.00
     0     1      552.00      929.00        0.00
     0     1      556.00      925.00        0.00
     0     1      562.00      919.00        0.00
     0     1      566.00      915.00        0.00
     0     1      574.00      909.00        0.00
     0     1      578.00      905.00        0.00
     0     1      584.00      899.00        0.00
     0     1      588.00      895.00        0.00
     0     1      592.00      891.00        0.00
     0     1      598.00      887.00        0.00
     0     1      602.00      883.00        0.00
     0     1      608.00      881.00        0.00
     0     1      616.00      877.00        0.00
     0     1      624.00      875.00        0.00
     0     1      630.00      875.00        0.00
     0     1      636.00      871.00        0.00
     0     1      642.00      871.00        0.00
     0     1      650.00      871.00        0.00
     0     1      656.00      869.00        0.00
     0     1      664.00      869.00        0.00
     0     1      672.00      869.00        0.00
     0     1      680.00      871.00        0.00
     0     1      688.00      873.00        0.00
     0     1      694.00      877.00        0.00
     0     1      700.00      881.00        0.00
     0     1      704.00      885.00        0.00
     0     1      708.00      889.00        0.00
     0     1      712.00      895.00        0.00
     0     1      716.00      901.00        0.00
     0     1      720.00      905.00        0.00
     0     1      724.00      911.00        0.00
     0     1      728.00      915.00        0.00
     0     1      732.00      921.00        0.00
     0     1      736.00      927.00        0.00
     0     1      740.00      931.00        0.00
     0     1      744.00      939.00        0.00
     0     1      748.00      945.00        0.00
     0     1      750.00      951.00        0.00
     0     1      752.00      957.00        0.00
     0     1      756.00      965.00        0.00
     0     1      756.00      971.00        0.00
     0     1      758.00      979.00        0.00
     0     1      760.00      987.00        0.00
     0     1      760.00      995.00        0.00
     0     1      762.00     1001.00        0.00
     0     1      762.00     1011.00        0.00
     0     1      762.00     1017.00        0.00
     0     1      762.00     1023.00        0.00
     0     1      762.00     1029.00        0.00
     0     1      758.00     1037.00        0.00
     0     1      752.00     1041.00        0.00
     0     1      746.00     1041.00        0.00
     0     1      740.00     1043.00        0.00
     0     1      734.00     1045.00        0.00
     0     1      730.00     1049.00        0.00
     0     1      726.00     1053.00        0.00
     0     1      722.00     1057.00        0.00
     0     1      716.00     1061.00        0.00
     0     1      714.00     1069.00        0.00
     0     1      710.00     1073.00        0.00
     0     1      706.00     1077.00        0.00
     0     1      702.00     1083.00        0.00
     0     1      698.00     1087.00        0.00
     0     1      696.00     1093.00        0.00
     0     1      690.00     1097.00        0.00
     0     1      686.00     1101.00        0.00
     0     1      680.00     1107.00        0.00
     0     1      674.00     1111.00        0.00
     0     1      670.00     1115.00        0.00
     0     1      664.00     1117.00        0.00
     0     1      660.00     1121.00        0.00
     0     1      654.00     1123.00        0.00
     0     1      650.00     1127.00        0.00
     0     1      644.00     1131.00        0.00
     0     1      640.00     1135.00        0.00
     0     1      636.00     1139.00        0.00
     0     1      628.00     1143.00        0.00
     0     1      624.00     1147.00        0.00
     0     1      618.00     1151.00        0.00
     0     1      614.00     1157.00        0.00
     0     1      610.00     1163.00        0.00
     0     1      608.00     1169.00        0.00
     0     1      606.00     1175.00        0.00
     0     1      602.00     1181.00        0.00
     0     2      912.00      761.00        0.00
     0     2      918.00      779.00        0.00
     0     2      920.00      785.00        0.00
     0     2      922.00      791.00        0.00
     0     2      922.00      799.00        0.00
     0     2      918.00      805.00        0.00
     0     2      916.00      811.00        0.00
     0     2      914.00      817.00        0.00
     0     2      910.00      823.00        0.00
     0     2      906.00      827.00        0.00
     0     2      902.00      833.00        0.00
     0     2      900.00      839.00        0.00
     0     2      898.00      845.00        0.00
     0     2      896.00      851.00        0.00
     0     2      894.00      857.00        0.00
     0     2      894.00      863.00        0.00
     0     2      892.00      869.00        0.00
     0     2      892.00      875.00        0.00
     0     2      890.00      883.00        0.00
     0     2      890.00      889.00        0.00
     0     2      890.00      897.00        0.00
     0     2      888.00      905.00        0.00
     0     2      888.00      911.00        0.00
     0     2      886.00      917.00        0.00
     0     2      882.00      921.00        0.00
     0     2      878.00      925.00        0.00
     0     2      874.00      931.00        0.00
     0     2      870.00      935.00        0.00
     0     2      864.00      939.00        0.00
     0     2      858.00      941.00        0.00
     0     2      852.00      941.00        0.00
     0     2      846.00      941.00        0.00
     0     2      840.00      941.00        0.00
     0     2      834.00      937.00        0.00
     0     2      830.00      933.00        0.00
     0     2      824.00      931.00        0.00
     0     2      820.00      925.00        0.00
     0     2      816.00      921.00        0.00
     0     2      816.00      915.00        0.00
     0     2      816.00      905.00        0.00
     0     2      816.00      897.00        0.00
     0     2      816.00      889.00        0.00
     0     2      816.00      879.00        0.00
     0     2      818.00      869.00        0.00
     0     2      818.00      859.00        0.00
     0     2      818.00      851.00        0.00
     0     2      818.00      841.00        0.00
     0     2      818.00      835.00        0.00
     0     2      818.00      829.00        0.00
     0     2      816.00      823.00        0.00
     0     2      816.00      817.00        0.00
     0     2      816.00      811.00        0.00
     0     2      816.00      805.00        0.00
     0     2      818.00      799.00        0.00
     0     2      822.00      795.00        0.00
     0     2      826.00      791.00        0.00
     0     2      830.00      787.00        0.00
     0     2      834.00      783.00        0.00
     0     2      840.00      779.00        0.00
     0     2      846.00      775.00        0.00
     0     2      850.00      771.00        0.00
     0     2      856.00      767.00        0.00
     0     2      860.00      763.00        0.00
     0     2      864.00      759.00        0.00
     0     2      868.00      755.00        0.00
     0     2      870.00      749.00        0.00
     0     2      872.00      743.00        0.00
     0     2      874.00      735.00        0.00
     0     2      878.00      729.00        0.00
     0     2      880.00      721.00        0.00
     0     2      880.00      715.00        0.00
     0     2      882.00      703.00        0.00
     0     2      884.00      695.00        0.00
     0     2      886.00      689.00        0.00
     0     2      888.00      681.00        0.00
     0     2      890.00      669.00        0.00
     0     2      894.00      661.00        0.00
     0     2      896.00      653.00        0.00
     0     2      898.00      645.00        0.00
     0     2      900.00      639.00        0.00
     0     2      902.00      629.00        0.00
     0     2      902.00      621.00        0.00
     0     2      904.00      615.00        0.00
     0     2      904.00      609.00        0.00
     0     2      910.00      607.00        0.00
     0     2      912.00      613.00        0.00
     0     2      912.00      619.00        0.00
     0     2      912.00      625.00        0.00
     0     2      912.00      631.00        0.00
     0     2      910.00      639.00        0.00
     0     2      910.00      645.00        0.00
     0     2      908.00      653.00        0.00
     0     2      908.00      659.00        0.00
     0     2      906.00      667.00        0.00
     0     2      904.00      675.00        0.00
     0     2      902.00      681.00        0.00
     0     2      900.00      689.00        0.00
     0     2      898.00      695.00        0.00
     0     2      898.00      701.00        0.00
     0     2      896.00      707.00        0.00
     0     2      896.00      713.00        0.00
     0     2      894.00      719.00        0.00
     0     2      892.00      725.00        0.00
     0     2      892.00      731.00        0.00
     0     2      890.00      737.00        0.00
     0     2      890.00      743.00        0.00
     0     3      944.00      597.00        0.00
     0     3      930.00      603.00        0.00
     0     3      924.00      607.00        0.00
     0     3      918.00      609.00        0.00
     0     3      912.00      611.00        0.00
     0     3      906.00      613.00        0.00
     0     3      900.00      615.00        0.00
     0     3      898.00      609.00        0.00
     0     3      898.00      601.00        0.00
     0     3      896.00      591.00        0.00
     0     3      896.00      585.00        0.00
     0     3      896.00      579.00        0.00
     0     3      896.00      571.00        0.00
     0     3      894.00      565.00        0.00
     0     3      892.00      557.00        0.00
     0     3      892.00      551.00        0.00
     0     3      892.00      545.00        0.00
     0     3      890.00      539.00        0.00
     0     3      890.00      533.00        0.00
     0     3      890.00      527.00        0.00
     0     3      888.00      521.00        0.00
     0     3      884.00      517.00        0.00
     0     3      878.00      515.00        0.00
     0     3      874.00      511.00        0.00
     0     3      872.00      505.00        0.00
     0     3      870.00      499.00        0.00
     0     3      870.00      493.00        0.00
     0     3      868.00      487.00        0.00
     0     3      864.00      481.00        0.00
     0     3      862.00      475.00        0.00
     0     3      858.00      469.00        0.00
     0     3      858.00      463.00        0.00
     0     3      862.00      455.00        0.00
     0     3      866.00      449.00        0.00
     0     3      866.00      443.00        0.00
     0     3      868.00      437.00        0.00
     0     3      868.00      431.00        0.00
     0     3      864.00      427.00        0.00
     0     3      864.00      421.00        0.00
     0     3      864.00      415.00        0.00
     0     3      868.00      411.00        0.00
     0     3      870.00      405.00        0.00
     0     3      870.00      397.00        0.00
     0     3      872.00      391.00        0.00
     0     3      872.00      385.00        0.00
     0     3      872.00      379.00        0.00
     0     3      872.00      371.00        0.00
     0     3      872.00      365.00        0.00
     0     3      874.00      371.00        0.00
     0     3      874.00      377.00        0.00
     0     3      874.00      385.00        0.00
     0     3      874.00      391.00        0.00
     0     3      876.00      397.00        0.00
     0     3      880.00      401.00        0.00
     0     3      884.00      405.00        0.00
     0     3      888.00      411.00        0.00
     0     3      894.00      415.00        0.00
     0     3      896.00      421.00        0.00
     0     3      900.00      425.00        0.00
     0     3      904.00      431.00        0.00
     0     3      906.00      437.00        0.00
     0     3      906.00      445.00        0.00
     0     3      908.00      451.00        0.00
     0     3      908.00      457.00        0.00
     0     3      910.00      463.00        0.00
     0     3      914.00      469.00        0.00
     0     3      918.00      473.00        0.00
     0     3      922.00      479.00        0.00
     0     3      924.00      485.00        0.00
     0     3      928.00      491.00        0.00
     0     3      932.00      495.00        0.00
     0     3      940.00      501.00        0.00
     0     3      944.00      505.00        0.00
     0     3      950.00      507.00        0.00
     0     3      956.00      507.00        0.00
     0     3      962.00      509.00        0.00
     0     3      970.00      511.00        0.00
     0     3      976.00      511.00        0.00
     0     3      982.00      513.00        0.00
     0     3      988.00      513.00        0.00
     0     3      994.00      513.00        0.00
     0     3     1000.00      517.00        0.00
     0     3     1008.00      521.00        0.00
     0     3     1012.00      525.00        0.00
     0     3     1016.00      529.00        0.00
     0     3     1020.00      533.00        0.00
     0     3     1024.00      537.00        0.00
     0     3     1028.00      541.00        0.00
     0     3     1034.00      547.00        0.00
     0     3     1038.00      551.00        0.00
     0     3     1042.00      555.00        0.00
     0     3     1046.00      559.00        0.00
     0     3     1050.00      565.00        0.00
     0     3     1054.00      569.00        0.00
     0     3     1056.00      575.00        0.00
     0     3     1060.00      579.00        0.00
     0     3     1064.00      583.00        0.00
     0     3     1066.00      591.00        0.00
     0     3     1066.00      597.00        0.00
     0     3     1064.00      603.00        0.00
     0     3     1062.00      609.00        0.00
     0     3     1060.00      615.00        0.00
     0     3     1056.00      621.00        0.00
     0     3     1050.00      623.00        0.00
     0     3     1044.00      623.00        0.00
     0     3     1038.00      623.00        0.00
     0     3     1032.00      621.00        0.00
     0     3     1026.00      619.00        0.00
     0     3     1020.00      617.00        0.00
     0     3     1014.00      615.00        0.00
     0     3     1008.00      611.00        0.00
     0     3     1002.00      609.00        0.00
     0     3      998.00      605.00        0.00
     0     3      992.00      603.00        0.00
     0     3      988.00      599.00        0.00
     0     3      982.00      595.00        0.00
     0     3      976.00      593.00        0.00
     0     3      968.00      591.00        0.00
     0     3      962.00      591.00        0.00
     0     4      712.00      401.00        0.00
     0     4      726.00      407.00        0.00
     0     4      732.00      411.00        0.00
     0     4      738.00      415.00        0.00
     0     4      744.00      419.00        0.00
     0     4      750.00      423.00        0.00
     0     4      756.00      427.00        0.00
     0     4      760.00      431.00        0.00
     0     4      764.00      435.00        0.00
     0     4      768.00      441.00        0.00
     0     4      772.00      447.00        0.00
     0     4      776.00      451.00        0.00
     0     4      782.00      455.00        0.00
     0     4      786.00      459.00        0.00
     0     4      792.00      461.00        0.00
     0     4      798.00      463.00        0.00
     0     4      806.00      465.00        0.00
     0     4      816.00      465.00        0.00
     0     4      824.00      465.00        0.00
     0     4      830.00      465.00        0.00
     0     4      836.00      465.00        0.00
     0     4      842.00      465.00        0.00
     0     4      848.00      465.00        0.00
     0     4      854.00      467.00        0.00
     0     4      860.00      471.00        0.00
     0     4      864.00      475.00        0.00
     0     4      866.00      481.00        0.00
     0     4      866.00      487.00        0.00
     0     4      866.00      493.00        0.00
     0     4      868.00      499.00        0.00
     0     4      868.00      505.00        0.00
     0     4      870.00      511.00        0.00
     0     4      868.00      517.00        0.00
     0     4      864.00      523.00        0.00
     0     4      860.00      529.00        0.00
     0     4      856.00      535.00        0.00
     0     4      856.00      541.00        0.00
     0     4      856.00      547.00        0.00
     0     4      852.00      551.00        0.00
     0     4      850.00      557.00        0.00
     0     4      848.00      565.00        0.00
     0     4      848.00      573.00        0.00
     0     4      844.00      577.00        0.00
     0     4      838.00      579.00        0.00
     0     4      832.00      581.00        0.00
     0     4      824.00      581.00        0.00
     0     4      818.00      581.00        0.00
     0     4      808.00      577.00        0.00
     0     4      802.00      575.00        0.00
     0     4      796.00      573.00        0.00
     0     4      790.00      573.00        0.00
     0     4      786.00      577.00        0.00
     0     4      784.00      583.00        0.00
     0     4      784.00      589.00        0.00
     0     4      784.00      595.00        0.00
     0     4      786.00      601.00        0.00
     0     4      786.00      607.00        0.00
     0     4      780.00      609.00        0.00
     0     4      774.00      607.00        0.00
     0     4      770.00      603.00        0.00
     0     4      764.00      599.00        0.00
     0     4      758.00      595.00        0.00
     0     4      752.00      593.00        0.00
     0     4      748.00      589.00        0.00
     0     4      742.00      587.00        0.00
     0     4      738.00      583.00        0.00
     0     4      734.00      579.00        0.00
     0     4      730.00      573.00        0.00
     0     4      726.00      567.00        0.00
     0     4      724.00      559.00        0.00
     0     4      722.00      551.00        0.00
     0     4      722.00      545.00        0.00
     0     4      722.00      539.00        0.00
     0     4      720.00      533.00        0.00
     0     4      716.00      527.00        0.00
     0     4      714.00      521.00        0.00
     0     4      710.00      517.00        0.00
     0     4      708.00      511.00        0.00
     0     4      704.00      505.00        0.00
     0     4      700.00      501.00        0.00
     0     4      698.00      495.00        0.00
     0     4      696.00      489.00        0.00
     0     4      694.00      481.00        0.00
     0     4      692.00      475.00        0.00
     0     4      692.00      467.00        0.00
     0     4      690.00      459.00        0.00
     0     4      688.00      451.00        0.00
     0     4      686.00      445.00        0.00
     0     4      684.00      437.00        0.00
     0     4      682.00      431.00        0.00
     0     4      682.00      425.00        0.00
     0     4      682.00      419.00        0.00
     0     4      682.00      413.00        0.00
     0     4      682.00      407.00        0.00
     0     4      682.00      401.00        0.00
     0     4      682.00      395.00        0.00
     0     5      678.00      413.00        0.00
     0     5      670.00      411.00        0.00
     0     5      664.00      409.00        0.00
     0     5      660.00      405.00        0.00
     0     5      654.00      403.00        0.00
     0     5      644.00      399.00        0.00
     0     5      638.00      397.00        0.00
     0     5      632.00      395.00        0.00
     0     5      624.00      393.00        0.00
     0     5      620.00      389.00        0.00
     0     5      612.00      387.00        0.00
     0     5      608.00      383.00        0.00
     0     5      602.00      379.00        0.00
     0     5      596.00      377.00        0.00
     0     5      590.00      373.00        0.00
     0     5      584.00      369.00        0.00
     0     5      578.00      369.00        0.00
     0     5      570.00      369.00        0.00
     0     5      564.00      369.00        0.00
     0     5      558.00      369.00        0.00
     0     5      552.00      369.00        0.00
     0     5      546.00      369.00        0.00
     0     5      540.00      369.00        0.00
     0     5      534.00      369.00        0.00
     0     5      528.00      369.00        0.00
     0     5      520.00      371.00        0.00
     0     5      512.00      373.00        0.00
     0     5      506.00      373.00        0.00
     0     5      500.00      375.00        0.00
     0     5      494.00      375.00        0.00
     0     5      486.00      377.00        0.00
     0     5      480.00      379.00        0.00
     0     5      472.00      383.00        0.00
     0     5      466.00      385.00        0.00
     0     5      460.00      389.00        0.00
     0     5      454.00      391.00        0.00
     0     5      448.00      393.00        0.00
     0     5      444.00      397.00        0.00
     0     5      438.00      399.00        0.00
     0     5      432.00      401.00        0.00
     0     5      426.00      401.00        0.00
     0     5      422.00      397.00        0.00
     0     5      418.00      393.00        0.00
     0     5      414.00      389.00        0.00
     0     5      412.00      383.00        0.00
     0     5      408.00      379.00        0.00
     0     5      404.00      375.00        0.00
     0     5      400.00      371.00        0.00
     0     5      396.00      367.00        0.00
     0     5      390.00      363.00        0.00
     0     5      384.00      361.00        0.00
     0     5      376.00      357.00        0.00
     0     5      372.00      353.00        0.00
     0     5      366.00      349.00        0.00
     0     5      362.00      343.00        0.00
     0     5      358.00      339.00        0.00
     0     5      354.00      333.00        0.00
     0     5      350.00      327.00        0.00
     0     5      346.00      321.00        0.00
     0     5      342.00      315.00        0.00
     0     5      338.00      311.00        0.00
     0     5      336.00      305.00        0.00
     0     5      342.00      301.00        0.00
     0     5      350.00      301.00        0.00
     0     5      356.00      301.00        0.00
     0     5      362.00      303.00        0.00
     0     5      368.00      301.00        0.00
     0     5      372.00      297.00        0.00
     0     5      378.00      293.00        0.00
     0     5      382.00      289.00        0.00
     0     5      386.00      285.00        0.00
     0     5      394.00      281.00        0.00
     0     5      400.00      277.00        0.00
     0     5      406.00      275.00        0.00
     0     5      412.00      273.00        0.00
     0     5      416.00      269.00        0.00
     0     5      422.00      267.00        0.00
     0     5      428.00      269.00        0.00
     0     5      434.00      273.00        0.00
     0     5      438.00      279.00        0.00
     0     5      444.00      283.00        0.00
     0     5      448.00      289.00        0.00
     0     5      454.00      291.00        0.00
     0     5      458.00      295.00        0.00
     0     5      466.00      297.00        0.00
     0     5      472.00      301.00        0.00
     0     5      480.00      301.00        0.00
     0     5      486.00      301.00        0.00
     0     5      492.00      301.00        0.00
     0     5      498.00      301.00        0.00
     0     5      506.00      301.00        0.00
     0     5      514.00      301.00        0.00
     0     5      520.00      301.00        0.00
     0     5      526.00      301.00        0.00
     0     5      532.00      299.00        0.00
     0     5      538.00      297.00        0.00
     0     5      544.00      297.00        0.00
     0     5      548.00      293.00        0.00
     0     5      552.00      289.00        0.00
     0     5      558.00      285.00        0.00
     0     5      562.00      281.00        0.00
     0     5      568.00      275.00        0.00
     0     5      574.00      269.00        0.00
     0     5      580.00      263.00        0.00
     0     5      586.00      257.00        0.00
     0     5      590.00      253.00        0.00
     0     5      596.00      247.00        0.00
     0     5      602.00      243.00        0.00
     0     5      604.00      237.00        0.00
     0     5      608.00      233.00        0.00
     0     5      612.00      227.00        0.00
     0     5      616.00      223.00        0.00
     0     5      620.00      219.00        0.00
     0     5      624.00      213.00        0.00
     0     5      626.00      207.00        0.00
     0     5      630.00      203.00        0.00
     0     5      624.00      209.00        0.00
     0     5      620.00      215.00        0.00
     0     5      618.00      221.00        0.00
     0     5      612.00      225.00        0.00
     0     5      610.00      231.00        0.00
     0     5      606.00      237.00        0.00
     0     5      602.00      241.00        0.00
     0     5      598.00      247.00        0.00
     0     5      594.00      253.00        0.00
     0     5      590.00      257.00        0.00
     0     5      586.00      265.00        0.00
     0     5      584.00      271.00        0.00
     0     5      582.00      277.00        0.00
     0     5      580.00      283.00        0.00
     0     5      580.00      289.00        0.00
     0     5      576.00      293.00        0.00
     0     5      574.00      299.00        0.00
     0     5      572.00      305.00        0.00
     0     5      572.00      311.00        0.00
     0     5      572.00      319.00        0.00
     0     5      572.00      325.00        0.00
     0     5      576.00      331.00        0.00
     0     5      578.00      337.00        0.00
     0     5      582.00      341.00        0.00
     0     5      584.00      347.00        0.00
     0     5      584.00      353.00        0.00
     0     5      584.00      359.00        0.00
     0     5      584.00      365.00        0.00
     0     5      588.00      369.00        0.00
     0     6      664.00      607.00        0.00
     0     6      650.00      597.00        0.00
     0     6      646.00      593.00        0.00
     0     6      636.00      589.00        0.00
     0     6      632.00      583.00        0.00
     0     6      626.00      579.00        0.00
     0     6      620.00      575.00        0.00
     0     6      614.00      571.00        0.00
     0     6      608.00      563.00        0.00
     0     6      604.00      559.00        0.00
     0     6      598.00      551.00        0.00
     0     6      594.00      547.00        0.00
     0     6      590.00      539.00        0.00
     0     6      586.00      533.00        0.00
     0     6      582.00      529.00        0.00
     0     6      576.00      523.00        0.00
     0     6      572.00      517.00        0.00
     0     6      568.00      511.00        0.00
     0     6      562.00      505.00        0.00
     0     6      558.00      499.00        0.00
     0     6      552.00      495.00        0.00
     0     6      548.00      489.00        0.00
     0     6      542.00      485.00        0.00
     0     6      538.00      481.00        0.00
     0     6      532.00      477.00        0.00
     0     6      526.00      473.00        0.00
     0     6      520.00      467.00        0.00
     0     6      512.00      463.00        0.00
     0     6      504.00      457.00        0.00
     0     6      498.00      453.00        0.00
     0     6      494.00      449.00        0.00
     0     6      488.00      445.00        0.00
     0     6      482.00      441.00        0.00
     0     6      474.00      435.00        0.00
     0     6      470.00      431.00        0.00
     0     6      464.00      425.00        0.00
     0     6      456.00      419.00        0.00
     0     6      452.00      413.00        0.00
     0     6      448.00      409.00        0.00
     0     6      446.00      403.00        0.00
     0     6      442.00      397.00        0.00
     0     6      440.00      391.00        0.00
     0     6      436.00      387.00        0.00
     0     6      432.00      383.00        0.00
     0     6      428.00      379.00        0.00
     0     6      424.00      375.00        0.00
     0     6      418.00      373.00        0.00
     0     6      412.00      371.00        0.00
     0     6      406.00      369.00        0.00
     0     6      400.00      367.00        0.00
     0     6      394.00      365.00        0.00
     0     6      386.00      363.00        0.00
     0     6      378.00      361.00        0.00
     0     6      372.00      359.00        0.00
     0     6      366.00      357.00        0.00
     0     6      356.00      353.00        0.00
     0     6      348.00      351.00        0.00
     0     6      342.00      349.00        0.00
     0     6      336.00      347.00        0.00
     0     6      328.00      345.00        0.00
     0     6      320.00      345.00        0.00
     0     6      314.00      345.00        0.00
     0     6      308.00      345.00        0.00
     0     6      302.00      345.00        0.00
     0     6      294.00      347.00        0.00
     0     6      288.00      349.00        0.00
     0     6      282.00      351.00        0.00
     0     6      274.00      353.00        0.00
     0     6      268.00      355.00        0.00
     0     6      262.00      357.00        0.00
     0     6      254.00      359.00        0.00
     0     6      246.00      361.00        0.00
     0     6      242.00      365.00        0.00
     0     6      236.00      367.00        0.00
     0     6      230.00      369.00        0.00
     0     6      226.00      373.00        0.00
     0     6      222.00      377.00        0.00
     0     6      218.00      381.00        0.00
     0     6      216.00      387.00        0.00
     0     6      212.00      393.00        0.00
     0     6      210.00      401.00        0.00
     0     6      206.00      409.00        0.00
     0     6      204.00      415.00        0.00
     0     6      202.00      421.00        0.00
     0     6      198.00      427.00        0.00
     0     6      196.00      435.00        0.00
     0     6      192.00      439.00        0.00
     0     6      188.00      443.00        0.00
     0     6      182.00      451.00        0.00
     0     6      176.00      453.00        0.00
     0     6      172.00      457.00        0.00
     0     6      168.00      461.00        0.00
     0     6      162.00      463.00        0.00
     0     6      156.00      465.00        0.00
     0     6      150.00      465.00        0.00
     0     6      144.00      461.00        0.00
     0     6      140.00      455.00        0.00
     0     6      140.00      449.00        0.00
     0     6      138.00      443.00        0.00
     0     6      136.00      437.00        0.00
     0     6      138.00      429.00        0.00
     0     6      142.00      423.00        0.00
     0     6      144.00      417.00        0.00
     0     6      148.00      409.00        0.00
     0     6      152.00      403.00        0.00
     0     6      156.00      393.00        0.00
     0     6      158.00      385.00        0.00
     0     6      160.00      377.00        0.00
     0     6      162.00      369.00        0.00
     0     6      162.00      361.00        0.00
     0     6      162.00      349.00        0.00
     0     6      162.00      341.00        0.00
     0     6      164.00      333.00        0.00
     0     6      164.00      325.00        0.00
     0     6      164.00      319.00        0.00
     0     6      164.00      313.00        0.00
     0     6      164.00      307.00        0.00
     0     6      164.00      301.00        0.00
     0     6      160.00      297.00        0.00
     0     6      156.00      293.00        0.00
     0     6      152.00      289.00        0.00
     0     6      148.00      285.00        0.00
     0     6      142.00      281.00        0.00
     0     6      138.00      277.00        0.00
     0     6      132.00      273.00        0.00
     0     6      128.00      267.00        0.00
     0     6      128.00      261.00        0.00
     0     6      134.00      257.00        0.00
     0     6      140.00      255.00        0.00
     0     6      146.00      253.00        0.00
     0     6      152.00      253.00        0.00
     0     6      158.00      251.00        0.00
     0     6      166.00      249.00        0.00
     0     6      172.00      247.00        0.00
     0     6      178.00      245.00        0.00
     0     6      184.00      243.00        0.00
     0     6      190.00      243.00        0.00
     0     6      198.00      241.00        0.00
     0     6      204.00      241.00        0.00
     0     6      210.00      241.00        0.00
     0     6      216.00      239.00        0.00
     0     6      222.00      239.00        0.00
     0     6      228.00      243.00        0.00
     0     6      236.00      247.00        0.00
     0     6      244.00      249.00        0.00
     0     6      250.00      251.00        0.00
     0     6      256.00      253.00        0.00
     0     6      262.00      253.00        0.00
     0     6      268.00      253.00        0.00
     0     6      274.00      253.00        0.00
     0     6      280.00      251.00        0.00
     0     6      286.00      249.00        0.00
     0     6      292.00      245.00        0.00
     0     6      300.00      241.00        0.00
     0     6      306.00      237.00        0.00
     0     6      314.00      233.00        0.00
     0     6      318.00      227.00        0.00
     0     6      322.00      223.00        0.00
     0     6      326.00      219.00        0.00
     0     6      330.00      215.00        0.00
     0     6      334.00      211.00        0.00
     0     6      340.00      207.00        0.00
     0     6      344.00      203.00        0.00
     0     6      348.00      199.00        0.00
     0     6      352.00      195.00        0.00
     0     6      356.00      191.00        0.00
     0     6      360.00      187.00        0.00
     0     6      362.00      181.00        0.00
     0     6      366.00      175.00        0.00
     0     6      368.00      169.00        0.00
     0     6      372.00      163.00        0.00
     0     6      372.00      157.00        0.00
     0     6      376.00      151.00        0.00
     0     6      378.00      143.00        0.00
     0     6      380.00      137.00        0.00
     0     6      382.00      131.00        0.00
     0     6      382.00      121.00        0.00
     0     6      384.00      113.00        0.00
     0     6      386.00      107.00        0.00
     0     6      386.00       99.00        0.00
     0     6      384.00       89.00        0.00
     0     6      384.00       79.00        0.00
     0     6      384.00       73.00        0.00
     0     6      380.00       61.00        0.00
     0     6      380.00       55.00        0.00
     0     6      378.00       47.00        0.00
     0     6      376.00       53.00        0.00
     0     6      378.00       59.00        0.00
     0     6      380.00       67.00        0.00
     0     6      382.00       73.00        0.00
     0     6      382.00       79.00        0.00
     0     6      382.00       85.00        0.00
     0     6      382.00       91.00        0.00
     0     6      382.00       99.00        0.00
     0     6      382.00      105.00        0.00
     0     6      382.00      111.00        0.00
     0     6      382.00      117.00        0.00
     0     6      382.00      123.00        0.00
     0     6      382.00      129.00        0.00
     0     6      382.00      135.00        0.00
     0     6      382.00      141.00        0.00
     0     6      380.00      147.00        0.00
     0     6      378.00      153.00        0.00
     0     6      376.00      159.00        0.00
     0     6      374.00      165.00        0.00
     0     6      372.00      171.00        0.00
     0     6      368.00      177.00        0.00
     0     6      364.00      183.00        0.00
     0     6      362.00      189.00        0.00
     0     6      358.00      193.00        0.00
     0     6      356.00      201.00        0.00
     0     6      352.00      205.00        0.00
     0     6      348.00      211.00        0.00
     0     6      344.00      219.00        0.00
     0     6      344.00      225.00        0.00
     0     6      340.00      231.00        0.00
     0     6      338.00      237.00        0.00
     0     6      334.00      243.00        0.00
     0     6      330.00      251.00        0.00
     0     6      324.00      253.00        0.00
     0     6      320.00      259.00        0.00
     0     6      316.00      263.00        0.00
     0     6      312.00      267.00        0.00
     0     6      308.00      271.00        0.00
     0     6      304.00      275.00        0.00
     0     6      300.00      279.00        0.00
     0     6      296.00      283.00        0.00
     0     6      292.00      287.00        0.00
     0     6      288.00      291.00        0.00
     0     6      284.00      297.00        0.00
     0     6      284.00      303.00        0.00
     0     6      290.00      303.00        0.00
     0     6      298.00      307.00        0.00
     0     6      304.00      307.00        0.00
     0     6      314.00      307.00        0.00
     0     6      320.00      307.00        0.00
     0     6      328.00      307.00        0.00
     0     6      334.00      309.00        0.00
     0     6      340.00      309.00        0.00
     0     6      346.00      311.00        0.00
     0     6      352.00      313.00        0.00
     0     6      356.00      317.00        0.00
     0     6      360.00      321.00        0.00
     0     6      366.00      323.00        0.00
     0     6      370.00      327.00        0.00
     0     6      374.00      333.00        0.00
     0     6      378.00      337.00        0.00
     0     6      372.00      335.00        0.00
     0     6      368.00      331.00        0.00
     0     6      360.00      329.00        0.00
     0     6      354.00      327.00        0.00
     0     6      348.00      325.00        0.00
     0     6      342.00      323.00        0.00
     0     6      336.00      319.00        0.00
     0     6      330.00      317.00        0.00
     0     6      324.00      317.00        0.00
     0     6      318.00      317.00        0.00
     0     6      312.00      317.00        0.00
     0     6      306.00      321.00        0.00
     0     6      300.00      325.00        0.00
     0     6      300.00      331.00        0.00
     0     6      300.00      337.00        0.00
     0     6      302.00      343.00        0.00
     0     6      308.00      343.00        0.00
     0     6      314.00      345.00        0.00
     0     6      320.00      345.00        0.00
     0     6      326.00      347.00        0.00
     0     6      332.00      347.00        0.00
     0     6      340.00      349.00        0.00
     0     6      348.00      349.00        0.00
     0     6      354.00      349.00        0.00
     0     6      360.00      351.00        0.00
     0     6      366.00      353.00        0.00
     0     6      372.00      353.00        0.00
     0     6      380.00      355.00        0.00
     0     6      386.00      357.00        0.00
     0     6      390.00      361.00        0.00
     0     6      396.00      363.00        0.00
     0     6      402.00      365.00        0.00
     0     6      408.00      367.00        0.00
     0     6      414.00      369.00        0.00
     0     6      418.00      373.00        0.00
     0     6      424.00      375.00        0.00
     0     6      428.00      379.00        0.00
     0     6      432.00      383.00        0.00
     0     6      436.00      387.00        0.00
     0     6      438.00      393.00        0.00
     0     6      442.00      397.00        0.00
     0     6      446.00      403.00        0.00
     0     6      452.00      407.00        0.00
     0     6      456.00      411.00        0.00
     0     6      460.00      415.00        0.00
     0     6      464.00      419.00        0.00
     0     6      470.00      423.00        0.00
     0     6      474.00      429.00        0.00
     0     6      480.00      431.00        0.00
     0     6      484.00      435.00        0.00
     0     6      488.00      439.00        0.00
     0     6      494.00      443.00        0.00
     0     6      500.00      447.00        0.00
     0     6      504.00      451.00        0.00
     0     6      510.00      453.00        0.00
     0     6      514.00      457.00        0.00
     0     6      518.00      461.00        0.00
     0     6      522.00      465.00        0.00
     0     6      528.00      469.00        0.00
     0     6      532.00      473.00        0.00
     0     6      538.00      477.00        0.00
     0     6      542.00      481.00        0.00
     0     6      546.00      487.00        0.00
     0     6      552.00      491.00        0.00
     0     6      556.00      495.00        0.00
     0     6      560.00      499.00        0.00
     0     6      564.00      503.00        0.00
     0     6      568.00      507.00        0.00
     0     6      572.00      511.00        0.00
     0     6      576.00      517.00        0.00
     0     6      580.00      523.00        0.00
     0     6      582.00      529.00        0.00
     0     6      586.00      533.00        0.00
     0     6      588.00      539.00        0.00
     0     6      592.00      543.00        0.00
     0     6      596.00      547.00        0.00
     0     6      600.00      553.00        0.00
     0     6      604.00      559.00        0.00
     0     6      606.00      565.00        0.00
     0     6      610.00      571.00        0.00
     0     6      618.00      575.00        0.00
     0     6      624.00      577.00        0.00
     0     6      630.00      579.00        0.00
     0     7     1692.00      867.00        0.00
     0     7     1674.00      873.00        0.00
     0     7     1666.00      873.00        0.00
     0     7     1658.00      875.00        0.00
     0     7     1648.00      877.00        0.00
     0     7     1642.00      879.00        0.00
     0     7     1636.00      881.00        0.00
     0     7     1630.00      883.00        0.00
     0     7     1624.00      887.00        0.00
     0     7     1618.00      889.00        0.00
     0     7     1612.00      891.00        0.00
     0     7     1606.00      895.00        0.00
     0     7     1600.00      899.00        0.00
     0     7     1594.00      901.00        0.00
     0     7     1588.00      903.00        0.00
     0     7     1582.00      905.00        0.00
     0     7     1572.00      907.00        0.00
     0     7     1566.00      911.00        0.00
     0     7     1556.00      911.00        0.00
     0     7     1548.00      913.00        0.00
     0     7     1542.00      913.00        0.00
     0     7     1534.00      913.00        0.00
     0     7     1528.00      913.00        0.00
     0     7     1522.00      913.00        0.00
     0     7     1516.00      913.00        0.00
     0     7     1512.00      907.00        0.00
     0     7     1510.00      901.00        0.00
     0     7     1514.00      893.00        0.00
     0     7     1516.00      885.00        0.00
     0     7     1516.00      879.00        0.00
     0     7     1518.00      873.00        0.00
     0     7     1522.00      867.00        0.00
     0     7     1526.00      857.00        0.00
     0     7     1530.00      849.00        0.00
     0     7     1532.00      841.00        0.00
     0     7     1536.00      835.00        0.00
     0     7     1540.00      831.00        0.00
     0     7     1540.00      825.00        0.00
     0     7     1542.00      819.00        0.00
     0     7     1546.00      813.00        0.00
     0     7     1550.00      807.00        0.00
     0     7     1552.00      801.00        0.00
     0     7     1556.00      797.00        0.00
     0     7     1560.00      791.00        0.00
     0     7     1564.00      787.00        0.00
     0     7     1568.00      781.00        0.00
     0     7     1572.00      775.00        0.00
     0     7     1578.00      773.00        0.00
     0     7     1582.00      769.00        0.00
     0     7     1588.00      767.00        0.00
     0     7     1594.00      765.00        0.00
     0     7     1600.00      765.00        0.00
     0     7     1606.00      765.00        0.00
     0     7     1612.00      765.00        0.00
     0     7     1618.00      765.00        0.00
     0     7     1624.00      767.00        0.00
     0     7     1630.00      769.00        0.00
     0     7     1636.00      771.00        0.00
     0     7     1642.00      773.00        0.00
     0     7     1648.00      773.00        0.00
     0     7     1656.00      775.00        0.00
     0     7     1662.00      775.00        0.00
     0     7     1668.00      777.00        0.00
     0     7     1674.00      779.00        0.00
     0     7     1680.00      781.00        0.00
     0     7     1684.00      785.00        0.00
     0     7     1690.00      787.00        0.00
     0     7     1696.00      791.00        0.00
     0     7     1700.00      797.00        0.00
     0     7     1704.00      803.00        0.00
     0     7     1708.00      809.00        0.00
     0     7     1712.00      815.00        0.00
     0     7     1714.00      821.00        0.00
     0     7     1720.00      825.00        0.00
     0     7     1724.00      829.00        0.00
     0     7     1728.00      833.00        0.00
     0     7     1732.00      837.00        0.00
     0     7     1728.00      841.00        0.00
     0     7     1720.00      841.00        0.00
     0     7     1714.00      841.00        0.00
     0     7     1708.00      843.00        0.00
     0     7     1704.00      849.00        0.00
     0     8     1724.00      871.00        0.00
     0     8     1740.00      883.00        0.00
     0     8     1742.00      889.00        0.00
     0     8     1744.00      897.00        0.00
     0     8     1744.00      903.00        0.00
     0     8     1744.00      909.00        0.00
     0     8     1744.00      917.00        0.00
     0     8     1744.00      923.00        0.00
     0     8     1742.00      929.00        0.00
     0     8     1740.00      935.00        0.00
     0     8     1734.00      939.00        0.00
     0     8     1728.00      941.00        0.00
     0     8     1722.00      943.00        0.00
     0     8     1714.00      943.00        0.00
     0     8     1708.00      945.00        0.00
     0     8     1702.00      949.00        0.00
     0     8     1696.00      951.00        0.00
     0     8     1692.00      957.00        0.00
     0     8     1686.00      961.00        0.00
     0     8     1682.00      965.00        0.00
     0     8     1676.00      969.00        0.00
     0     8     1670.00      973.00        0.00
     0     8     1662.00      977.00        0.00
     0     8     1656.00      981.00        0.00
     0     8     1648.00      985.00        0.00
     0     8     1644.00      989.00        0.00
     0     8     1638.00      991.00        0.00
     0     8     1632.00      997.00        0.00
     0     8     1624.00     1001.00        0.00
     0     8     1620.00     1005.00        0.00
     0     8     1616.00     1009.00        0.00
     0     8     1608.00     1011.00        0.00
     0     8     1602.00     1013.00        0.00
     0     8     1596.00     1015.00        0.00
     0     8     1590.00     1015.00        0.00
     0     8     1584.00     1015.00        0.00
     0     8     1576.00     1015.00        0.00
     0     8     1570.00     1013.00        0.00
     0     8     1566.00     1009.00        0.00
     0     8     1562.00     1003.00        0.00
     0     8     1560.00      995.00        0.00
     0     8     1560.00      987.00        0.00
     0     8     1560.00      981.00        0.00
     0     8     1560.00      973.00        0.00
     0     8     1562.00      967.00        0.00
     0     8     1564.00      959.00        0.00
     0     8     1566.00      949.00        0.00
     0     8     1568.00      943.00        0.00
     0     8     1570.00      937.00        0.00
     0     8     1574.00      929.00        0.00
     0     8     1578.00      925.00        0.00
     0     8     1586.00      921.00        0.00
     0     8     1592.00      921.00        0.00
     0     8     1598.00      921.00        0.00
     0     8     1606.00      923.00        0.00
     0     8     1612.00      923.00        0.00
     0     8     1618.00      925.00        0.00
     0     8     1624.00      925.00        0.00
     0     8     1630.00      925.00        0.00
     0     8     1636.00      923.00        0.00
     0     8     1642.00      921.00        0.00
     0     8     1648.00      917.00        0.00
     0     8     1654.00      915.00        0.00
     0     8     1658.00      911.00        0.00
     0     8     1662.00      905.00        0.00
     0     8     1664.00      899.00        0.00
     0     8     1666.00      893.00        0.00
     0     8     1670.00      889.00        0.00
     0     8     1676.00      885.00        0.00
     0     8     1680.00      881.00        0.00
     0     8     1686.00      877.00        0.00
     0     8     1690.00      873.00        0.00
     0     8     1696.00      869.00        0.00
     0     8     1696.00      863.00        0.00
     0     9     1492.00      333.00        0.00
     0     9     1474.00      347.00        0.00
     0     9     1468.00      353.00        0.00
     0     9     1464.00      357.00        0.00
     0     9     1456.00      363.00        0.00
     0     9     1452.00      369.00        0.00
     0     9     1444.00      373.00        0.00
     0     9     1440.00      377.00        0.00
     0     9     1434.00      381.00        0.00
     0     9     1428.00      383.00        0.00
     0     9     1424.00      387.00        0.00
     0     9     1418.00      391.00        0.00
     0     9     1412.00      393.00        0.00
     0     9     1406.00      397.00        0.00
     0     9     1400.00      401.00        0.00
     0     9     1392.00      405.00        0.00
     0     9     1386.00      409.00        0.00
     0     9     1380.00      411.00        0.00
     0     9     1374.00      415.00        0.00
     0     9     1366.00      419.00        0.00
     0     9     1360.00      423.00        0.00
     0     9     1354.00      427.00        0.00
     0     9     1348.00      429.00        0.00
     0     9     1342.00      431.00        0.00
     0     9     1336.00      433.00        0.00
     0     9     1330.00      433.00        0.00
     0     9     1326.00      429.00        0.00
     0     9     1322.00      423.00        0.00
     0     9     1322.00      415.00        0.00
     0     9     1322.00      409.00        0.00
     0     9     1322.00      403.00        0.00
     0     9     1322.00      397.00        0.00
     0     9     1320.00      389.00        0.00
     0     9     1320.00      383.00        0.00
     0     9     1320.00      375.00        0.00
     0     9     1324.00      371.00        0.00
     0     9     1328.00      363.00        0.00
     0     9     1332.00      359.00        0.00
     0     9     1338.00      353.00        0.00
     0     9     1342.00      349.00        0.00
     0     9     1346.00      345.00        0.00
     0     9     1350.00      341.00        0.00
     0     9     1354.00      337.00        0.00
     0     9     1360.00      335.00        0.00
     0     9     1364.00      329.00        0.00
     0     9     1370.00      325.00        0.00
     0     9     1376.00      321.00        0.00
     0     9     1380.00      317.00        0.00
     0     9     1384.00      313.00        0.00
     0     9     1390.00      311.00        0.00
     0     9     1396.00      309.00        0.00
     0     9     1402.00      307.00        0.00
     0     9     1408.00      307.00        0.00
     0     9     1414.00      305.00        0.00
     0     9     1420.00      303.00        0.00
     0     9     1426.00      301.00        0.00
     0     9     1432.00      299.00        0.00
     0     9     1438.00      297.00        0.00
     0     9     1444.00      295.00        0.00
     0     9     1450.00      295.00        0.00
     0     9     1456.00      295.00        0.00
     0     9     1464.00      297.00        0.00
     0     9     1470.00      299.00        0.00
     0     9     1476.00      301.00        0.00
     0     9     1484.00      305.00        0.00
     0     9     1490.00      309.00        0.00
     0     9     1496.00      311.00        0.00
     0     9     1502.00      313.00        0.00
     0     9     1508.00      313.00        0.00
     0     9     1516.00      313.00        0.00
     0     9     1522.00      313.00        0.00
     0     9     1528.00      313.00        0.00
     0     9     1534.00      313.00        0.00
     0     9     1540.00      313.00        0.00
     0     9     1546.00      309.00        0.00
     0     9     1552.00      309.00        0.00
     0     9     1558.00      307.00        0.00
     0     9     1564.00      305.00        0.00
     0     9     1570.00      303.00        0.00
     0     9     1576.00      303.00        0.00
     0     9     1582.00      301.00        0.00
     0     9     1588.00      301.00        0.00
     0     9     1594.00      301.00        0.00
     0     9     1602.00      301.00        0.00
     0     9     1608.00      301.00        0.00
     0     9     1602.00      305.00        0.00
     0     9     1596.00      307.00        0.00
     0     9     1590.00      309.00        0.00
     0     9     1586.00      313.00        0.00
     0     9     1582.00      317.00        0.00
     0     9     1576.00      321.00        0.00
     0     9     1570.00      321.00        0.00
     0     9     1564.00      321.00        0.00
     0     9     1558.00      321.00        0.00
     0     9     1552.00      319.00        0.00
     0     9     1546.00      319.00        0.00
     0     9     1540.00      319.00        0.00
     0     9     1534.00      319.00        0.00
     0     9     1528.00      319.00        0.00
     0     9     1522.00      319.00        0.00
     0     9     1516.00      319.00        0.00
     0    10      364.00      215.00        0.00
     0    10      378.00      217.00        0.00
     0    10      386.00      217.00        0.00
     0    10      394.00      217.00        0.00
     0    10      404.00      219.00        0.00
     0    10      410.00      219.00        0.00
     0    10      416.00      219.00        0.00
     0    10      422.00      219.00        0.00
     0    10      428.00      219.00        0.00
     0    10      434.00      219.00        0.00
     0    10      440.00      219.00        0.00
     0    10      448.00      219.00        0.00
     0    10      454.00      219.00        0.00
     0    10      460.00      219.00        0.00
     0    10      468.00      221.00        0.00
     0    10      474.00      221.00        0.00
     0    10      480.00      221.00        0.00
     0    10      486.00      221.00        0.00
     0    10      492.00      221.00        0.00
     0    10      498.00      221.00        0.00
     0    10      504.00      221.00        0.00
     0    10      516.00      221.00        0.00
     0    10      524.00      219.00        0.00
     0    10      530.00      217.00        0.00
     0    10      538.00      217.00        0.00
     0    10      546.00      215.00        0.00
     0    10      552.00      213.00        0.00
     0    10      558.00      213.00        0.00
     0    10      564.00      209.00        0.00
     0    10      570.00      209.00        0.00
     0    10      576.00      207.00        0.00
     0    10      584.00      205.00        0.00
     0    10      590.00      203.00        0.00
     0    10      598.00      201.00        0.00
     0    10      604.00      199.00        0.00
     0    10      610.00      199.00        0.00
     0    10      616.00      199.00        0.00
     0    10      626.00      199.00        0.00
     0    10      632.00      199.00        0.00
     0    10      640.00      197.00        0.00
     0    10      646.00      195.00        0.00
     0    10      652.00      193.00        0.00
     0    10      658.00      189.00        0.00
     0    10      664.00      187.00        0.00
     0    10      670.00      185.00        0.00
     0    10      680.00      181.00        0.00
     0    10      686.00      177.00        0.00
     0    10      694.00      173.00        0.00
     0    10      700.00      171.00        0.00
     0    10      708.00      169.00        0.00
     0    10      714.00      167.00        0.00
     0    10      720.00      165.00        0.00
     0    10      732.00      163.00        0.00
     0    10      738.00      161.00        0.00
     0    10      746.00      161.00        0.00
     0    10      754.00      163.00        0.00
     0    10      764.00      163.00        0.00
     0    10      772.00      161.00        0.00
     0    10      780.00      161.00        0.00
     0    10      786.00      161.00        0.00
     0    10      792.00      161.00        0.00
     0    10      800.00      165.00        0.00
     0    10      804.00      171.00        0.00
     0    10      808.00      175.00        0.00
     0    10      812.00      179.00        0.00
     0    10      814.00      185.00        0.00
     0    10      820.00      191.00        0.00
     0    10      822.00      197.00        0.00
     0    10      828.00      197.00        0.00
     0    10      832.00      193.00        0.00
     0    10      842.00      191.00        0.00
     0    10      850.00      187.00        0.00
     0    10      856.00      185.00        0.00
     0    10      858.00      179.00        0.00
     0    10      852.00      173.00        0.00
     0    10      848.00      167.00        0.00
     0    10      844.00      163.00        0.00
     0    10      842.00      157.00        0.00
     0    10      840.00      149.00        0.00
     0    10      838.00      143.00        0.00
     0    10      840.00      137.00        0.00
     0    10      844.00      133.00        0.00
     0    10      856.00      131.00        0.00
     0    10      868.00      129.00        0.00
     0    10      874.00      127.00        0.00
     0    10      870.00      121.00        0.00
     0    10      864.00      117.00        0.00
     0    10      860.00      113.00        0.00
     0    10      856.00      109.00        0.00
     0    10      850.00      105.00        0.00
     0    10      844.00      101.00        0.00
     0    10      838.00       99.00        0.00
     0    10      832.00       97.00        0.00
     0    10      824.00       95.00        0.00
     0    10      816.00       95.00        0.00
     0    10      808.00       93.00        0.00
     0    10      802.00       93.00        0.00
     0    10      796.00       93.00        0.00
     0    10      790.00       91.00        0.00
     0    10      784.00       91.00        0.00
     0    10      778.00       91.00        0.00
     0    10      772.00       93.00        0.00
     0    10      766.00       95.00        0.00
     0    10      760.00       97.00        0.00
     0    10      756.00      101.00        0.00
     0    10      750.00      103.00        0.00
     0    10      744.00      107.00        0.00
     0    10      738.00      109.00        0.00
     0    10      732.00      111.00        0.00
     0    10      726.00      113.00        0.00
     0    10      722.00      117.00        0.00
     0    10      716.00      121.00        0.00
     0    10      710.00      123.00        0.00
     0    10      706.00      127.00        0.00
     0    10      702.00      131.00        0.00
     0    10      698.00      135.00        0.00
     0    10      690.00      137.00        0.00
     0    10      686.00      141.00        0.00
     0    10      684.00      147.00        0.00
     0    10      684.00      153.00        0.00
     0    10      684.00      159.00        0.00
     0    10      684.00      165.00        0.00
     0    10      680.00      169.00        0.00
     0    10      676.00      173.00        0.00
     0    10      672.00      177.00        0.00
     0    10      668.00      181.00        0.00
     0    10      662.00      185.00        0.00
     0    10      656.00      187.00        0.00
     0    10      650.00      189.00        0.00
     0    10      644.00      189.00        0.00
     0    10      638.00      191.00        0.00
     0    10      630.00      193.00        0.00
     0    10      624.00      193.00        0.00
     0    10      618.00      195.00        0.00
     0    10      612.00      195.00        0.00
     0    10      604.00      197.00        0.00
     0    10      598.00      199.00        0.00
     0    10      592.00      201.00        0.00
     0    10      586.00      201.00        0.00
     0    10      582.00      205.00        0.00
     0    10      574.00      205.00        0.00
     0    10      568.00      207.00        0.00
     0    10      562.00      207.00        0.00
     0    10      556.00      209.00        0.00
     0    10      550.00      209.00        0.00
     0    10      544.00      209.00        0.00
     0    10      538.00      211.00        0.00
     0    10      532.00      211.00        0.00
     0    10      526.00      213.00        0.00
     0    10      520.00      213.00        0.00
     0    10      514.00      215.00        0.00
     0    10      508.00      215.00        0.00
     0    10      502.00      215.00        0.00
     0    10      496.00      215.00        0.00
     0    10      490.00      215.00        0.00
     0    10      482.00      215.00        0.00
     0    10      476.00      215.00        0.00
     0    10      470.00      217.00        0.00
     0    10      464.00      217.00        0.00
     0    10      458.00      217.00        0.00
     0    10      452.00      217.00        0.00
     0    10      446.00      217.00        0.00
     0    11      572.00      377.00        0.00
     0    11      574.00      383.00        0.00
     0    11      578.00      391.00        0.00
     0    11      582.00      397.00        0.00
     0    11      584.00      403.00        0.00
     0    11      588.00      407.00        0.00
     0    11      592.00      413.00        0.00
     0    11      596.00      417.00        0.00
     0    11      598.00      423.00        0.00
     0    11      602.00      429.00        0.00
     0    11      606.00      433.00        0.00
     0    11      610.00      439.00        0.00
     0    11      612.00      445.00        0.00
     0    11      616.00      449.00        0.00
     0    11      622.00      455.00        0.00
     0    11      624.00      461.00        0.00
     0    11      630.00      467.00        0.00
     0    11      634.00      473.00        0.00
     0    11      638.00      479.00        0.00
     0    11      642.00      487.00        0.00
     0    11      646.00      491.00        0.00
     0    11      650.00      495.00        0.00
     0    11      654.00      499.00        0.00
     0    11      658.00      505.00        0.00
     0    11      662.00      509.00        0.00
     0    11      666.00      513.00        0.00
     0    11      672.00      515.00        0.00
     0    11      678.00      517.00        0.00
     0    11      684.00      517.00        0.00
     0    11      690.00      517.00        0.00
     0    11      694.00      521.00        0.00
     0    11      694.00      527.00        0.00
     0    11      694.00      533.00        0.00
     0    11      694.00      539.00        0.00
     0    11      696.00      545.00        0.00
     0    11      700.00      549.00        0.00
     0    11      704.00      553.00        0.00
     0    11      706.00      561.00        0.00
     0    11      710.00      565.00        0.00
     0    11      716.00      569.00        0.00
     0    11      720.00      573.00        0.00
     0    11      724.00      577.00        0.00
     0    11      732.00      581.00        0.00
     0    11      740.00      587.00        0.00
     0    11      746.00      591.00        0.00
     0    11      752.00      593.00        0.00
     0    11      756.00      597.00        0.00
     0    11      762.00      599.00        0.00
     0    11      768.00      603.00        0.00
     0    11      772.00      607.00        0.00
     0    11      778.00      611.00        0.00
     0    11      784.00      615.00        0.00
     0    11      792.00      619.00        0.00
     0    11      796.00      623.00        0.00
     0    11      802.00      627.00        0.00
     0    11      806.00      631.00        0.00
     0    11      812.00      635.00        0.00
     0    11      816.00      639.00        0.00
     0    11      818.00      645.00        0.00
     0    11      822.00      649.00        0.00
     0    11      822.00      655.00        0.00
     0    11      824.00      661.00        0.00
     0    11      824.00      667.00        0.00
     0    11      824.00      673.00        0.00
     0    11      822.00      679.00        0.00
     0    11      820.00      685.00        0.00
     0    11      816.00      689.00        0.00
     0    11      810.00      693.00        0.00
     0    11      802.00      695.00        0.00
     0    11      794.00      697.00        0.00
     0    11      786.00      697.00        0.00
     0    11      778.00      697.00        0.00
     0    11      772.00      697.00        0.00
     0    11      766.00      695.00        0.00
     0    11      760.00      693.00        0.00
     0    11      754.00      691.00        0.00
     0    11      750.00      687.00        0.00
     0    11      744.00      683.00        0.00
     0    11      740.00      679.00        0.00
     0    11      736.00      675.00        0.00
     0    11      728.00      671.00        0.00
     0    11      722.00      669.00        0.00
     0    11      716.00      667.00        0.00
     0    11      710.00      667.00        0.00
     0    11      702.00      665.00        0.00
     0    11      696.00      665.00        0.00
     0    11      690.00      665.00        0.00
     0    11      684.00      665.00        0.00
     0    11      676.00      665.00        0.00
     0    11      670.00      665.00        0.00
     0    11      664.00      669.00        0.00
     0    11      658.00      669.00        0.00
     0    11      652.00      667.00        0.00
     0    11      650.00      661.00        0.00
     0    11      650.00      655.00        0.00
     0    11      648.00      649.00        0.00
     0    11      646.00      641.00        0.00
     0    11      644.00      635.00        0.00
     0    11      644.00      629.00        0.00
     0    11      644.00      623.00        0.00
     0    11      642.00      617.00        0.00
     0    11      642.00      611.00        0.00
     0    11      642.00      605.00        0.00
     0    11      642.00      597.00        0.00
     0    11      644.00      591.00        0.00
     0    11      644.00      585.00        0.00
     0    11      646.00      577.00        0.00
     0    11      646.00      571.00        0.00
     0    11      646.00      565.00        0.00
     0    11      646.00      557.00        0.00
     0    11      644.00      551.00        0.00
     0    11      644.00      545.00        0.00
     0    11      642.00      537.00        0.00
     0    11      640.00      531.00        0.00
     0    11      638.00      525.00        0.00
     0    11      638.00      519.00        0.00
     0    11      638.00      513.00        0.00
     0    11      638.00      507.00        0.00
     0    11      638.00      501.00        0.00
     0    11      638.00      495.00        0.00
     0    11      636.00      489.00        0.00
     0    11      634.00      483.00        0.00
     0    11      632.00      477.00        0.00
     0    12      774.00      701.00        0.00
     0    12      784.00      711.00        0.00
     0    12      790.00      717.00        0.00
     0    12      796.00      721.00        0.00
     0    12      802.00      723.00        0.00
     0    12      806.00      727.00        0.00
     0    12      812.00      727.00        0.00
     0    12      820.00      727.00        0.00
     0    12      828.00      729.00        0.00
     0    12      834.00      731.00        0.00
     0    12      842.00      731.00        0.00
     0    12      848.00      735.00        0.00
     0    12      850.00      741.00        0.00
     0    12      850.00      749.00        0.00
     0    12      850.00      755.00        0.00
     0    12      846.00      761.00        0.00
     0    12      842.00      765.00        0.00
     0    12      836.00      769.00        0.00
     0    12      830.00      773.00        0.00
     0    12      824.00      775.00        0.00
     0    12      814.00      779.00        0.00
     0    12      806.00      781.00        0.00
     0    12      800.00      783.00        0.00
     0    12      792.00      787.00        0.00
     0    12      788.00      791.00        0.00
     0    12      782.00      795.00        0.00
     0    12      778.00      803.00        0.00
     0    12      774.00      809.00        0.00
     0    12      770.00      815.00        0.00
     0    12      766.00      823.00        0.00
     0    12      764.00      829.00        0.00
     0    12      762.00      835.00        0.00
     0    12      760.00      841.00        0.00
     0    12      758.00      847.00        0.00
     0    12      756.00      853.00        0.00
     0    12      754.00      859.00        0.00
     0    12      752.00      865.00        0.00
     0    12      748.00      869.00        0.00
     0    12      744.00      875.00        0.00
     0    12      742.00      881.00        0.00
     0    12      738.00      885.00        0.00
     0    12      732.00      889.00        0.00
     0    12      726.00      889.00        0.00
     0    12      720.00      887.00        0.00
     0    12      716.00      883.00        0.00
     0    12      714.00      877.00        0.00
     0    12      708.00      873.00        0.00
     0    12      702.00      871.00        0.00
     0    12      696.00      871.00        0.00
     0    12      690.00      871.00        0.00
     0    12      688.00      865.00        0.00
     0    12      688.00      859.00        0.00
     0    12      688.00      853.00        0.00
     0    12      692.00      845.00        0.00
     0    12      694.00      839.00        0.00
     0    12      696.00      833.00        0.00
     0    12      698.00      827.00        0.00
     0    12      700.00      821.00        0.00
     0    12      702.00      815.00        0.00
     0    12      702.00      809.00        0.00
     0    12      702.00      803.00        0.00
     0    12      702.00      795.00        0.00
     0    12      700.00      789.00        0.00
     0    12      698.00      783.00        0.00
     0    12      694.00      779.00        0.00
     0    12      688.00      775.00        0.00
     0    12      682.00      771.00        0.00
     0    12      676.00      767.00        0.00
     0    12      670.00      765.00        0.00
     0    12      668.00      759.00        0.00
     0    12      666.00      753.00        0.00
     0    12      666.00      747.00        0.00
     0    12      666.00      741.00        0.00
     0    12      668.00      735.00        0.00
     0    12      668.00      729.00        0.00
     0    12      668.00      723.00        0.00
     0    12      674.00      719.00        0.00
     0    12      682.00      717.00        0.00
     0    12      688.00      717.00        0.00
     0    12      694.00      717.00        0.00
     0    12      698.00      713.00        0.00
     0    12      704.00      711.00        0.00
     0    12      708.00      707.00        0.00
     0    12      714.00      705.00        0.00
     0    12      720.00      703.00        0.00
     0    12      726.00      705.00        0.00
     0    12      732.00      707.00        0.00
     0    12      738.00      707.00        0.00
     0    13     1218.00     1343.00        0.00
     0    13     1214.00     1347.00        0.00
     0    13     1208.00     1349.00        0.00
     0    13     1202.00     1349.00        0.00
     0    13     1196.00     1349.00        0.00
     0    13     1190.00     1349.00        0.00
     0    13     1184.00     1349.00        0.00
     0    13     1176.00     1349.00        0.00
     0    13     1168.00     1351.00        0.00
     0    13     1160.00     1353.00        0.00
     0    13     1152.00     1355.00        0.00
     0    13     1142.00     1357.00        0.00
     0    13     1136.00     1359.00        0.00
     0    13     1130.00     1361.00        0.00
     0    13     1124.00     1363.00        0.00
     0    13     1118.00     1365.00        0.00
     0    13     1110.00     1367.00        0.00
     0    13     1104.00     1369.00        0.00
     0    13     1098.00     1371.00        0.00
     0    13     1092.00     1371.00        0.00
     0    13     1084.00     1371.00        0.00
     0    13     1078.00     1373.00        0.00
     0    13     1072.00     1373.00        0.00
     0    13     1066.00     1373.00        0.00
     0    13     1058.00     1375.00        0.00
     0    13     1052.00     1377.00        0.00
     0    13     1046.00     1377.00        0.00
     0    13     1040.00     1377.00        0.00
     0    13     1036.00     1373.00        0.00
     0    13     1032.00     1369.00        0.00
     0    13     1032.00     1363.00        0.00
     0    13     1036.00     1355.00        0.00
     0    13     1040.00     1351.00        0.00
     0    13     1044.00     1347.00        0.00
     0    13     1050.00     1341.00        0.00
     0    13     1054.00     1335.00        0.00
     0    13     1058.00     1329.00        0.00
     0    13     1062.00     1321.00        0.00
     0    13     1066.00     1317.00        0.00
     0    13     1070.00     1313.00        0.00
     0    13     1074.00     1305.00        0.00
     0    13     1076.00     1299.00        0.00
     0    13     1080.00     1295.00        0.00
     0    13     1082.00     1289.00        0.00
     0    13     1084.00     1283.00        0.00
     0    13     1088.00     1277.00        0.00
     0    13     1092.00     1273.00        0.00
     0    13     1098.00     1271.00        0.00
     0    13     1104.00     1269.00        0.00
     0    13     1110.00     1269.00        0.00
     0    13     1116.00     1269.00        0.00
     0    13     1122.00     1269.00        0.00
     0    13     1128.00     1271.00        0.00
     0    13     1136.00     1271.00        0.00
     0    13     1144.00     1273.00        0.00
     0    13     1152.00     1273.00        0.00
     0    13     1160.00     1273.00        0.00
     0    13     1166.00     1273.00        0.00
     0    13     1172.00     1275.00        0.00
     0    13     1178.00     1277.00        0.00
     0    13     1184.00     1277.00        0.00
     0    13     1190.00     1279.00        0.00
     0    13     1194.00     1283.00        0.00
     0    13     1198.00     1287.00        0.00
     0    13     1200.00     1293.00        0.00
     0    14     1654.00      377.00        0.00
     0    14     1648.00      373.00        0.00
     0    14     1644.00      369.00        0.00
     0    14     1640.00      363.00        0.00
     0    14     1636.00      357.00        0.00
     0    14     1634.00      351.00        0.00
     0    14     1630.00      347.00        0.00
     0    14     1626.00      343.00        0.00
     0    14     1624.00      337.00        0.00
     0    14     1620.00      331.00        0.00
     0    14     1616.00      327.00        0.00
     0    14     1612.00      323.00        0.00
     0    14     1606.00      319.00        0.00
     0    14     1600.00      317.00        0.00
     0    14     1596.00      313.00        0.00
     0    14     1590.00      309.00        0.00
     0    14     1588.00      301.00        0.00
     0    14     1586.00      293.00        0.00
     0    14     1586.00      285.00        0.00
     0    14     1586.00      279.00        0.00
     0    14     1586.00      273.00        0.00
     0    14     1586.00      267.00        0.00
     0    14     1582.00      263.00        0.00
     0    14     1578.00      257.00        0.00
     0    14     1572.00      253.00        0.00
     0    14     1568.00      247.00        0.00
     0    14     1564.00      241.00        0.00
     0    14     1562.00      233.00        0.00
     0    14     1562.00      227.00        0.00
     0    14     1562.00      221.00        0.00
     0    14     1564.00      215.00        0.00
     0    14     1566.00      209.00        0.00
     0    14     1570.00      203.00        0.00
     0    14     1574.00      199.00        0.00
     0    14     1580.00      195.00        0.00
     0    14     1584.00      191.00        0.00
     0    14     1588.00      187.00        0.00
     0    14     1592.00      183.00        0.00
     0    14     1596.00      179.00        0.00
     0    14     1600.00      175.00        0.00
     0    14     1608.00      169.00        0.00
     0    14     1612.00      165.00        0.00
     0    14     1620.00      163.00        0.00
     0    14     1626.00      159.00        0.00
     0    14     1632.00      159.00        0.00
     0    14     1638.00      159.00        0.00
     0    14     1644.00      159.00        0.00
     0    14     1654.00      157.00        0.00
     0    14     1662.00      157.00        0.00
     0    14     1668.00      157.00        0.00
     0    14     1674.00      157.00        0.00
     0    14     1680.00      159.00        0.00
     0    14     1686.00      161.00        0.00
     0    14     1692.00      165.00        0.00
     0    14     1696.00      169.00        0.00
     0    14     1696.00      177.00        0.00
     0    14     1696.00      185.00        0.00
     0    14     1696.00      191.00        0.00
     0    14     1698.00      197.00        0.00
     0    14     1700.00      203.00        0.00
     0    14     1702.00      209.00        0.00
     0    14     1704.00      215.00        0.00
     0    14     1706.00      221.00        0.00
     0    14     1710.00      227.00        0.00
     0    14     1712.00      233.00        0.00
     0    14     1712.00      239.00        0.00
     0    14     1714.00      247.00        0.00
     0    14     1716.00      253.00        0.00
     0    14     1720.00      257.00        0.00
     0    14     1720.00      263.00        0.00
     0    14     1722.00      269.00        0.00
     0    14     1724.00      275.00        0.00
     0    14     1724.00      283.00        0.00
     0    14     1726.00      289.00        0.00
     0    14     1726.00      295.00        0.00
     0    14     1726.00      303.00        0.00
     0    14     1726.00      309.00        0.00
     0    14     1726.00      315.00        0.00
     0    14     1726.00      321.00        0.00
     0    14     1722.00      327.00        0.00
     0    14     1718.00      333.00        0.00
     0    14     1714.00      337.00        0.00
     0    14     1710.00      341.00        0.00
