     0     0      240.00     1047.00        0.00
     0     0      236.00     1051.00        0.00
     0     0      230.00     1053.00        0.00
     0     0      226.00     1057.00        0.00
     0     0      222.00     1061.00        0.00
     0     0      218.00     1065.00        0.00
     0     0      214.00     1069.00        0.00
     0     0      210.00     1073.00        0.00
     0     0      204.00     1075.00        0.00
     0     0      200.00     1071.00        0.00
     0     0      196.00     1067.00        0.00
     0     0      192.00     1063.00        0.00
     0     0      188.00     1059.00        0.00
     0     0      182.00     1059.00        0.00
     0     0      176.00     1057.00        0.00
     0     0      170.00     1057.00        0.00
     0     0      164.00     1057.00        0.00
     0     0      158.00     1059.00        0.00
     0     0      152.00     1061.00        0.00
     0     0      146.00     1063.00        0.00
     0     0      140.00     1067.00        0.00
     0     0      134.00     1067.00        0.00
     0     0      128.00     1069.00        0.00
     0     0      122.00     1069.00        0.00
     0     0      116.00     1067.00        0.00
     0     0      110.00     1065.00        0.00
     0     0      104.00     1063.00        0.00
     0     0      100.00     1059.00        0.00
     0     0       98.00     1053.00        0.00
     0     0       96.00     1047.00        0.00
     0     0       94.00     1041.00        0.00
     0     0       94.00     1035.00        0.00
     0     0       94.00     1029.00        0.00
     0     0       96.00     1023.00        0.00
     0     0       98.00     1017.00        0.00
     0     0      102.00     1011.00        0.00
     0     0      104.00     1005.00        0.00
     0     0      108.00      999.00        0.00
     0     0      112.00      995.00        0.00
     0     0      116.00      991.00        0.00
     0     0      120.00      987.00        0.00
     0     0      124.00      981.00        0.00
     0     0      130.00      977.00        0.00
     0     0      134.00      973.00        0.00
     0     0      138.00      969.00        0.00
     0     0      142.00      965.00        0.00
     0     0      146.00      961.00        0.00
     0     0      150.00      965.00        0.00
     0     0      156.00      967.00        0.00
     0     0      162.00      969.00        0.00
     0     0      168.00      971.00        0.00
     0     0      174.00      971.00        0.00
     0     0      180.00      971.00        0.00
     0     0      186.00      969.00        0.00
     0     0      190.00      965.00        0.00
     0     0      196.00      963.00        0.00
     0     0      204.00      959.00        0.00
     0     0      210.00      955.00        0.00
     0     0      216.00      953.00        0.00
     0     0      222.00      951.00        0.00
     0     0      228.00      951.00        0.00
     0     0      234.00      951.00        0.00
     0     0      240.00      951.00        0.00
     0     0      246.00      951.00        0.00
     0     0      252.00      951.00        0.00
     0     0      258.00      951.00        0.00
     0     0      264.00      951.00        0.00
     0     0      270.00      951.00        0.00
     0     0      276.00      951.00        0.00
     0     0      282.00      953.00        0.00
     0     0      288.00      957.00        0.00
     0     0      292.00      961.00        0.00
     0     0      296.00      965.00        0.00
     0     0      300.00      969.00        0.00
     0     0      304.00      975.00        0.00
     0     0      306.00      981.00        0.00
     0     0      308.00      987.00        0.00
     0     0      308.00      993.00        0.00
     0     0      308.00      999.00        0.00
     0     0      308.00     1005.00        0.00
     0     0      306.00     1011.00        0.00
     0     0      302.00     1017.00        0.00
     0     0      296.00     1021.00        0.00
     0     0      292.00     1025.00        0.00
     0     0      284.00     1027.00        0.00
     0     0      278.00     1029.00        0.00
     0     0      272.00     1033.00        0.00
     0     0      268.00     1037.00        0.00
     0     0      264.00     1041.00        0.00
     0     0      258.00     1043.00        0.00
     0     1       88.00      963.00        0.00
     0     1       88.00      957.00        0.00
     0     1       92.00      951.00        0.00
     0     1       94.00      945.00        0.00
     0     1       96.00      937.00        0.00
     0     1       98.00      929.00        0.00
     0     1      100.00      923.00        0.00
     0     1      102.00      917.00        0.00
     0     1      104.00      911.00        0.00
     0     1      106.00      905.00        0.00
     0     1      106.00      899.00        0.00
     0     1      108.00      891.00        0.00
     0     1      112.00      885.00        0.00
     0     1      116.00      881.00        0.00
     0     1      120.00      875.00        0.00
     0     1      122.00      869.00        0.00
     0     1      124.00      863.00        0.00
     0     1      126.00      855.00        0.00
     0     1      128.00      849.00        0.00
     0     1      130.00      843.00        0.00
     0     1      132.00      837.00        0.00
     0     1      134.00      829.00        0.00
     0     1      134.00      823.00        0.00
     0     1      134.00      815.00        0.00
     0     1      132.00      809.00        0.00
     0     1      132.00      801.00        0.00
     0     1      130.00      793.00        0.00
     0     1      128.00      787.00        0.00
     0     1      128.00      781.00        0.00
     0     1      124.00      773.00        0.00
     0     1      122.00      765.00        0.00
     0     1      120.00      759.00        0.00
     0     1      116.00      755.00        0.00
     0     1      120.00      761.00        0.00
     0     1      126.00      769.00        0.00
     0     1      130.00      775.00        0.00
     0     1      134.00      779.00        0.00
     0     1      142.00      783.00        0.00
     0     1      146.00      787.00        0.00
     0     1      152.00      791.00        0.00
     0     1      158.00      793.00        0.00
     0     1      164.00      793.00        0.00
     0     1      170.00      793.00        0.00
     0     1      178.00      793.00        0.00
     0     1      184.00      791.00        0.00
     0     1      190.00      789.00        0.00
     0     1      196.00      785.00        0.00
     0     1      200.00      781.00        0.00
     0     1      204.00      777.00        0.00
     0     1      208.00      773.00        0.00
     0     1      212.00      767.00        0.00
     0     1      216.00      763.00        0.00
     0     1      220.00      757.00        0.00
     0     1      224.00      751.00        0.00
     0     1      228.00      745.00        0.00
     0     1      232.00      737.00        0.00
     0     1      236.00      733.00        0.00
     0     1      236.00      739.00        0.00
     0     1      232.00      745.00        0.00
     0     1      230.00      751.00        0.00
     0     1      226.00      757.00        0.00
     0     1      224.00      763.00        0.00
     0     1      220.00      769.00        0.00
     0     1      218.00      775.00        0.00
     0     1      214.00      783.00        0.00
     0     1      210.00      789.00        0.00
     0     1      208.00      795.00        0.00
     0     1      206.00      801.00        0.00
     0     1      204.00      807.00        0.00
     0     1      204.00      813.00        0.00
     0     1      204.00      819.00        0.00
     0     1      202.00      825.00        0.00
     0     1      202.00      831.00        0.00
     0     1      202.00      837.00        0.00
     0     1      202.00      845.00        0.00
     0     1      204.00      851.00        0.00
     0     1      208.00      859.00        0.00
     0     1      210.00      865.00        0.00
     0     1      214.00      871.00        0.00
     0     1      218.00      875.00        0.00
     0     1      222.00      881.00        0.00
     0     1      226.00      885.00        0.00
     0     1      230.00      889.00        0.00
     0     1      238.00      893.00        0.00
     0     1      242.00      897.00        0.00
     0     1      246.00      901.00        0.00
     0     1      252.00      903.00        0.00
     0     1      258.00      905.00        0.00
     0     1      264.00      905.00        0.00
     0     1      270.00      905.00        0.00
     0     1      276.00      905.00        0.00
     0     1      282.00      905.00        0.00
     0     1      288.00      905.00        0.00
     0     1      294.00      905.00        0.00
     0     1      294.00      911.00        0.00
     0     1      292.00      917.00        0.00
     0     1      298.00      919.00        0.00
     0     1      304.00      921.00        0.00
     0     1      310.00      925.00        0.00
     0     1      316.00      927.00        0.00
     0     1      320.00      931.00        0.00
     0     1      326.00      935.00        0.00
     0     1      332.00      939.00        0.00
     0     1      332.00      945.00        0.00
     0     1      326.00      949.00        0.00
     0     1      320.00      951.00        0.00
     0     1      316.00      955.00        0.00
     0     1      310.00      957.00        0.00
     0     1      304.00      957.00        0.00
     0     1      296.00      957.00        0.00
     0     1      290.00      957.00        0.00
     0     1      284.00      957.00        0.00
     0     1      278.00      955.00        0.00
     0     1      270.00      955.00        0.00
     0     1      264.00      953.00        0.00
     0     1      258.00      951.00        0.00
     0     1      252.00      949.00        0.00
     0     1      246.00      947.00        0.00
     0     1      240.00      947.00        0.00
     0     1      232.00      947.00        0.00
     0     1      226.00      945.00        0.00
     0     1      220.00      945.00        0.00
     0     1      214.00      945.00        0.00
     0     1      208.00      945.00        0.00
     0     1      202.00      945.00        0.00
     0     1      196.00      945.00        0.00
     0     1      190.00      945.00        0.00
     0     1      184.00      945.00        0.00
     0     1      178.00      949.00        0.00
     0     1      172.00      951.00        0.00
     0     1      166.00      953.00        0.00
     0     1      160.00      957.00        0.00
     0     1      154.00      959.00        0.00
     0     1      148.00      959.00        0.00
     0     1      142.00      961.00        0.00
     0     1      136.00      961.00        0.00
     0     1      130.00      961.00        0.00
     0     1      124.00      961.00        0.00
     0     1      118.00      963.00        0.00
     0     1      112.00      967.00        0.00
     0     1      106.00      969.00        0.00
     0     1      102.00      973.00        0.00
     0     1       96.00      973.00        0.00
     0     2      228.00      583.00        0.00
     0     2      222.00      583.00        0.00
     0     2      216.00      581.00        0.00
     0     2      210.00      581.00        0.00
     0     2      204.00      579.00        0.00
     0     2      198.00      577.00        0.00
     0     2      190.00      573.00        0.00
     0     2      184.00      569.00        0.00
     0     2      178.00      567.00        0.00
     0     2      172.00      565.00        0.00
     0     2      166.00      563.00        0.00
     0     2      160.00      561.00        0.00
     0     2      154.00      559.00        0.00
     0     2      148.00      557.00        0.00
     0     2      142.00      553.00        0.00
     0     2      136.00      551.00        0.00
     0     2      130.00      549.00        0.00
     0     2      122.00      545.00        0.00
     0     2      118.00      539.00        0.00
     0     2      112.00      535.00        0.00
     0     2      108.00      529.00        0.00
     0     2      108.00      521.00        0.00
     0     2      106.00      513.00        0.00
     0     2      106.00      505.00        0.00
     0     2      108.00      499.00        0.00
     0     2      112.00      489.00        0.00
     0     2      114.00      483.00        0.00
     0     2      114.00      475.00        0.00
     0     2      114.00      467.00        0.00
     0     2      114.00      459.00        0.00
     0     2      112.00      451.00        0.00
     0     2      112.00      443.00        0.00
     0     2      112.00      437.00        0.00
     0     2      110.00      431.00        0.00
     0     2      108.00      425.00        0.00
     0     2      108.00      417.00        0.00
     0     2      106.00      407.00        0.00
     0     2      104.00      397.00        0.00
     0     2      104.00      391.00        0.00
     0     2      104.00      381.00        0.00
     0     2      100.00      377.00        0.00
     0     2       98.00      371.00        0.00
     0     2       96.00      365.00        0.00
     0     2       94.00      359.00        0.00
     0     2       90.00      353.00        0.00
     0     2       86.00      347.00        0.00
     0     2       86.00      341.00        0.00
     0     2       84.00      335.00        0.00
     0     2       84.00      329.00        0.00
     0     2       84.00      323.00        0.00
     0     2       88.00      317.00        0.00
     0     2       88.00      311.00        0.00
     0     2       92.00      307.00        0.00
     0     2       94.00      301.00        0.00
     0     2       98.00      297.00        0.00
     0     2      104.00      295.00        0.00
     0     2      110.00      291.00        0.00
     0     2      116.00      289.00        0.00
     0     2      124.00      287.00        0.00
     0     2      130.00      285.00        0.00
     0     2      136.00      283.00        0.00
     0     2      144.00      281.00        0.00
     0     2      150.00      281.00        0.00
     0     2      158.00      281.00        0.00
     0     2      164.00      281.00        0.00
     0     2      172.00      285.00        0.00
     0     2      180.00      289.00        0.00
     0     2      186.00      291.00        0.00
     0     2      192.00      295.00        0.00
     0     2      198.00      297.00        0.00
     0     2      202.00      301.00        0.00
     0     2      208.00      305.00        0.00
     0     2      214.00      309.00        0.00
     0     2      218.00      313.00        0.00
     0     2      224.00      319.00        0.00
     0     2      228.00      323.00        0.00
     0     2      236.00      329.00        0.00
     0     2      240.00      333.00        0.00
     0     2      244.00      339.00        0.00
     0     2      248.00      343.00        0.00
     0     2      250.00      349.00        0.00
     0     2      252.00      355.00        0.00
     0     2      256.00      359.00        0.00
     0     2      260.00      367.00        0.00
     0     2      264.00      371.00        0.00
     0     2      266.00      377.00        0.00
     0     2      270.00      383.00        0.00
     0     2      274.00      389.00        0.00
     0     2      278.00      395.00        0.00
     0     2      282.00      399.00        0.00
     0     2      288.00      403.00        0.00
     0     2      294.00      407.00        0.00
     0     2      300.00      409.00        0.00
     0     2      306.00      411.00        0.00
     0     2      312.00      413.00        0.00
     0     2      318.00      417.00        0.00
     0     2      324.00      419.00        0.00
     0     2      332.00      423.00        0.00
     0     2      336.00      427.00        0.00
     0     2      342.00      429.00        0.00
     0     2      346.00      435.00        0.00
     0     2      352.00      437.00        0.00
     0     2      358.00      441.00        0.00
     0     2      366.00      445.00        0.00
     0     2      372.00      447.00        0.00
     0     2      378.00      451.00        0.00
     0     2      384.00      453.00        0.00
     0     2      390.00      455.00        0.00
     0     2      398.00      457.00        0.00
     0     2      406.00      459.00        0.00
     0     2      414.00      461.00        0.00
     0     2      420.00      461.00        0.00
     0     2      426.00      461.00        0.00
     0     2      432.00      461.00        0.00
     0     2      438.00      461.00        0.00
     0     2      444.00      459.00        0.00
     0     2      450.00      459.00        0.00
     0     2      456.00      459.00        0.00
     0     2      464.00      461.00        0.00
     0     2      470.00      461.00        0.00
     0     2      476.00      463.00        0.00
     0     2      484.00      465.00        0.00
     0     2      490.00      467.00        0.00
     0     2      498.00      469.00        0.00
     0     2      506.00      473.00        0.00
     0     2      512.00      473.00        0.00
     0     2      518.00      475.00        0.00
     0     2      524.00      477.00        0.00
     0     2      530.00      479.00        0.00
     0     2      536.00      483.00        0.00
     0     2      542.00      485.00        0.00
     0     2      546.00      489.00        0.00
     0     2      552.00      493.00        0.00
     0     2      556.00      497.00        0.00
     0     2      558.00      503.00        0.00
     0     2      560.00      509.00        0.00
     0     2      560.00      515.00        0.00
     0     2      554.00      517.00        0.00
     0     2      546.00      517.00        0.00
     0     2      538.00      517.00        0.00
     0     2      532.00      519.00        0.00
     0     2      524.00      519.00        0.00
     0     2      518.00      519.00        0.00
     0     2      512.00      519.00        0.00
     0     2      506.00      519.00        0.00
     0     2      500.00      519.00        0.00
     0     2      494.00      521.00        0.00
     0     2      490.00      525.00        0.00
     0     2      482.00      527.00        0.00
     0     2      476.00      527.00        0.00
     0     2      468.00      527.00        0.00
     0     2      460.00      529.00        0.00
     0     2      454.00      531.00        0.00
     0     2      448.00      531.00        0.00
     0     2      438.00      533.00        0.00
     0     2      432.00      535.00        0.00
     0     2      426.00      537.00        0.00
     0     2      420.00      539.00        0.00
     0     2      414.00      541.00        0.00
     0     2      408.00      541.00        0.00
     0     2      402.00      543.00        0.00
     0     2      392.00      545.00        0.00
     0     2      386.00      547.00        0.00
     0     2      380.00      549.00        0.00
     0     2      374.00      553.00        0.00
     0     2      368.00      555.00        0.00
     0     2      362.00      559.00        0.00
     0     2      356.00      561.00        0.00
     0     2      352.00      565.00        0.00
     0     2      346.00      567.00        0.00
     0     2      342.00      571.00        0.00
     0     2      336.00      571.00        0.00
     0     2      330.00      573.00        0.00
     0     2      324.00      573.00        0.00
     0     2      318.00      573.00        0.00
     0     2      312.00      573.00        0.00
     0     2      306.00      573.00        0.00
     0     2      300.00      571.00        0.00
     0     3      264.00      369.00        0.00
     0     3      256.00      365.00        0.00
     0     3      252.00      357.00        0.00
     0     3      252.00      351.00        0.00
     0     3      250.00      343.00        0.00
     0     3      248.00      335.00        0.00
     0     3      244.00      329.00        0.00
     0     3      242.00      323.00        0.00
     0     3      238.00      319.00        0.00
     0     3      230.00      317.00        0.00
     0     3      224.00      313.00        0.00
     0     3      222.00      307.00        0.00
     0     3      220.00      301.00        0.00
     0     3      220.00      295.00        0.00
     0     3      220.00      289.00        0.00
     0     3      222.00      283.00        0.00
     0     3      224.00      277.00        0.00
     0     3      228.00      271.00        0.00
     0     3      230.00      265.00        0.00
     0     3      234.00      261.00        0.00
     0     3      238.00      257.00        0.00
     0     3      244.00      255.00        0.00
     0     3      250.00      251.00        0.00
     0     3      256.00      249.00        0.00
     0     3      260.00      245.00        0.00
     0     3      266.00      245.00        0.00
     0     3      276.00      243.00        0.00
     0     3      282.00      241.00        0.00
     0     3      290.00      241.00        0.00
     0     3      298.00      241.00        0.00
     0     3      306.00      243.00        0.00
     0     3      312.00      245.00        0.00
     0     3      318.00      247.00        0.00
     0     3      324.00      249.00        0.00
     0     3      330.00      253.00        0.00
     0     3      336.00      255.00        0.00
     0     3      344.00      255.00        0.00
     0     3      350.00      255.00        0.00
     0     3      358.00      255.00        0.00
     0     3      364.00      255.00        0.00
     0     3      370.00      253.00        0.00
     0     3      378.00      251.00        0.00
     0     3      384.00      251.00        0.00
     0     3      390.00      251.00        0.00
     0     3      396.00      251.00        0.00
     0     3      402.00      253.00        0.00
     0     3      410.00      255.00        0.00
     0     3      416.00      259.00        0.00
     0     3      422.00      261.00        0.00
     0     3      428.00      261.00        0.00
     0     3      434.00      265.00        0.00
     0     3      440.00      269.00        0.00
     0     3      444.00      273.00        0.00
     0     3      450.00      279.00        0.00
     0     3      458.00      283.00        0.00
     0     3      462.00      289.00        0.00
     0     3      468.00      293.00        0.00
     0     3      476.00      299.00        0.00
     0     3      480.00      303.00        0.00
     0     3      488.00      305.00        0.00
     0     3      496.00      307.00        0.00
     0     3      502.00      311.00        0.00
     0     3      508.00      313.00        0.00
     0     3      514.00      313.00        0.00
     0     3      518.00      317.00        0.00
     0     3      526.00      323.00        0.00
     0     3      532.00      325.00        0.00
     0     3      536.00      329.00        0.00
     0     3      542.00      331.00        0.00
     0     3      548.00      333.00        0.00
     0     3      556.00      335.00        0.00
     0     3      562.00      335.00        0.00
     0     3      568.00      335.00        0.00
     0     3      574.00      335.00        0.00
     0     3      580.00      335.00        0.00
     0     3      586.00      335.00        0.00
     0     3      592.00      335.00        0.00
     0     3      598.00      339.00        0.00
     0     3      600.00      345.00        0.00
     0     3      600.00      351.00        0.00
     0     3      600.00      357.00        0.00
     0     3      602.00      363.00        0.00
     0     3      606.00      367.00        0.00
     0     3      612.00      371.00        0.00
     0     3      616.00      375.00        0.00
     0     3      618.00      381.00        0.00
     0     3      610.00      383.00        0.00
     0     3      604.00      383.00        0.00
     0     3      596.00      379.00        0.00
     0     3      590.00      377.00        0.00
     0     3      582.00      375.00        0.00
     0     3      574.00      373.00        0.00
     0     3      564.00      369.00        0.00
     0     3      556.00      367.00        0.00
     0     3      550.00      367.00        0.00
     0     3      544.00      365.00        0.00
     0     3      534.00      361.00        0.00
     0     3      528.00      361.00        0.00
     0     3      522.00      357.00        0.00
     0     3      516.00      357.00        0.00
     0     3      508.00      355.00        0.00
     0     3      502.00      353.00        0.00
     0     3      494.00      353.00        0.00
     0     3      488.00      351.00        0.00
     0     3      480.00      351.00        0.00
     0     3      472.00      349.00        0.00
     0     3      464.00      349.00        0.00
     0     3      456.00      349.00        0.00
     0     3      448.00      349.00        0.00
     0     3      440.00      349.00        0.00
     0     3      434.00      347.00        0.00
     0     3      428.00      347.00        0.00
     0     3      422.00      347.00        0.00
     0     3      416.00      345.00        0.00
     0     3      410.00      345.00        0.00
     0     3      402.00      345.00        0.00
     0     3      396.00      343.00        0.00
     0     3      388.00      341.00        0.00
     0     3      382.00      341.00        0.00
     0     3      374.00      341.00        0.00
     0     3      368.00      341.00        0.00
     0     3      362.00      339.00        0.00
     0     3      356.00      339.00        0.00
     0     3      348.00      339.00        0.00
     0     3      342.00      339.00        0.00
     0     3      336.00      339.00        0.00
     0     3      330.00      339.00        0.00
     0     3      324.00      339.00        0.00
     0     3      320.00      343.00        0.00
     0     3      314.00      345.00        0.00
     0     3      308.00      347.00        0.00
     0     4      568.00      517.00        0.00
     0     4      580.00      527.00        0.00
     0     4      588.00      531.00        0.00
     0     4      594.00      537.00        0.00
     0     4      600.00      539.00        0.00
     0     4      606.00      543.00        0.00
     0     4      614.00      547.00        0.00
     0     4      620.00      547.00        0.00
     0     4      626.00      547.00        0.00
     0     4      632.00      549.00        0.00
     0     4      638.00      549.00        0.00
     0     4      644.00      551.00        0.00
     0     4      652.00      551.00        0.00
     0     4      658.00      553.00        0.00
     0     4      664.00      553.00        0.00
     0     4      672.00      553.00        0.00
     0     4      678.00      555.00        0.00
     0     4      684.00      559.00        0.00
     0     4      692.00      561.00        0.00
     0     4      696.00      565.00        0.00
     0     4      702.00      569.00        0.00
     0     4      712.00      571.00        0.00
     0     4      720.00      571.00        0.00
     0     4      728.00      571.00        0.00
     0     4      736.00      571.00        0.00
     0     4      744.00      571.00        0.00
     0     4      750.00      571.00        0.00
     0     4      758.00      571.00        0.00
     0     4      764.00      569.00        0.00
     0     4      768.00      565.00        0.00
     0     4      772.00      561.00        0.00
     0     4      776.00      557.00        0.00
     0     4      780.00      553.00        0.00
     0     4      784.00      549.00        0.00
     0     4      788.00      545.00        0.00
     0     4      792.00      541.00        0.00
     0     4      800.00      539.00        0.00
     0     4      806.00      535.00        0.00
     0     4      812.00      531.00        0.00
     0     4      820.00      527.00        0.00
     0     4      824.00      523.00        0.00
     0     4      826.00      517.00        0.00
     0     4      826.00      511.00        0.00
     0     4      822.00      507.00        0.00
     0     4      818.00      503.00        0.00
     0     4      812.00      501.00        0.00
     0     4      804.00      497.00        0.00
     0     4      798.00      497.00        0.00
     0     4      792.00      493.00        0.00
     0     4      786.00      491.00        0.00
     0     4      780.00      489.00        0.00
     0     4      774.00      487.00        0.00
     0     4      768.00      485.00        0.00
     0     4      762.00      483.00        0.00
     0     4      758.00      479.00        0.00
     0     4      752.00      477.00        0.00
     0     4      746.00      473.00        0.00
     0     4      740.00      471.00        0.00
     0     4      734.00      469.00        0.00
     0     4      726.00      467.00        0.00
     0     4      718.00      467.00        0.00
     0     4      712.00      467.00        0.00
     0     4      704.00      469.00        0.00
     0     4      698.00      473.00        0.00
     0     4      692.00      475.00        0.00
     0     4      686.00      475.00        0.00
     0     4      680.00      477.00        0.00
     0     4      674.00      477.00        0.00
     0     4      668.00      479.00        0.00
     0     4      660.00      481.00        0.00
     0     4      654.00      481.00        0.00
     0     4      648.00      481.00        0.00
     0     4      640.00      481.00        0.00
     0     4      634.00      481.00        0.00
     0     4      626.00      481.00        0.00
     0     4      620.00      483.00        0.00
     0     4      612.00      483.00        0.00
     0     4      604.00      483.00        0.00
     0     4      598.00      485.00        0.00
     0     4      592.00      485.00        0.00
     0     4      586.00      487.00        0.00
     0     4      582.00      491.00        0.00
     0     4      576.00      493.00        0.00
     0     4      570.00      497.00        0.00
     0     5      956.00      265.00        0.00
     0     5      946.00      267.00        0.00
     0     5      942.00      261.00        0.00
     0     5      942.00      255.00        0.00
     0     5      940.00      249.00        0.00
     0     5      942.00      243.00        0.00
     0     5      942.00      237.00        0.00
     0     5      946.00      229.00        0.00
     0     5      950.00      221.00        0.00
     0     5      952.00      215.00        0.00
     0     5      954.00      209.00        0.00
     0     5      958.00      205.00        0.00
     0     5      960.00      199.00        0.00
     0     5      964.00      193.00        0.00
     0     5      968.00      189.00        0.00
     0     5      970.00      183.00        0.00
     0     5      974.00      179.00        0.00
     0     5      972.00      171.00        0.00
     0     5      970.00      165.00        0.00
     0     5      966.00      161.00        0.00
     0     5      962.00      155.00        0.00
     0     5      962.00      149.00        0.00
     0     5      962.00      143.00        0.00
     0     5      966.00      137.00        0.00
     0     5      970.00      133.00        0.00
     0     5      976.00      129.00        0.00
     0     5      982.00      125.00        0.00
     0     5      988.00      125.00        0.00
     0     5      994.00      123.00        0.00
     0     5     1000.00      123.00        0.00
     0     5     1008.00      123.00        0.00
     0     5     1014.00      123.00        0.00
     0     5     1020.00      125.00        0.00
     0     5     1026.00      125.00        0.00
     0     5     1030.00      129.00        0.00
     0     5     1036.00      133.00        0.00
     0     5     1040.00      139.00        0.00
     0     5     1040.00      145.00        0.00
     0     5     1042.00      151.00        0.00
     0     5     1044.00      157.00        0.00
     0     5     1044.00      163.00        0.00
     0     5     1044.00      169.00        0.00
     0     5     1042.00      175.00        0.00
     0     5     1042.00      181.00        0.00
     0     5     1038.00      187.00        0.00
     0     5     1034.00      191.00        0.00
     0     5     1028.00      193.00        0.00
     0     5     1022.00      195.00        0.00
     0     5     1016.00      195.00        0.00
     0     5     1010.00      197.00        0.00
     0     5     1004.00      199.00        0.00
     0     5     1002.00      205.00        0.00
     0     5     1000.00      211.00        0.00
     0     5      996.00      217.00        0.00
     0     5      992.00      223.00        0.00
     0     5      988.00      229.00        0.00
     0     5      984.00      235.00        0.00
     0     5      982.00      241.00        0.00
     0     5      980.00      247.00        0.00
     0     5      968.00      265.00        0.00
     0     6     1402.00      741.00        0.00
     0     6     1398.00      735.00        0.00
     0     6     1394.00      731.00        0.00
     0     6     1390.00      727.00        0.00
     0     6     1386.00      721.00        0.00
     0     6     1382.00      717.00        0.00
     0     6     1374.00      715.00        0.00
     0     6     1366.00      711.00        0.00
     0     6     1360.00      707.00        0.00
     0     6     1356.00      701.00        0.00
     0     6     1354.00      695.00        0.00
     0     6     1352.00      689.00        0.00
     0     6     1348.00      681.00        0.00
     0     6     1346.00      675.00        0.00
     0     6     1342.00      667.00        0.00
     0     6     1338.00      661.00        0.00
     0     6     1334.00      655.00        0.00
     0     6     1328.00      651.00        0.00
     0     6     1320.00      649.00        0.00
     0     6     1316.00      645.00        0.00
     0     6     1308.00      641.00        0.00
     0     6     1304.00      635.00        0.00
     0     6     1300.00      629.00        0.00
     0     6     1296.00      625.00        0.00
     0     6     1294.00      619.00        0.00
     0     6     1290.00      613.00        0.00
     0     6     1286.00      607.00        0.00
     0     6     1284.00      601.00        0.00
     0     6     1280.00      593.00        0.00
     0     6     1278.00      585.00        0.00
     0     6     1276.00      577.00        0.00
     0     6     1274.00      571.00        0.00
     0     6     1272.00      565.00        0.00
     0     6     1272.00      559.00        0.00
     0     6     1270.00      553.00        0.00
     0     6     1272.00      547.00        0.00
     0     6     1280.00      543.00        0.00
     0     6     1286.00      541.00        0.00
     0     6     1290.00      537.00        0.00
     0     6     1296.00      533.00        0.00
     0     6     1302.00      529.00        0.00
     0     6     1308.00      529.00        0.00
     0     6     1314.00      527.00        0.00
     0     6     1320.00      527.00        0.00
     0     6     1326.00      527.00        0.00
     0     6     1334.00      531.00        0.00
     0     6     1340.00      533.00        0.00
     0     6     1344.00      537.00        0.00
     0     6     1348.00      543.00        0.00
     0     6     1354.00      547.00        0.00
     0     6     1358.00      551.00        0.00
     0     6     1364.00      553.00        0.00
     0     6     1370.00      555.00        0.00
     0     6     1376.00      555.00        0.00
     0     6     1382.00      555.00        0.00
     0     6     1388.00      553.00        0.00
     0     6     1394.00      553.00        0.00
     0     6     1400.00      553.00        0.00
     0     6     1406.00      555.00        0.00
     0     6     1412.00      559.00        0.00
     0     6     1416.00      563.00        0.00
     0     6     1418.00      571.00        0.00
     0     6     1420.00      579.00        0.00
     0     6     1422.00      585.00        0.00
     0     6     1422.00      593.00        0.00
     0     6     1424.00      599.00        0.00
     0     6     1424.00      605.00        0.00
     0     6     1426.00      611.00        0.00
     0     6     1432.00      617.00        0.00
     0     6     1434.00      625.00        0.00
     0     6     1436.00      631.00        0.00
     0     6     1438.00      637.00        0.00
     0     6     1438.00      645.00        0.00
     0     6     1436.00      651.00        0.00
     0     6     1432.00      655.00        0.00
     0     6     1428.00      659.00        0.00
     0     6     1426.00      665.00        0.00
     0     6     1424.00      671.00        0.00
     0     6     1422.00      677.00        0.00
     0     7     1346.00      397.00        0.00
     0     7     1362.00      413.00        0.00
     0     7     1370.00      417.00        0.00
     0     7     1376.00      421.00        0.00
     0     7     1382.00      427.00        0.00
     0     7     1386.00      431.00        0.00
     0     7     1390.00      435.00        0.00
     0     7     1394.00      439.00        0.00
     0     7     1398.00      443.00        0.00
     0     7     1404.00      447.00        0.00
     0     7     1410.00      451.00        0.00
     0     7     1414.00      455.00        0.00
     0     7     1418.00      459.00        0.00
     0     7     1422.00      463.00        0.00
     0     7     1428.00      467.00        0.00
     0     7     1432.00      473.00        0.00
     0     7     1436.00      477.00        0.00
     0     7     1440.00      481.00        0.00
     0     7     1446.00      485.00        0.00
     0     7     1450.00      489.00        0.00
     0     7     1454.00      495.00        0.00
     0     7     1460.00      499.00        0.00
     0     7     1464.00      505.00        0.00
     0     7     1470.00      509.00        0.00
     0     7     1474.00      513.00        0.00
     0     7     1480.00      517.00        0.00
     0     7     1486.00      521.00        0.00
     0     7     1490.00      527.00        0.00
     0     7     1496.00      529.00        0.00
     0     7     1502.00      535.00        0.00
     0     7     1508.00      539.00        0.00
     0     7     1512.00      543.00        0.00
     0     7     1516.00      549.00        0.00
     0     7     1520.00      553.00        0.00
     0     7     1524.00      557.00        0.00
     0     7     1526.00      563.00        0.00
     0     7     1530.00      567.00        0.00
     0     7     1534.00      571.00        0.00
     0     7     1540.00      575.00        0.00
     0     7     1544.00      579.00        0.00
     0     7     1550.00      583.00        0.00
     0     7     1556.00      585.00        0.00
     0     7     1560.00      591.00        0.00
     0     7     1564.00      595.00        0.00
     0     7     1568.00      599.00        0.00
     0     7     1572.00      603.00        0.00
     0     7     1576.00      607.00        0.00
     0     7     1580.00      611.00        0.00
     0     7     1586.00      615.00        0.00
     0     7     1588.00      621.00        0.00
     0     7     1588.00      627.00        0.00
     0     7     1588.00      633.00        0.00
     0     7     1592.00      639.00        0.00
     0     7     1596.00      643.00        0.00
     0     7     1602.00      645.00        0.00
     0     7     1606.00      649.00        0.00
     0     7     1610.00      655.00        0.00
     0     7     1614.00      659.00        0.00
     0     7     1620.00      661.00        0.00
     0     7     1624.00      665.00        0.00
     0     7     1628.00      669.00        0.00
     0     7     1634.00      673.00        0.00
     0     7     1638.00      677.00        0.00
     0     7     1644.00      681.00        0.00
     0     7     1648.00      685.00        0.00
     0     7     1656.00      691.00        0.00
     0     7     1660.00      697.00        0.00
     0     7     1664.00      701.00        0.00
     0     7     1668.00      707.00        0.00
     0     7     1672.00      713.00        0.00
     0     7     1676.00      719.00        0.00
     0     7     1680.00      723.00        0.00
     0     7     1684.00      727.00        0.00
     0     7     1688.00      731.00        0.00
     0     7     1692.00      737.00        0.00
     0     7     1696.00      741.00        0.00
     0     7     1700.00      745.00        0.00
     0     7     1702.00      751.00        0.00
     0     7     1704.00      757.00        0.00
     0     7     1708.00      761.00        0.00
     0     7     1710.00      767.00        0.00
     0     7     1714.00      771.00        0.00
     0     7     1720.00      777.00        0.00
     0     7     1724.00      783.00        0.00
     0     7     1726.00      789.00        0.00
     0     7     1730.00      795.00        0.00
     0     7     1734.00      801.00        0.00
     0     7     1738.00      807.00        0.00
     0     7     1738.00      813.00        0.00
     0     7     1742.00      819.00        0.00
     0     7     1746.00      825.00        0.00
     0     7     1748.00      831.00        0.00
     0     7     1750.00      837.00        0.00
     0     7     1752.00      845.00        0.00
     0     7     1754.00      853.00        0.00
     0     7     1756.00      859.00        0.00
     0     7     1758.00      865.00        0.00
     0     7     1764.00      875.00        0.00
     0     7     1768.00      883.00        0.00
     0     7     1772.00      889.00        0.00
     0     7     1776.00      899.00        0.00
     0     7     1780.00      903.00        0.00
     0     7     1786.00      911.00        0.00
     0     7     1790.00      915.00        0.00
     0     7     1794.00      921.00        0.00
     0     7     1798.00      927.00        0.00
     0     7     1804.00      929.00        0.00
     0     7     1810.00      931.00        0.00
     0     7     1816.00      933.00        0.00
     0     7     1822.00      933.00        0.00
     0     7     1828.00      931.00        0.00
     0     7     1836.00      931.00        0.00
     0     7     1844.00      929.00        0.00
     0     7     1852.00      929.00        0.00
     0     7     1858.00      927.00        0.00
     0     7     1862.00      923.00        0.00
     0     7     1866.00      917.00        0.00
     0     7     1866.00      911.00        0.00
     0     7     1866.00      905.00        0.00
     0     7     1864.00      899.00        0.00
     0     7     1862.00      893.00        0.00
     0     7     1860.00      885.00        0.00
     0     7     1856.00      877.00        0.00
     0     7     1850.00      869.00        0.00
     0     7     1846.00      861.00        0.00
     0     7     1842.00      855.00        0.00
     0     7     1838.00      849.00        0.00
     0     7     1834.00      841.00        0.00
     0     7     1832.00      835.00        0.00
     0     7     1828.00      829.00        0.00
     0     7     1826.00      821.00        0.00
     0     7     1822.00      811.00        0.00
     0     7     1822.00      805.00        0.00
     0     7     1820.00      797.00        0.00
     0     7     1816.00      791.00        0.00
     0     7     1814.00      781.00        0.00
     0     7     1810.00      777.00        0.00
     0     7     1808.00      771.00        0.00
     0     7     1804.00      761.00        0.00
     0     7     1800.00      755.00        0.00
     0     7     1794.00      749.00        0.00
     0     7     1790.00      743.00        0.00
     0     7     1782.00      735.00        0.00
     0     7     1776.00      729.00        0.00
     0     7     1768.00      721.00        0.00
     0     7     1762.00      717.00        0.00
     0     7     1756.00      709.00        0.00
     0     7     1750.00      703.00        0.00
     0     7     1744.00      697.00        0.00
     0     7     1740.00      691.00        0.00
     0     7     1736.00      685.00        0.00
     0     7     1732.00      681.00        0.00
     0     7     1728.00      677.00        0.00
     0     7     1724.00      673.00        0.00
     0     7     1720.00      669.00        0.00
     0     7     1716.00      663.00        0.00
     0     7     1712.00      659.00        0.00
     0     7     1708.00      653.00        0.00
     0     7     1704.00      649.00        0.00
     0     7     1702.00      641.00        0.00
     0     7     1698.00      637.00        0.00
     0     7     1696.00      631.00        0.00
     0     7     1692.00      625.00        0.00
     0     7     1688.00      621.00        0.00
     0     7     1682.00      619.00        0.00
     0     7     1674.00      617.00        0.00
     0     7     1670.00      613.00        0.00
     0     7     1660.00      609.00        0.00
     0     7     1652.00      605.00        0.00
     0     7     1646.00      601.00        0.00
     0     7     1638.00      597.00        0.00
     0     7     1628.00      591.00        0.00
     0     7     1622.00      587.00        0.00
     0     7     1616.00      581.00        0.00
     0     7     1608.00      577.00        0.00
     0     7     1602.00      573.00        0.00
     0     7     1596.00      567.00        0.00
     0     7     1590.00      563.00        0.00
     0     7     1586.00      559.00        0.00
     0     7     1580.00      555.00        0.00
     0     7     1574.00      549.00        0.00
     0     7     1570.00      545.00        0.00
     0     7     1566.00      541.00        0.00
     0     7     1562.00      533.00        0.00
     0     7     1556.00      529.00        0.00
     0     7     1552.00      525.00        0.00
     0     7     1544.00      521.00        0.00
     0     7     1536.00      517.00        0.00
     0     7     1532.00      513.00        0.00
     0     7     1526.00      511.00        0.00
     0     7     1522.00      507.00        0.00
     0     7     1516.00      503.00        0.00
     0     7     1508.00      497.00        0.00
     0     7     1502.00      493.00        0.00
     0     7     1496.00      489.00        0.00
     0     7     1490.00      485.00        0.00
     0     7     1486.00      481.00        0.00
     0     7     1480.00      477.00        0.00
     0     7     1476.00      473.00        0.00
     0     7     1472.00      469.00        0.00
     0     7     1466.00      465.00        0.00
     0     7     1460.00      463.00        0.00
     0     7     1452.00      459.00        0.00
     0     7     1448.00      453.00        0.00
     0     7     1440.00      447.00        0.00
     0     7     1436.00      443.00        0.00
     0     7     1430.00      439.00        0.00
     0     7     1426.00      435.00        0.00
     0     7     1420.00      431.00        0.00
     0     7     1416.00      427.00        0.00
     0     7     1412.00      423.00        0.00
     0     7     1406.00      419.00        0.00
     0     7     1402.00      415.00        0.00
     0     7     1398.00      411.00        0.00
     0     7     1394.00      407.00        0.00
     0     7     1390.00      403.00        0.00
     0     7     1384.00      401.00        0.00
     0     7     1380.00      395.00        0.00
     0     7     1374.00      391.00        0.00
     0     7     1370.00      387.00        0.00
     0     7     1362.00      383.00        0.00
     0     7     1356.00      377.00        0.00
     0     7     1352.00      373.00        0.00
     0     7     1346.00      369.00        0.00
     0     7     1340.00      363.00        0.00
     0     7     1334.00      359.00        0.00
     0     7     1330.00      353.00        0.00
     0     7     1324.00      351.00        0.00
     0     7     1328.00      357.00        0.00
     0     7     1332.00      361.00        0.00
     0     7     1336.00      365.00        0.00
     0     8     1632.00      225.00        0.00
     0     8     1638.00      235.00        0.00
     0     8     1642.00      241.00        0.00
     0     8     1640.00      247.00        0.00
     0     8     1636.00      251.00        0.00
     0     8     1630.00      253.00        0.00
     0     8     1624.00      255.00        0.00
     0     8     1618.00      259.00        0.00
     0     8     1610.00      261.00        0.00
     0     8     1604.00      261.00        0.00
     0     8     1598.00      261.00        0.00
     0     8     1592.00      265.00        0.00
     0     8     1586.00      269.00        0.00
     0     8     1580.00      273.00        0.00
     0     8     1576.00      277.00        0.00
     0     8     1572.00      281.00        0.00
     0     8     1566.00      283.00        0.00
     0     8     1562.00      287.00        0.00
     0     8     1556.00      289.00        0.00
     0     8     1548.00      287.00        0.00
     0     8     1544.00      283.00        0.00
     0     8     1538.00      279.00        0.00
     0     8     1534.00      273.00        0.00
     0     8     1528.00      269.00        0.00
     0     8     1524.00      265.00        0.00
     0     8     1520.00      261.00        0.00
     0     8     1516.00      257.00        0.00
     0     8     1512.00      253.00        0.00
     0     8     1508.00      247.00        0.00
     0     8     1504.00      241.00        0.00
     0     8     1500.00      237.00        0.00
     0     8     1496.00      233.00        0.00
     0     8     1492.00      227.00        0.00
     0     8     1488.00      221.00        0.00
     0     8     1484.00      215.00        0.00
     0     8     1482.00      209.00        0.00
     0     8     1478.00      203.00        0.00
     0     8     1476.00      197.00        0.00
     0     8     1474.00      191.00        0.00
     0     8     1472.00      185.00        0.00
     0     8     1472.00      177.00        0.00
     0     8     1470.00      169.00        0.00
     0     8     1470.00      163.00        0.00
     0     8     1470.00      157.00        0.00
     0     8     1472.00      151.00        0.00
     0     8     1472.00      145.00        0.00
     0     8     1472.00      139.00        0.00
     0     8     1466.00      133.00        0.00
     0     8     1466.00      127.00        0.00
     0     8     1472.00      127.00        0.00
     0     8     1480.00      129.00        0.00
     0     8     1486.00      131.00        0.00
     0     8     1494.00      131.00        0.00
     0     8     1500.00      131.00        0.00
     0     8     1506.00      129.00        0.00
     0     8     1514.00      127.00        0.00
     0     8     1518.00      123.00        0.00
     0     8     1526.00      121.00        0.00
     0     8     1530.00      117.00        0.00
     0     8     1534.00      111.00        0.00
     0     8     1540.00      107.00        0.00
     0     8     1544.00      101.00        0.00
     0     8     1550.00       99.00        0.00
     0     8     1554.00       95.00        0.00
     0     8     1560.00       93.00        0.00
     0     8     1566.00       89.00        0.00
     0     8     1572.00       85.00        0.00
     0     8     1576.00       81.00        0.00
     0     8     1582.00       77.00        0.00
     0     8     1588.00       75.00        0.00
     0     8     1596.00       73.00        0.00
     0     8     1604.00       71.00        0.00
     0     8     1610.00       69.00        0.00
     0     8     1618.00       65.00        0.00
     0     8     1626.00       63.00        0.00
     0     8     1632.00       61.00        0.00
     0     8     1642.00       59.00        0.00
     0     8     1648.00       57.00        0.00
     0     8     1656.00       57.00        0.00
     0     8     1664.00       57.00        0.00
     0     8     1670.00       55.00        0.00
     0     8     1676.00       55.00        0.00
     0     8     1684.00       55.00        0.00
     0     8     1692.00       57.00        0.00
     0     8     1698.00       57.00        0.00
     0     8     1700.00       63.00        0.00
     0     8     1692.00       65.00        0.00
     0     8     1686.00       69.00        0.00
     0     8     1680.00       73.00        0.00
     0     8     1672.00       77.00        0.00
     0     8     1668.00       81.00        0.00
     0     8     1662.00       85.00        0.00
     0     8     1658.00       89.00        0.00
     0     8     1652.00       93.00        0.00
     0     8     1648.00       97.00        0.00
     0     8     1644.00      101.00        0.00
     0     8     1640.00      105.00        0.00
     0     8     1636.00      109.00        0.00
     0     8     1632.00      115.00        0.00
     0     8     1628.00      119.00        0.00
     0     8     1628.00      125.00        0.00
     0     8     1630.00      131.00        0.00
     0     8     1632.00      137.00        0.00
     0     8     1632.00      143.00        0.00
     0     8     1634.00      151.00        0.00
     0     8     1636.00      157.00        0.00
     0     8     1638.00      163.00        0.00
     0     8     1642.00      167.00        0.00
     0     8     1644.00      173.00        0.00
     0     8     1644.00      179.00        0.00
     0     9      904.00      733.00        0.00
     0     9      914.00      743.00        0.00
     0     9      920.00      747.00        0.00
     0     9      924.00      751.00        0.00
     0     9      930.00      757.00        0.00
     0     9      934.00      763.00        0.00
     0     9      940.00      767.00        0.00
     0     9      944.00      771.00        0.00
     0     9      948.00      775.00        0.00
     0     9      952.00      779.00        0.00
     0     9      956.00      783.00        0.00
     0     9      962.00      787.00        0.00
     0     9      968.00      789.00        0.00
     0     9      974.00      793.00        0.00
     0     9      980.00      795.00        0.00
     0     9      986.00      799.00        0.00
     0     9      992.00      803.00        0.00
     0     9      998.00      805.00        0.00
     0     9     1002.00      809.00        0.00
     0     9     1010.00      811.00        0.00
     0     9     1016.00      811.00        0.00
     0     9     1022.00      811.00        0.00
     0     9     1028.00      811.00        0.00
     0     9     1034.00      809.00        0.00
     0     9     1040.00      807.00        0.00
     0     9     1044.00      803.00        0.00
     0     9     1046.00      797.00        0.00
     0     9     1046.00      791.00        0.00
     0     9     1050.00      785.00        0.00
     0     9     1052.00      779.00        0.00
     0     9     1056.00      775.00        0.00
     0     9     1060.00      771.00        0.00
     0     9     1066.00      771.00        0.00
     0     9     1070.00      775.00        0.00
     0     9     1078.00      779.00        0.00
     0     9     1082.00      783.00        0.00
     0     9     1088.00      785.00        0.00
     0     9     1096.00      785.00        0.00
     0     9     1102.00      785.00        0.00
     0     9     1108.00      787.00        0.00
     0     9     1114.00      789.00        0.00
     0     9     1116.00      795.00        0.00
     0     9     1120.00      801.00        0.00
     0     9     1120.00      807.00        0.00
     0     9     1122.00      813.00        0.00
     0     9     1122.00      819.00        0.00
     0     9     1122.00      825.00        0.00
     0     9     1122.00      831.00        0.00
     0     9     1122.00      837.00        0.00
     0     9     1122.00      843.00        0.00
     0     9     1122.00      849.00        0.00
     0     9     1124.00      855.00        0.00
     0     9     1126.00      861.00        0.00
     0     9     1130.00      865.00        0.00
     0     9     1134.00      871.00        0.00
     0     9     1136.00      877.00        0.00
     0     9     1140.00      881.00        0.00
     0     9     1144.00      887.00        0.00
     0     9     1148.00      891.00        0.00
     0     9     1152.00      897.00        0.00
     0     9     1154.00      903.00        0.00
     0     9     1154.00      909.00        0.00
     0     9     1154.00      915.00        0.00
     0     9     1150.00      919.00        0.00
     0     9     1144.00      921.00        0.00
     0     9     1138.00      925.00        0.00
     0     9     1134.00      929.00        0.00
     0     9     1130.00      933.00        0.00
     0     9     1126.00      937.00        0.00
     0     9     1120.00      941.00        0.00
     0     9     1116.00      945.00        0.00
     0     9     1112.00      949.00        0.00
     0     9     1108.00      953.00        0.00
     0     9     1104.00      959.00        0.00
     0     9     1100.00      965.00        0.00
     0     9     1096.00      969.00        0.00
     0     9     1092.00      973.00        0.00
     0     9     1086.00      977.00        0.00
     0     9     1082.00      981.00        0.00
     0     9     1078.00      987.00        0.00
     0     9     1074.00      991.00        0.00
     0     9     1070.00      995.00        0.00
     0     9     1064.00      995.00        0.00
     0     9     1058.00      997.00        0.00
     0     9     1052.00      997.00        0.00
     0     9     1048.00      993.00        0.00
     0     9     1044.00      985.00        0.00
     0     9     1042.00      979.00        0.00
     0     9     1040.00      971.00        0.00
     0     9     1036.00      967.00        0.00
     0     9     1032.00      959.00        0.00
     0     9     1030.00      953.00        0.00
     0     9     1028.00      945.00        0.00
     0     9     1024.00      937.00        0.00
     0     9     1024.00      929.00        0.00
     0     9     1022.00      923.00        0.00
     0     9     1020.00      917.00        0.00
     0     9     1018.00      911.00        0.00
     0     9     1018.00      905.00        0.00
     0     9     1016.00      897.00        0.00
     0     9     1012.00      889.00        0.00
     0     9     1010.00      881.00        0.00
     0     9     1006.00      875.00        0.00
     0     9     1002.00      867.00        0.00
     0     9     1000.00      861.00        0.00
     0     9     1000.00      855.00        0.00
     0     9      998.00      849.00        0.00
     0     9      998.00      841.00        0.00
     0     9      998.00      835.00        0.00
     0     9      998.00      829.00        0.00
     0     9     1000.00      823.00        0.00
     0     9     1000.00      817.00        0.00
     0     9      996.00      813.00        0.00
     0     9      990.00      809.00        0.00
     0     9      984.00      807.00        0.00
     0     9      978.00      803.00        0.00
     0     9      974.00      799.00        0.00
     0     9      968.00      795.00        0.00
     0     9      962.00      791.00        0.00
     0     9      958.00      787.00        0.00
     0    10     1354.00     1269.00        0.00
     0    10     1352.00     1279.00        0.00
     0    10     1348.00     1285.00        0.00
     0    10     1344.00     1289.00        0.00
     0    10     1336.00     1289.00        0.00
     0    10     1330.00     1285.00        0.00
     0    10     1326.00     1281.00        0.00
     0    10     1320.00     1277.00        0.00
     0    10     1316.00     1271.00        0.00
     0    10     1312.00     1265.00        0.00
     0    10     1312.00     1257.00        0.00
     0    10     1310.00     1249.00        0.00
     0    10     1310.00     1239.00        0.00
     0    10     1310.00     1231.00        0.00
     0    10     1310.00     1225.00        0.00
     0    10     1310.00     1215.00        0.00
     0    10     1310.00     1207.00        0.00
     0    10     1310.00     1199.00        0.00
     0    10     1308.00     1193.00        0.00
     0    10     1304.00     1187.00        0.00
     0    10     1302.00     1181.00        0.00
     0    10     1300.00     1173.00        0.00
     0    10     1296.00     1167.00        0.00
     0    10     1294.00     1161.00        0.00
     0    10     1290.00     1153.00        0.00
     0    10     1286.00     1147.00        0.00
     0    10     1284.00     1141.00        0.00
     0    10     1280.00     1137.00        0.00
     0    10     1274.00     1137.00        0.00
     0    10     1268.00     1135.00        0.00
     0    10     1262.00     1133.00        0.00
     0    10     1258.00     1127.00        0.00
     0    10     1254.00     1121.00        0.00
     0    10     1250.00     1113.00        0.00
     0    10     1246.00     1105.00        0.00
     0    10     1240.00     1097.00        0.00
     0    10     1238.00     1091.00        0.00
     0    10     1234.00     1085.00        0.00
     0    10     1232.00     1077.00        0.00
     0    10     1230.00     1069.00        0.00
     0    10     1228.00     1061.00        0.00
     0    10     1226.00     1053.00        0.00
     0    10     1224.00     1047.00        0.00
     0    10     1220.00     1041.00        0.00
     0    10     1216.00     1033.00        0.00
     0    10     1212.00     1027.00        0.00
     0    10     1208.00     1021.00        0.00
     0    10     1206.00     1013.00        0.00
     0    10     1204.00     1005.00        0.00
     0    10     1204.00      997.00        0.00
     0    10     1202.00      989.00        0.00
     0    10     1200.00      981.00        0.00
     0    10     1200.00      975.00        0.00
     0    10     1198.00      969.00        0.00
     0    10     1198.00      963.00        0.00
     0    10     1202.00      957.00        0.00
     0    10     1206.00      953.00        0.00
     0    10     1210.00      949.00        0.00
     0    10     1216.00      945.00        0.00
     0    10     1222.00      939.00        0.00
     0    10     1226.00      935.00        0.00
     0    10     1228.00      929.00        0.00
     0    10     1228.00      923.00        0.00
     0    10     1230.00      917.00        0.00
     0    10     1230.00      911.00        0.00
     0    10     1228.00      901.00        0.00
     0    10     1228.00      893.00        0.00
     0    10     1226.00      887.00        0.00
     0    10     1224.00      875.00        0.00
     0    10     1224.00      867.00        0.00
     0    10     1220.00      857.00        0.00
     0    10     1216.00      845.00        0.00
     0    10     1212.00      835.00        0.00
     0    10     1208.00      825.00        0.00
     0    10     1204.00      813.00        0.00
     0    10     1200.00      805.00        0.00
     0    10     1196.00      795.00        0.00
     0    10     1190.00      777.00        0.00
     0    10     1188.00      769.00        0.00
     0    10     1184.00      759.00        0.00
     0    10     1180.00      745.00        0.00
     0    10     1180.00      739.00        0.00
     0    10     1180.00      731.00        0.00
     0    10     1176.00      723.00        0.00
     0    10     1178.00      731.00        0.00
     0    10     1180.00      741.00        0.00
     0    10     1180.00      747.00        0.00
     0    10     1182.00      755.00        0.00
     0    10     1186.00      767.00        0.00
     0    10     1188.00      773.00        0.00
     0    10     1192.00      785.00        0.00
     0    10     1194.00      791.00        0.00
     0    10     1198.00      797.00        0.00
     0    10     1200.00      807.00        0.00
     0    10     1204.00      815.00        0.00
     0    10     1208.00      823.00        0.00
     0    10     1210.00      829.00        0.00
     0    10     1212.00      837.00        0.00
     0    10     1214.00      843.00        0.00
     0    10     1216.00      851.00        0.00
     0    10     1218.00      857.00        0.00
     0    10     1220.00      865.00        0.00
     0    10     1224.00      871.00        0.00
     0    10     1226.00      877.00        0.00
     0    10     1228.00      887.00        0.00
     0    10     1230.00      893.00        0.00
     0    10     1232.00      899.00        0.00
     0    10     1236.00      905.00        0.00
     0    10     1240.00      911.00        0.00
     0    10     1244.00      917.00        0.00
     0    10     1248.00      921.00        0.00
     0    10     1252.00      927.00        0.00
     0    10     1254.00      933.00        0.00
     0    10     1256.00      939.00        0.00
     0    10     1258.00      945.00        0.00
     0    10     1258.00      953.00        0.00
     0    10     1260.00      959.00        0.00
     0    10     1260.00      967.00        0.00
     0    10     1262.00      973.00        0.00
     0    10     1264.00      979.00        0.00
     0    10     1266.00      985.00        0.00
     0    10     1268.00      993.00        0.00
     0    10     1270.00      999.00        0.00
     0    10     1274.00     1005.00        0.00
     0    10     1278.00     1015.00        0.00
     0    10     1280.00     1021.00        0.00
     0    10     1284.00     1027.00        0.00
     0    10     1288.00     1031.00        0.00
     0    10     1292.00     1035.00        0.00
     0    10     1298.00     1043.00        0.00
     0    10     1302.00     1047.00        0.00
     0    10     1308.00     1051.00        0.00
     0    10     1314.00     1055.00        0.00
     0    10     1318.00     1059.00        0.00
     0    10     1324.00     1065.00        0.00
     0    10     1330.00     1069.00        0.00
     0    10     1332.00     1075.00        0.00
     0    10     1336.00     1081.00        0.00
     0    10     1342.00     1089.00        0.00
     0    10     1344.00     1097.00        0.00
     0    10     1346.00     1103.00        0.00
     0    10     1346.00     1109.00        0.00
     0    10     1344.00     1115.00        0.00
     0    10     1342.00     1121.00        0.00
     0    10     1340.00     1127.00        0.00
     0    10     1338.00     1133.00        0.00
     0    10     1338.00     1139.00        0.00
     0    10     1340.00     1145.00        0.00
     0    10     1342.00     1151.00        0.00
     0    10     1344.00     1159.00        0.00
     0    10     1344.00     1165.00        0.00
     0    10     1342.00     1171.00        0.00
     0    10     1342.00     1177.00        0.00
     0    10     1340.00     1183.00        0.00
     0    10     1340.00     1189.00        0.00
     0    10     1340.00     1195.00        0.00
     0    10     1340.00     1201.00        0.00
     0    10     1340.00     1207.00        0.00
     0    10     1340.00     1213.00        0.00
     0    10     1342.00     1219.00        0.00
     0    10     1342.00     1225.00        0.00
     0    10     1344.00     1231.00        0.00
     0    10     1346.00     1237.00        0.00
     0    11     1532.00     1325.00        0.00
     0    11     1522.00     1327.00        0.00
     0    11     1516.00     1331.00        0.00
     0    11     1512.00     1335.00        0.00
     0    11     1508.00     1339.00        0.00
     0    11     1502.00     1343.00        0.00
     0    11     1496.00     1343.00        0.00
     0    11     1490.00     1343.00        0.00
     0    11     1484.00     1341.00        0.00
     0    11     1480.00     1337.00        0.00
     0    11     1474.00     1335.00        0.00
     0    11     1468.00     1335.00        0.00
     0    11     1462.00     1335.00        0.00
     0    11     1456.00     1333.00        0.00
     0    11     1450.00     1329.00        0.00
     0    11     1446.00     1325.00        0.00
     0    11     1444.00     1319.00        0.00
     0    11     1444.00     1313.00        0.00
     0    11     1448.00     1307.00        0.00
     0    11     1450.00     1301.00        0.00
     0    11     1450.00     1295.00        0.00
     0    11     1450.00     1289.00        0.00
     0    11     1452.00     1283.00        0.00
     0    11     1452.00     1277.00        0.00
     0    11     1450.00     1271.00        0.00
     0    11     1450.00     1265.00        0.00
     0    11     1452.00     1259.00        0.00
     0    11     1456.00     1253.00        0.00
     0    11     1458.00     1247.00        0.00
     0    11     1462.00     1243.00        0.00
     0    11     1466.00     1239.00        0.00
     0    11     1472.00     1235.00        0.00
     0    11     1478.00     1233.00        0.00
     0    11     1484.00     1233.00        0.00
     0    11     1490.00     1229.00        0.00
     0    11     1496.00     1227.00        0.00
     0    11     1502.00     1225.00        0.00
     0    11     1508.00     1219.00        0.00
     0    11     1514.00     1215.00        0.00
     0    11     1520.00     1209.00        0.00
     0    11     1524.00     1205.00        0.00
     0    11     1526.00     1197.00        0.00
     0    11     1530.00     1193.00        0.00
     0    11     1534.00     1189.00        0.00
     0    11     1540.00     1185.00        0.00
     0    11     1544.00     1181.00        0.00
     0    11     1552.00     1177.00        0.00
     0    11     1558.00     1173.00        0.00
     0    11     1564.00     1171.00        0.00
     0    11     1570.00     1169.00        0.00
     0    11     1576.00     1167.00        0.00
     0    11     1582.00     1165.00        0.00
     0    11     1588.00     1165.00        0.00
     0    11     1594.00     1165.00        0.00
     0    11     1602.00     1167.00        0.00
     0    11     1606.00     1171.00        0.00
     0    11     1612.00     1175.00        0.00
     0    11     1616.00     1179.00        0.00
     0    11     1618.00     1185.00        0.00
     0    11     1620.00     1191.00        0.00
     0    11     1622.00     1197.00        0.00
     0    11     1624.00     1203.00        0.00
     0    11     1624.00     1211.00        0.00
     0    11     1626.00     1219.00        0.00
     0    11     1626.00     1227.00        0.00
     0    11     1624.00     1233.00        0.00
     0    11     1624.00     1239.00        0.00
     0    11     1620.00     1245.00        0.00
     0    11     1616.00     1253.00        0.00
     0    11     1610.00     1257.00        0.00
     0    11     1606.00     1263.00        0.00
     0    11     1602.00     1267.00        0.00
     0    11     1598.00     1271.00        0.00
     0    11     1594.00     1275.00        0.00
     0    11     1590.00     1279.00        0.00
     0    11     1586.00     1285.00        0.00
     0    11     1582.00     1289.00        0.00
     0    11     1578.00     1293.00        0.00
     0    11     1572.00     1295.00        0.00
