     0     0      536.00      915.00        0.00
     0     0      526.00      925.00        0.00
     0     0      520.00      929.00        0.00
     0     0      516.00      933.00        0.00
     0     0      512.00      937.00        0.00
     0     0      508.00      941.00        0.00
     0     0      502.00      945.00        0.00
     0     0      496.00      947.00        0.00
     0     0      490.00      951.00        0.00
     0     0      484.00      955.00        0.00
     0     0      480.00      959.00        0.00
     0     0      474.00      961.00        0.00
     0     0      466.00      961.00        0.00
     0     0      460.00      963.00        0.00
     0     0      452.00      963.00        0.00
     0     0      446.00      963.00        0.00
     0     0      440.00      963.00        0.00
     0     0      434.00      963.00        0.00
     0     0      428.00      961.00        0.00
     0     0      422.00      953.00        0.00
     0     0      420.00      947.00        0.00
     0     0      418.00      941.00        0.00
     0     0      416.00      935.00        0.00
     0     0      416.00      929.00        0.00
     0     0      414.00      923.00        0.00
     0     0      414.00      917.00        0.00
     0     0      414.00      911.00        0.00
     0     0      414.00      905.00        0.00
     0     0      416.00      899.00        0.00
     0     0      416.00      893.00        0.00
     0     0      414.00      887.00        0.00
     0     0      410.00      881.00        0.00
     0     0      406.00      877.00        0.00
     0     0      402.00      873.00        0.00
     0     0      398.00      869.00        0.00
     0     0      394.00      863.00        0.00
     0     0      392.00      857.00        0.00
     0     0      390.00      851.00        0.00
     0     0      388.00      845.00        0.00
     0     0      386.00      839.00        0.00
     0     0      384.00      833.00        0.00
     0     0      382.00      825.00        0.00
     0     0      380.00      817.00        0.00
     0     0      378.00      811.00        0.00
     0     0      376.00      803.00        0.00
     0     0      376.00      795.00        0.00
     0     0      376.00      789.00        0.00
     0     0      374.00      783.00        0.00
     0     0      372.00      777.00        0.00
     0     0      372.00      771.00        0.00
     0     0      372.00      765.00        0.00
     0     0      374.00      759.00        0.00
     0     0      378.00      755.00        0.00
     0     0      384.00      755.00        0.00
     0     0      390.00      755.00        0.00
     0     0      396.00      753.00        0.00
     0     0      402.00      753.00        0.00
     0     0      408.00      753.00        0.00
     0     0      414.00      753.00        0.00
     0     0      420.00      753.00        0.00
     0     0      428.00      757.00        0.00
     0     0      434.00      757.00        0.00
     0     0      442.00      757.00        0.00
     0     0      450.00      761.00        0.00
     0     0      456.00      763.00        0.00
     0     0      464.00      767.00        0.00
     0     0      470.00      771.00        0.00
     0     0      478.00      773.00        0.00
     0     0      484.00      777.00        0.00
     0     0      490.00      779.00        0.00
     0     0      498.00      781.00        0.00
     0     0      506.00      781.00        0.00
     0     0      512.00      777.00        0.00
     0     0      516.00      773.00        0.00
     0     0      522.00      769.00        0.00
     0     0      526.00      765.00        0.00
     0     0      530.00      761.00        0.00
     0     0      534.00      757.00        0.00
     0     0      540.00      753.00        0.00
     0     0      544.00      747.00        0.00
     0     0      548.00      741.00        0.00
     0     0      550.00      735.00        0.00
     0     0      554.00      731.00        0.00
     0     0      558.00      725.00        0.00
     0     0      562.00      721.00        0.00
     0     0      566.00      717.00        0.00
     0     0      572.00      711.00        0.00
     0     0      576.00      705.00        0.00
     0     0      578.00      711.00        0.00
     0     0      576.00      717.00        0.00
     0     0      574.00      723.00        0.00
     0     0      568.00      725.00        0.00
     0     0      564.00      731.00        0.00
     0     0      560.00      735.00        0.00
     0     0      556.00      741.00        0.00
     0     0      554.00      747.00        0.00
     0     0      550.00      751.00        0.00
     0     0      548.00      757.00        0.00
     0     0      546.00      763.00        0.00
     0     0      542.00      769.00        0.00
     0     0      540.00      775.00        0.00
     0     0      540.00      781.00        0.00
     0     0      540.00      787.00        0.00
     0     0      540.00      793.00        0.00
     0     0      540.00      799.00        0.00
     0     0      540.00      805.00        0.00
     0     0      538.00      813.00        0.00
     0     0      538.00      819.00        0.00
     0     0      536.00      825.00        0.00
     0     0      536.00      831.00        0.00
     0     0      534.00      837.00        0.00
     0     0      534.00      843.00        0.00
     0     0      532.00      849.00        0.00
     0     0      532.00      855.00        0.00
     0     0      532.00      861.00        0.00
     0     1      518.00      635.00        0.00
     0     1      528.00      635.00        0.00
     0     1      534.00      635.00        0.00
     0     1      540.00      635.00        0.00
     0     1      548.00      639.00        0.00
     0     1      554.00      641.00        0.00
     0     1      560.00      643.00        0.00
     0     1      564.00      647.00        0.00
     0     1      568.00      651.00        0.00
     0     1      574.00      653.00        0.00
     0     1      580.00      655.00        0.00
     0     1      586.00      659.00        0.00
     0     1      592.00      663.00        0.00
     0     1      592.00      669.00        0.00
     0     1      592.00      675.00        0.00
     0     1      592.00      681.00        0.00
     0     1      598.00      683.00        0.00
     0     1      604.00      681.00        0.00
     0     1      608.00      677.00        0.00
     0     1      614.00      671.00        0.00
     0     1      622.00      669.00        0.00
     0     1      632.00      667.00        0.00
     0     1      638.00      665.00        0.00
     0     1      646.00      663.00        0.00
     0     1      652.00      661.00        0.00
     0     1      660.00      661.00        0.00
     0     1      666.00      661.00        0.00
     0     1      672.00      661.00        0.00
     0     1      678.00      661.00        0.00
     0     1      686.00      661.00        0.00
     0     1      692.00      661.00        0.00
     0     1      700.00      659.00        0.00
     0     1      706.00      659.00        0.00
     0     1      712.00      659.00        0.00
     0     1      718.00      659.00        0.00
     0     1      724.00      659.00        0.00
     0     1      730.00      657.00        0.00
     0     1      736.00      655.00        0.00
     0     1      742.00      651.00        0.00
     0     1      748.00      647.00        0.00
     0     1      752.00      643.00        0.00
     0     1      756.00      637.00        0.00
     0     1      760.00      633.00        0.00
     0     1      760.00      627.00        0.00
     0     1      762.00      621.00        0.00
     0     1      764.00      615.00        0.00
     0     1      766.00      609.00        0.00
     0     1      766.00      601.00        0.00
     0     1      766.00      595.00        0.00
     0     1      766.00      587.00        0.00
     0     1      764.00      581.00        0.00
     0     1      762.00      573.00        0.00
     0     1      758.00      567.00        0.00
     0     1      754.00      561.00        0.00
     0     1      750.00      555.00        0.00
     0     1      744.00      551.00        0.00
     0     1      738.00      551.00        0.00
     0     1      732.00      549.00        0.00
     0     1      724.00      549.00        0.00
     0     1      718.00      547.00        0.00
     0     1      712.00      547.00        0.00
     0     1      706.00      547.00        0.00
     0     1      698.00      549.00        0.00
     0     1      692.00      553.00        0.00
     0     1      684.00      557.00        0.00
     0     1      678.00      561.00        0.00
     0     1      672.00      567.00        0.00
     0     1      666.00      569.00        0.00
     0     1      660.00      571.00        0.00
     0     1      654.00      575.00        0.00
     0     1      648.00      577.00        0.00
     0     1      642.00      579.00        0.00
     0     1      630.00      581.00        0.00
     0     1      622.00      583.00        0.00
     0     1      614.00      585.00        0.00
     0     1      608.00      589.00        0.00
     0     1      602.00      591.00        0.00
     0     1      598.00      595.00        0.00
     0     1      592.00      597.00        0.00
     0     1      586.00      603.00        0.00
     0     1      582.00      607.00        0.00
     0     1      578.00      611.00        0.00
     0     1      574.00      615.00        0.00
     0     1      566.00      619.00        0.00
     0     1      560.00      621.00        0.00
     0     1      554.00      623.00        0.00
     0     1      550.00      627.00        0.00
     0     2      892.00      539.00        0.00
     0     2      900.00      561.00        0.00
     0     2      902.00      567.00        0.00
     0     2      906.00      573.00        0.00
     0     2      908.00      579.00        0.00
     0     2      912.00      583.00        0.00
     0     2      916.00      587.00        0.00
     0     2      920.00      593.00        0.00
     0     2      922.00      599.00        0.00
     0     2      926.00      605.00        0.00
     0     2      928.00      611.00        0.00
     0     2      934.00      615.00        0.00
     0     2      938.00      619.00        0.00
     0     2      944.00      623.00        0.00
     0     2      948.00      627.00        0.00
     0     2      950.00      633.00        0.00
     0     2      950.00      639.00        0.00
     0     2      950.00      645.00        0.00
     0     2      950.00      651.00        0.00
     0     2      948.00      657.00        0.00
     0     2      944.00      663.00        0.00
     0     2      940.00      667.00        0.00
     0     2      932.00      669.00        0.00
     0     2      924.00      671.00        0.00
     0     2      918.00      675.00        0.00
     0     2      914.00      679.00        0.00
     0     2      912.00      685.00        0.00
     0     2      910.00      691.00        0.00
     0     2      908.00      697.00        0.00
     0     2      906.00      703.00        0.00
     0     2      900.00      707.00        0.00
     0     2      894.00      711.00        0.00
     0     2      888.00      713.00        0.00
     0     2      880.00      711.00        0.00
     0     2      874.00      709.00        0.00
     0     2      866.00      707.00        0.00
     0     2      862.00      703.00        0.00
     0     2      856.00      697.00        0.00
     0     2      852.00      691.00        0.00
     0     2      848.00      685.00        0.00
     0     2      844.00      675.00        0.00
     0     2      842.00      669.00        0.00
     0     2      840.00      663.00        0.00
     0     2      840.00      657.00        0.00
     0     2      838.00      649.00        0.00
     0     2      836.00      643.00        0.00
     0     2      834.00      635.00        0.00
     0     2      834.00      629.00        0.00
     0     2      834.00      623.00        0.00
     0     2      834.00      617.00        0.00
     0     2      834.00      611.00        0.00
     0     2      834.00      605.00        0.00
     0     2      836.00      599.00        0.00
     0     2      840.00      595.00        0.00
     0     2      844.00      589.00        0.00
     0     2      850.00      585.00        0.00
     0     2      854.00      581.00        0.00
     0     2      858.00      577.00        0.00
     0     2      862.00      573.00        0.00
     0     2      866.00      567.00        0.00
     0     2      870.00      561.00        0.00
     0     2      874.00      555.00        0.00
     0     2      878.00      551.00        0.00
     0     3      906.00      581.00        0.00
     0     3      924.00      571.00        0.00
     0     3      930.00      565.00        0.00
     0     3      936.00      559.00        0.00
     0     3      942.00      557.00        0.00
     0     3      948.00      553.00        0.00
     0     3      954.00      551.00        0.00
     0     3      960.00      549.00        0.00
     0     3      968.00      547.00        0.00
     0     3      972.00      541.00        0.00
     0     3      976.00      533.00        0.00
     0     3      980.00      525.00        0.00
     0     3      982.00      519.00        0.00
     0     3      984.00      513.00        0.00
     0     3      986.00      507.00        0.00
     0     3      988.00      501.00        0.00
     0     3      988.00      493.00        0.00
     0     3      990.00      487.00        0.00
     0     3      990.00      481.00        0.00
     0     3      992.00      475.00        0.00
     0     3      994.00      469.00        0.00
     0     3      996.00      463.00        0.00
     0     3      998.00      455.00        0.00
     0     3      998.00      449.00        0.00
     0     3      998.00      443.00        0.00
     0     3      996.00      435.00        0.00
     0     3      994.00      429.00        0.00
     0     3      992.00      423.00        0.00
     0     3      990.00      417.00        0.00
     0     3      986.00      413.00        0.00
     0     3      980.00      411.00        0.00
     0     3      974.00      409.00        0.00
     0     3      968.00      407.00        0.00
     0     3      962.00      403.00        0.00
     0     3      956.00      403.00        0.00
     0     3      950.00      403.00        0.00
     0     3      944.00      403.00        0.00
     0     3      938.00      403.00        0.00
     0     3      932.00      403.00        0.00
     0     3      926.00      403.00        0.00
     0     3      918.00      405.00        0.00
     0     3      912.00      405.00        0.00
     0     3      906.00      409.00        0.00
     0     3      898.00      413.00        0.00
     0     3      894.00      419.00        0.00
     0     3      890.00      425.00        0.00
     0     3      884.00      429.00        0.00
     0     3      880.00      435.00        0.00
     0     3      876.00      441.00        0.00
     0     3      874.00      447.00        0.00
     0     3      872.00      453.00        0.00
     0     3      870.00      461.00        0.00
     0     3      870.00      467.00        0.00
     0     3      870.00      473.00        0.00
     0     3      872.00      479.00        0.00
     0     3      876.00      485.00        0.00
     0     3      880.00      491.00        0.00
     0     3      882.00      497.00        0.00
     0     3      882.00      505.00        0.00
     0     3      884.00      513.00        0.00
     0     3      884.00      519.00        0.00
     0     3      884.00      527.00        0.00
     0     3      886.00      533.00        0.00
     0     3      890.00      537.00        0.00
     0     3      894.00      541.00        0.00
     0     3      898.00      545.00        0.00
     0     3      904.00      549.00        0.00
     0     3      908.00      555.00        0.00
     0     3      912.00      559.00        0.00
     0     4     1064.00      753.00        0.00
     0     4     1056.00      741.00        0.00
     0     4     1054.00      735.00        0.00
     0     4     1052.00      729.00        0.00
     0     4     1050.00      721.00        0.00
     0     4     1046.00      713.00        0.00
     0     4     1044.00      707.00        0.00
     0     4     1044.00      701.00        0.00
     0     4     1040.00      695.00        0.00
     0     4     1036.00      689.00        0.00
     0     4     1036.00      683.00        0.00
     0     4     1036.00      675.00        0.00
     0     4     1036.00      669.00        0.00
     0     4     1040.00      663.00        0.00
     0     4     1044.00      659.00        0.00
     0     4     1048.00      653.00        0.00
     0     4     1052.00      649.00        0.00
     0     4     1056.00      645.00        0.00
     0     4     1062.00      645.00        0.00
     0     4     1070.00      645.00        0.00
     0     4     1076.00      645.00        0.00
     0     4     1082.00      645.00        0.00
     0     4     1090.00      645.00        0.00
     0     4     1098.00      645.00        0.00
     0     4     1104.00      645.00        0.00
     0     4     1110.00      645.00        0.00
     0     4     1116.00      645.00        0.00
     0     4     1122.00      647.00        0.00
     0     4     1128.00      649.00        0.00
     0     4     1136.00      649.00        0.00
     0     4     1142.00      651.00        0.00
     0     4     1150.00      653.00        0.00
     0     4     1156.00      655.00        0.00
     0     4     1162.00      657.00        0.00
     0     4     1168.00      661.00        0.00
     0     4     1176.00      663.00        0.00
     0     4     1184.00      665.00        0.00
     0     4     1188.00      669.00        0.00
     0     4     1194.00      671.00        0.00
     0     4     1198.00      675.00        0.00
     0     4     1204.00      679.00        0.00
     0     4     1208.00      685.00        0.00
     0     4     1212.00      691.00        0.00
     0     4     1212.00      697.00        0.00
     0     4     1214.00      703.00        0.00
     0     4     1216.00      709.00        0.00
     0     4     1216.00      715.00        0.00
     0     4     1220.00      723.00        0.00
     0     4     1222.00      729.00        0.00
     0     4     1224.00      735.00        0.00
     0     4     1228.00      741.00        0.00
     0     4     1232.00      745.00        0.00
     0     4     1236.00      751.00        0.00
     0     4     1238.00      757.00        0.00
     0     4     1240.00      763.00        0.00
     0     4     1234.00      765.00        0.00
     0     4     1228.00      765.00        0.00
     0     4     1220.00      765.00        0.00
     0     4     1214.00      761.00        0.00
     0     4     1208.00      761.00        0.00
     0     4     1202.00      759.00        0.00
     0     4     1196.00      757.00        0.00
     0     4     1188.00      755.00        0.00
     0     4     1182.00      753.00        0.00
     0     4     1176.00      753.00        0.00
     0     4     1168.00      751.00        0.00
     0     4     1162.00      751.00        0.00
     0     4     1156.00      751.00        0.00
     0     4     1148.00      751.00        0.00
     0     4     1142.00      751.00        0.00
     0     4     1136.00      751.00        0.00
     0     4     1130.00      751.00        0.00
     0     4     1124.00      751.00        0.00
     0     4     1118.00      753.00        0.00
     0     5     1296.00      513.00        0.00
     0     5     1278.00      513.00        0.00
     0     5     1270.00      517.00        0.00
     0     5     1262.00      519.00        0.00
     0     5     1254.00      521.00        0.00
     0     5     1246.00      525.00        0.00
     0     5     1238.00      527.00        0.00
     0     5     1226.00      529.00        0.00
     0     5     1218.00      529.00        0.00
     0     5     1212.00      529.00        0.00
     0     5     1204.00      529.00        0.00
     0     5     1198.00      529.00        0.00
     0     5     1192.00      529.00        0.00
     0     5     1186.00      529.00        0.00
     0     5     1180.00      527.00        0.00
     0     5     1174.00      525.00        0.00
     0     5     1168.00      521.00        0.00
     0     5     1162.00      519.00        0.00
     0     5     1154.00      515.00        0.00
     0     5     1148.00      513.00        0.00
     0     5     1142.00      511.00        0.00
     0     5     1136.00      511.00        0.00
     0     5     1124.00      507.00        0.00
     0     5     1118.00      503.00        0.00
     0     5     1112.00      499.00        0.00
     0     5     1104.00      493.00        0.00
     0     5     1100.00      489.00        0.00
     0     5     1094.00      485.00        0.00
     0     5     1086.00      479.00        0.00
     0     5     1082.00      473.00        0.00
     0     5     1076.00      469.00        0.00
     0     5     1072.00      465.00        0.00
     0     5     1068.00      461.00        0.00
     0     5     1064.00      455.00        0.00
     0     5     1060.00      449.00        0.00
     0     5     1058.00      441.00        0.00
     0     5     1056.00      435.00        0.00
     0     5     1056.00      429.00        0.00
     0     5     1056.00      421.00        0.00
     0     5     1058.00      415.00        0.00
     0     5     1062.00      411.00        0.00
     0     5     1068.00      407.00        0.00
     0     5     1074.00      405.00        0.00
     0     5     1080.00      405.00        0.00
     0     5     1086.00      403.00        0.00
     0     5     1092.00      403.00        0.00
     0     5     1100.00      403.00        0.00
     0     5     1106.00      405.00        0.00
     0     5     1114.00      407.00        0.00
     0     5     1120.00      411.00        0.00
     0     5     1128.00      415.00        0.00
     0     5     1134.00      417.00        0.00
     0     5     1142.00      423.00        0.00
     0     5     1148.00      425.00        0.00
     0     5     1154.00      427.00        0.00
     0     5     1160.00      429.00        0.00
     0     5     1166.00      431.00        0.00
     0     5     1172.00      433.00        0.00
     0     5     1178.00      433.00        0.00
     0     5     1186.00      435.00        0.00
     0     5     1192.00      437.00        0.00
     0     5     1198.00      439.00        0.00
     0     5     1204.00      439.00        0.00
     0     5     1212.00      441.00        0.00
     0     5     1218.00      443.00        0.00
     0     5     1224.00      445.00        0.00
     0     5     1230.00      445.00        0.00
     0     5     1238.00      447.00        0.00
     0     5     1244.00      449.00        0.00
     0     5     1252.00      451.00        0.00
     0     5     1258.00      453.00        0.00
     0     5     1264.00      455.00        0.00
     0     5     1270.00      459.00        0.00
     0     5     1274.00      463.00        0.00
     0     5     1278.00      467.00        0.00
     0     5     1282.00      471.00        0.00
     0     5     1286.00      477.00        0.00
     0     5     1288.00      483.00        0.00
     0     5     1292.00      487.00        0.00
     0     5     1296.00      491.00        0.00
     0     6      820.00      287.00        0.00
     0     6      800.00      297.00        0.00
     0     6      790.00      301.00        0.00
     0     6      782.00      303.00        0.00
     0     6      774.00      307.00        0.00
     0     6      768.00      309.00        0.00
     0     6      762.00      313.00        0.00
     0     6      756.00      315.00        0.00
     0     6      748.00      319.00        0.00
     0     6      738.00      323.00        0.00
     0     6      734.00      327.00        0.00
     0     6      730.00      331.00        0.00
     0     6      724.00      335.00        0.00
     0     6      720.00      341.00        0.00
     0     6      716.00      345.00        0.00
     0     6      712.00      351.00        0.00
     0     6      708.00      355.00        0.00
     0     6      704.00      361.00        0.00
     0     6      698.00      367.00        0.00
     0     6      692.00      369.00        0.00
     0     6      686.00      369.00        0.00
     0     6      680.00      367.00        0.00
     0     6      676.00      363.00        0.00
     0     6      672.00      359.00        0.00
     0     6      670.00      351.00        0.00
     0     6      666.00      343.00        0.00
     0     6      666.00      337.00        0.00
     0     6      662.00      331.00        0.00
     0     6      660.00      325.00        0.00
     0     6      660.00      319.00        0.00
     0     6      662.00      313.00        0.00
     0     6      666.00      307.00        0.00
     0     6      672.00      303.00        0.00
     0     6      676.00      299.00        0.00
     0     6      682.00      297.00        0.00
     0     6      686.00      293.00        0.00
     0     6      692.00      291.00        0.00
     0     6      698.00      289.00        0.00
     0     6      702.00      285.00        0.00
     0     6      708.00      283.00        0.00
     0     6      714.00      281.00        0.00
     0     6      722.00      279.00        0.00
     0     6      728.00      277.00        0.00
     0     6      736.00      277.00        0.00
     0     6      742.00      275.00        0.00
     0     6      750.00      275.00        0.00
     0     6      758.00      273.00        0.00
     0     6      764.00      271.00        0.00
     0     6      770.00      271.00        0.00
     0     6      776.00      269.00        0.00
     0     6      782.00      269.00        0.00
     0     6      788.00      269.00        0.00
     0     6      794.00      267.00        0.00
     0     6      800.00      267.00        0.00
     0     6      806.00      267.00        0.00
     0     6      812.00      267.00        0.00
     0     6      818.00      269.00        0.00
     0     6      824.00      271.00        0.00
     0     7     1008.00      283.00        0.00
     0     7     1000.00      289.00        0.00
     0     7      996.00      293.00        0.00
     0     7      990.00      295.00        0.00
     0     7      984.00      295.00        0.00
     0     7      978.00      297.00        0.00
     0     7      972.00      297.00        0.00
     0     7      964.00      297.00        0.00
     0     7      956.00      297.00        0.00
     0     7      948.00      297.00        0.00
     0     7      940.00      297.00        0.00
     0     7      934.00      297.00        0.00
     0     7      926.00      295.00        0.00
     0     7      916.00      293.00        0.00
     0     7      908.00      291.00        0.00
     0     7      902.00      291.00        0.00
     0     7      896.00      289.00        0.00
     0     7      888.00      287.00        0.00
     0     7      882.00      283.00        0.00
     0     7      876.00      283.00        0.00
     0     7      870.00      281.00        0.00
     0     7      862.00      279.00        0.00
     0     7      854.00      277.00        0.00
     0     7      848.00      277.00        0.00
     0     7      842.00      275.00        0.00
     0     7      836.00      273.00        0.00
     0     7      830.00      271.00        0.00
     0     7      824.00      267.00        0.00
     0     7      818.00      265.00        0.00
     0     7      812.00      265.00        0.00
     0     7      806.00      265.00        0.00
     0     7      800.00      265.00        0.00
     0     7      792.00      265.00        0.00
     0     7      786.00      265.00        0.00
     0     7      780.00      265.00        0.00
     0     7      774.00      265.00        0.00
     0     7      768.00      265.00        0.00
     0     7      768.00      259.00        0.00
     0     7      772.00      255.00        0.00
     0     7      776.00      251.00        0.00
     0     7      778.00      245.00        0.00
     0     7      782.00      239.00        0.00
     0     7      782.00      233.00        0.00
     0     7      782.00      227.00        0.00
     0     7      778.00      221.00        0.00
     0     7      776.00      215.00        0.00
     0     7      772.00      209.00        0.00
     0     7      770.00      203.00        0.00
     0     7      770.00      197.00        0.00
     0     7      772.00      191.00        0.00
     0     7      782.00      189.00        0.00
     0     7      788.00      187.00        0.00
     0     7      794.00      185.00        0.00
     0     7      800.00      185.00        0.00
     0     7      808.00      185.00        0.00
     0     7      814.00      185.00        0.00
     0     7      822.00      187.00        0.00
     0     7      828.00      189.00        0.00
     0     7      836.00      191.00        0.00
     0     7      840.00      195.00        0.00
     0     7      846.00      199.00        0.00
     0     7      852.00      201.00        0.00
     0     7      856.00      205.00        0.00
     0     7      862.00      207.00        0.00
     0     7      868.00      213.00        0.00
     0     7      872.00      217.00        0.00
     0     7      878.00      221.00        0.00
     0     7      884.00      225.00        0.00
     0     7      888.00      229.00        0.00
     0     7      896.00      233.00        0.00
     0     7      902.00      235.00        0.00
     0     7      910.00      237.00        0.00
     0     7      918.00      239.00        0.00
     0     7      926.00      241.00        0.00
     0     7      936.00      243.00        0.00
     0     7      944.00      245.00        0.00
     0     7      952.00      247.00        0.00
     0     7      964.00      249.00        0.00
     0     7      970.00      249.00        0.00
     0     7      976.00      249.00        0.00
     0     7      984.00      249.00        0.00
     0     7      990.00      251.00        0.00
     0     7      996.00      251.00        0.00
     0     7     1002.00      253.00        0.00
     0     7     1010.00      255.00        0.00
     0     7     1016.00      257.00        0.00
     0     7     1018.00      263.00        0.00
     0     8     1020.00      285.00        0.00
     0     8     1026.00      287.00        0.00
     0     8     1032.00      291.00        0.00
     0     8     1038.00      295.00        0.00
     0     8     1042.00      299.00        0.00
     0     8     1048.00      301.00        0.00
     0     8     1052.00      305.00        0.00
     0     8     1056.00      311.00        0.00
     0     8     1062.00      315.00        0.00
     0     8     1068.00      319.00        0.00
     0     8     1072.00      323.00        0.00
     0     8     1076.00      327.00        0.00
     0     8     1080.00      331.00        0.00
     0     8     1084.00      335.00        0.00
     0     8     1090.00      339.00        0.00
     0     8     1094.00      343.00        0.00
     0     8     1100.00      347.00        0.00
     0     8     1104.00      351.00        0.00
     0     8     1108.00      355.00        0.00
     0     8     1112.00      359.00        0.00
     0     8     1118.00      363.00        0.00
     0     8     1124.00      367.00        0.00
     0     8     1130.00      371.00        0.00
     0     8     1136.00      373.00        0.00
     0     8     1142.00      377.00        0.00
     0     8     1150.00      379.00        0.00
     0     8     1156.00      381.00        0.00
     0     8     1164.00      383.00        0.00
     0     8     1170.00      385.00        0.00
     0     8     1176.00      389.00        0.00
     0     8     1182.00      391.00        0.00
     0     8     1190.00      395.00        0.00
     0     8     1196.00      399.00        0.00
     0     8     1202.00      401.00        0.00
     0     8     1208.00      403.00        0.00
     0     8     1214.00      407.00        0.00
     0     8     1220.00      409.00        0.00
     0     8     1226.00      411.00        0.00
     0     8     1232.00      413.00        0.00
     0     8     1238.00      415.00        0.00
     0     8     1242.00      419.00        0.00
     0     8     1248.00      419.00        0.00
     0     8     1254.00      421.00        0.00
     0     8     1260.00      425.00        0.00
     0     8     1266.00      427.00        0.00
     0     8     1270.00      431.00        0.00
     0     8     1276.00      435.00        0.00
     0     8     1280.00      439.00        0.00
     0     8     1286.00      441.00        0.00
     0     8     1292.00      443.00        0.00
     0     8     1298.00      445.00        0.00
     0     8     1304.00      447.00        0.00
     0     8     1310.00      449.00        0.00
     0     8     1316.00      449.00        0.00
     0     8     1326.00      451.00        0.00
     0     8     1332.00      453.00        0.00
     0     8     1340.00      457.00        0.00
     0     8     1348.00      459.00        0.00
     0     8     1354.00      461.00        0.00
     0     8     1362.00      465.00        0.00
     0     8     1370.00      469.00        0.00
     0     8     1374.00      473.00        0.00
     0     8     1380.00      475.00        0.00
     0     8     1386.00      477.00        0.00
     0     8     1392.00      479.00        0.00
     0     8     1398.00      481.00        0.00
     0     8     1404.00      481.00        0.00
     0     8     1410.00      479.00        0.00
     0     8     1410.00      473.00        0.00
     0     8     1412.00      467.00        0.00
     0     8     1416.00      463.00        0.00
     0     8     1420.00      457.00        0.00
     0     8     1422.00      451.00        0.00
     0     8     1426.00      447.00        0.00
     0     8     1426.00      441.00        0.00
     0     8     1422.00      437.00        0.00
     0     8     1416.00      435.00        0.00
     0     8     1408.00      433.00        0.00
     0     8     1402.00      431.00        0.00
     0     8     1396.00      427.00        0.00
     0     8     1388.00      425.00        0.00
     0     8     1382.00      423.00        0.00
     0     8     1376.00      421.00        0.00
     0     8     1370.00      419.00        0.00
     0     8     1362.00      417.00        0.00
     0     8     1356.00      417.00        0.00
     0     8     1348.00      415.00        0.00
     0     8     1340.00      413.00        0.00
     0     8     1334.00      413.00        0.00
     0     8     1324.00      409.00        0.00
     0     8     1316.00      409.00        0.00
     0     8     1308.00      407.00        0.00
     0     8     1300.00      407.00        0.00
     0     8     1294.00      405.00        0.00
     0     8     1288.00      405.00        0.00
     0     8     1282.00      405.00        0.00
     0     8     1276.00      407.00        0.00
     0     8     1270.00      407.00        0.00
     0     8     1262.00      407.00        0.00
     0     8     1254.00      407.00        0.00
     0     8     1248.00      407.00        0.00
     0     8     1240.00      407.00        0.00
     0     8     1232.00      405.00        0.00
     0     8     1226.00      405.00        0.00
     0     8     1220.00      403.00        0.00
     0     8     1214.00      401.00        0.00
     0     8     1208.00      399.00        0.00
     0     8     1202.00      397.00        0.00
     0     8     1196.00      393.00        0.00
     0     8     1190.00      391.00        0.00
     0     8     1184.00      387.00        0.00
     0     8     1178.00      383.00        0.00
     0     8     1172.00      381.00        0.00
     0     8     1168.00      377.00        0.00
     0     8     1162.00      375.00        0.00
     0     8     1156.00      373.00        0.00
     0     8     1152.00      369.00        0.00
     0     8     1146.00      367.00        0.00
     0     8     1140.00      363.00        0.00
     0     8     1134.00      361.00        0.00
     0     8     1128.00      359.00        0.00
     0     8     1122.00      357.00        0.00
     0     8     1118.00      353.00        0.00
     0     8     1112.00      351.00        0.00
     0     8     1106.00      345.00        0.00
     0     8     1100.00      343.00        0.00
     0     8     1096.00      339.00        0.00
     0     8     1090.00      335.00        0.00
     0     8     1084.00      331.00        0.00
     0     8     1078.00      327.00        0.00
     0     8     1072.00      323.00        0.00
     0     9     1030.00      273.00        0.00
     0     9     1052.00      271.00        0.00
     0     9     1060.00      271.00        0.00
     0     9     1070.00      271.00        0.00
     0     9     1078.00      273.00        0.00
     0     9     1086.00      273.00        0.00
     0     9     1094.00      273.00        0.00
     0     9     1104.00      273.00        0.00
     0     9     1110.00      275.00        0.00
     0     9     1118.00      275.00        0.00
     0     9     1124.00      275.00        0.00
     0     9     1130.00      277.00        0.00
     0     9     1138.00      277.00        0.00
     0     9     1144.00      277.00        0.00
     0     9     1152.00      277.00        0.00
     0     9     1162.00      279.00        0.00
     0     9     1170.00      279.00        0.00
     0     9     1178.00      281.00        0.00
     0     9     1186.00      281.00        0.00
     0     9     1194.00      283.00        0.00
     0     9     1200.00      287.00        0.00
     0     9     1206.00      289.00        0.00
     0     9     1212.00      289.00        0.00
     0     9     1218.00      291.00        0.00
     0     9     1222.00      297.00        0.00
     0     9     1228.00      301.00        0.00
     0     9     1234.00      305.00        0.00
     0     9     1240.00      307.00        0.00
     0     9     1250.00      311.00        0.00
     0     9     1254.00      315.00        0.00
     0     9     1260.00      317.00        0.00
     0     9     1268.00      317.00        0.00
     0     9     1276.00      317.00        0.00
     0     9     1282.00      317.00        0.00
     0     9     1288.00      317.00        0.00
     0     9     1296.00      313.00        0.00
     0     9     1302.00      311.00        0.00
     0     9     1310.00      307.00        0.00
     0     9     1316.00      305.00        0.00
     0     9     1322.00      303.00        0.00
     0     9     1328.00      301.00        0.00
     0     9     1334.00      299.00        0.00
     0     9     1340.00      297.00        0.00
     0     9     1344.00      293.00        0.00
     0     9     1346.00      287.00        0.00
     0     9     1346.00      281.00        0.00
     0     9     1348.00      275.00        0.00
     0     9     1350.00      269.00        0.00
     0     9     1352.00      263.00        0.00
     0     9     1346.00      261.00        0.00
     0     9     1338.00      259.00        0.00
     0     9     1330.00      257.00        0.00
     0     9     1322.00      253.00        0.00
     0     9     1314.00      251.00        0.00
     0     9     1304.00      247.00        0.00
     0     9     1298.00      245.00        0.00
     0     9     1294.00      241.00        0.00
     0     9     1288.00      237.00        0.00
     0     9     1284.00      231.00        0.00
     0     9     1280.00      223.00        0.00
     0     9     1278.00      217.00        0.00
     0     9     1278.00      211.00        0.00
     0     9     1274.00      203.00        0.00
     0     9     1274.00      197.00        0.00
     0     9     1270.00      191.00        0.00
     0     9     1268.00      185.00        0.00
     0     9     1266.00      179.00        0.00
     0     9     1260.00      179.00        0.00
     0     9     1252.00      179.00        0.00
     0     9     1242.00      183.00        0.00
     0     9     1234.00      185.00        0.00
     0     9     1228.00      185.00        0.00
     0     9     1218.00      187.00        0.00
     0     9     1210.00      187.00        0.00
     0     9     1200.00      193.00        0.00
     0     9     1190.00      195.00        0.00
     0     9     1184.00      195.00        0.00
     0     9     1178.00      197.00        0.00
     0     9     1168.00      199.00        0.00
     0     9     1160.00      199.00        0.00
     0     9     1152.00      201.00        0.00
     0     9     1146.00      203.00        0.00
     0     9     1140.00      205.00        0.00
     0     9     1132.00      205.00        0.00
     0     9     1126.00      207.00        0.00
     0     9     1118.00      211.00        0.00
     0     9     1112.00      215.00        0.00
     0     9     1106.00      219.00        0.00
     0     9     1102.00      223.00        0.00
     0     9     1100.00      229.00        0.00
     0     9     1098.00      235.00        0.00
     0     9     1104.00      237.00        0.00
     0     9     1110.00      237.00        0.00
     0     9     1116.00      239.00        0.00
     0     9     1110.00      241.00        0.00
     0     9     1102.00      243.00        0.00
     0     9     1094.00      245.00        0.00
     0     9     1088.00      247.00        0.00
     0     9     1084.00      251.00        0.00
     0     9     1078.00      253.00        0.00
     0    10     1512.00      301.00        0.00
     0    10     1508.00      307.00        0.00
     0    10     1504.00      311.00        0.00
     0    10     1502.00      317.00        0.00
     0    10     1500.00      323.00        0.00
     0    10     1498.00      329.00        0.00
     0    10     1498.00      335.00        0.00
     0    10     1498.00      341.00        0.00
     0    10     1496.00      347.00        0.00
     0    10     1496.00      353.00        0.00
     0    10     1496.00      359.00        0.00
     0    10     1496.00      365.00        0.00
     0    10     1496.00      371.00        0.00
     0    10     1496.00      377.00        0.00
     0    10     1498.00      383.00        0.00
     0    10     1502.00      389.00        0.00
     0    10     1502.00      395.00        0.00
     0    10     1498.00      399.00        0.00
     0    10     1494.00      403.00        0.00
     0    10     1490.00      407.00        0.00
     0    10     1484.00      409.00        0.00
     0    10     1476.00      413.00        0.00
     0    10     1470.00      417.00        0.00
     0    10     1462.00      421.00        0.00
     0    10     1456.00      423.00        0.00
     0    10     1452.00      427.00        0.00
     0    10     1446.00      429.00        0.00
     0    10     1440.00      431.00        0.00
     0    10     1432.00      431.00        0.00
     0    10     1424.00      431.00        0.00
     0    10     1418.00      431.00        0.00
     0    10     1410.00      431.00        0.00
     0    10     1404.00      431.00        0.00
     0    10     1398.00      429.00        0.00
     0    10     1392.00      425.00        0.00
     0    10     1386.00      423.00        0.00
     0    10     1380.00      421.00        0.00
     0    10     1374.00      417.00        0.00
     0    10     1368.00      417.00        0.00
     0    10     1362.00      415.00        0.00
     0    10     1356.00      413.00        0.00
     0    10     1348.00      413.00        0.00
     0    10     1342.00      411.00        0.00
     0    10     1340.00      405.00        0.00
     0    10     1340.00      399.00        0.00
     0    10     1340.00      393.00        0.00
     0    10     1344.00      389.00        0.00
     0    10     1348.00      383.00        0.00
     0    10     1354.00      379.00        0.00
     0    10     1360.00      377.00        0.00
     0    10     1366.00      377.00        0.00
     0    10     1372.00      377.00        0.00
     0    10     1378.00      375.00        0.00
     0    10     1382.00      371.00        0.00
     0    10     1388.00      369.00        0.00
     0    10     1394.00      365.00        0.00
     0    10     1398.00      361.00        0.00
     0    10     1402.00      357.00        0.00
     0    10     1406.00      351.00        0.00
     0    10     1410.00      345.00        0.00
     0    10     1412.00      339.00        0.00
     0    10     1418.00      335.00        0.00
     0    10     1424.00      333.00        0.00
     0    10     1430.00      331.00        0.00
     0    10     1436.00      331.00        0.00
     0    10     1444.00      331.00        0.00
     0    10     1450.00      331.00        0.00
     0    10     1456.00      331.00        0.00
     0    10     1462.00      331.00        0.00
     0    10     1468.00      331.00        0.00
     0    10     1474.00      331.00        0.00
     0    10     1480.00      329.00        0.00
     0    10     1486.00      325.00        0.00
     0    11     1618.00      361.00        0.00
     0    11     1604.00      379.00        0.00
     0    11     1600.00      385.00        0.00
     0    11     1598.00      391.00        0.00
     0    11     1596.00      399.00        0.00
     0    11     1594.00      405.00        0.00
     0    11     1594.00      411.00        0.00
     0    11     1592.00      417.00        0.00
     0    11     1592.00      423.00        0.00
     0    11     1592.00      429.00        0.00
     0    11     1588.00      433.00        0.00
     0    11     1584.00      437.00        0.00
     0    11     1580.00      441.00        0.00
     0    11     1574.00      445.00        0.00
     0    11     1568.00      447.00        0.00
     0    11     1568.00      453.00        0.00
     0    11     1570.00      459.00        0.00
     0    11     1564.00      465.00        0.00
     0    11     1558.00      467.00        0.00
     0    11     1552.00      469.00        0.00
     0    11     1542.00      471.00        0.00
     0    11     1534.00      473.00        0.00
     0    11     1528.00      477.00        0.00
     0    11     1522.00      481.00        0.00
     0    11     1516.00      485.00        0.00
     0    11     1510.00      489.00        0.00
     0    11     1504.00      493.00        0.00
     0    11     1498.00      497.00        0.00
     0    11     1492.00      499.00        0.00
     0    11     1486.00      501.00        0.00
     0    11     1478.00      505.00        0.00
     0    11     1468.00      505.00        0.00
     0    11     1462.00      507.00        0.00
     0    11     1456.00      507.00        0.00
     0    11     1450.00      505.00        0.00
     0    11     1442.00      501.00        0.00
     0    11     1436.00      499.00        0.00
     0    11     1432.00      495.00        0.00
     0    11     1428.00      491.00        0.00
     0    11     1422.00      489.00        0.00
     0    11     1414.00      483.00        0.00
     0    11     1410.00      479.00        0.00
     0    11     1410.00      473.00        0.00
     0    11     1412.00      467.00        0.00
     0    11     1414.00      461.00        0.00
     0    11     1418.00      457.00        0.00
     0    11     1420.00      451.00        0.00
     0    11     1424.00      445.00        0.00
     0    11     1426.00      439.00        0.00
     0    11     1430.00      435.00        0.00
     0    11     1434.00      431.00        0.00
     0    11     1440.00      429.00        0.00
     0    11     1446.00      427.00        0.00
     0    11     1452.00      425.00        0.00
     0    11     1458.00      423.00        0.00
     0    11     1464.00      421.00        0.00
     0    11     1470.00      419.00        0.00
     0    11     1476.00      417.00        0.00
     0    11     1484.00      413.00        0.00
     0    11     1490.00      411.00        0.00
     0    11     1496.00      409.00        0.00
     0    11     1502.00      405.00        0.00
     0    11     1508.00      403.00        0.00
     0    11     1514.00      401.00        0.00
     0    11     1520.00      397.00        0.00
     0    11     1526.00      393.00        0.00
     0    11     1532.00      391.00        0.00
     0    11     1536.00      387.00        0.00
     0    11     1542.00      385.00        0.00
     0    11     1548.00      383.00        0.00
     0    11     1554.00      381.00        0.00
     0    11     1560.00      379.00        0.00
     0    11     1566.00      377.00        0.00
     0    11     1572.00      377.00        0.00
     0    12     1664.00      345.00        0.00
     0    12     1670.00      365.00        0.00
     0    12     1672.00      371.00        0.00
     0    12     1676.00      377.00        0.00
     0    12     1680.00      381.00        0.00
     0    12     1684.00      387.00        0.00
     0    12     1688.00      391.00        0.00
     0    12     1694.00      395.00        0.00
     0    12     1700.00      397.00        0.00
     0    12     1706.00      397.00        0.00
     0    12     1714.00      399.00        0.00
     0    12     1720.00      401.00        0.00
     0    12     1728.00      401.00        0.00
     0    12     1734.00      403.00        0.00
     0    12     1740.00      405.00        0.00
     0    12     1746.00      407.00        0.00
     0    12     1752.00      411.00        0.00
     0    12     1760.00      415.00        0.00
     0    12     1764.00      419.00        0.00
     0    12     1774.00      423.00        0.00
     0    12     1780.00      425.00        0.00
     0    12     1786.00      427.00        0.00
     0    12     1792.00      431.00        0.00
     0    12     1796.00      435.00        0.00
     0    12     1802.00      439.00        0.00
     0    12     1796.00      441.00        0.00
     0    12     1790.00      441.00        0.00
     0    12     1778.00      439.00        0.00
     0    12     1766.00      439.00        0.00
     0    12     1756.00      439.00        0.00
     0    12     1748.00      439.00        0.00
     0    12     1740.00      439.00        0.00
     0    12     1734.00      439.00        0.00
     0    12     1726.00      443.00        0.00
     0    12     1720.00      447.00        0.00
     0    12     1712.00      451.00        0.00
     0    12     1708.00      455.00        0.00
     0    12     1704.00      459.00        0.00
     0    12     1700.00      463.00        0.00
     0    12     1696.00      471.00        0.00
     0    12     1694.00      477.00        0.00
     0    12     1692.00      483.00        0.00
     0    12     1690.00      491.00        0.00
     0    12     1686.00      497.00        0.00
     0    12     1686.00      503.00        0.00
     0    12     1684.00      509.00        0.00
     0    12     1682.00      515.00        0.00
     0    12     1682.00      523.00        0.00
     0    12     1682.00      529.00        0.00
     0    12     1684.00      539.00        0.00
     0    12     1684.00      545.00        0.00
     0    12     1684.00      553.00        0.00
     0    12     1684.00      559.00        0.00
     0    12     1684.00      565.00        0.00
     0    12     1682.00      571.00        0.00
     0    12     1682.00      577.00        0.00
     0    12     1682.00      585.00        0.00
     0    12     1682.00      591.00        0.00
     0    12     1678.00      595.00        0.00
     0    12     1672.00      597.00        0.00
     0    12     1664.00      599.00        0.00
     0    12     1658.00      599.00        0.00
     0    12     1652.00      597.00        0.00
     0    12     1646.00      597.00        0.00
     0    12     1638.00      597.00        0.00
     0    12     1632.00      601.00        0.00
     0    12     1628.00      605.00        0.00
     0    12     1620.00      605.00        0.00
     0    12     1614.00      599.00        0.00
     0    12     1610.00      595.00        0.00
     0    12     1608.00      589.00        0.00
     0    12     1602.00      581.00        0.00
     0    12     1598.00      575.00        0.00
     0    12     1592.00      569.00        0.00
     0    12     1586.00      563.00        0.00
     0    12     1580.00      559.00        0.00
     0    12     1574.00      557.00        0.00
     0    12     1568.00      553.00        0.00
     0    12     1564.00      547.00        0.00
     0    12     1560.00      541.00        0.00
     0    12     1556.00      531.00        0.00
     0    12     1552.00      527.00        0.00
     0    12     1552.00      521.00        0.00
     0    12     1550.00      515.00        0.00
     0    12     1548.00      507.00        0.00
     0    12     1546.00      501.00        0.00
     0    12     1550.00      497.00        0.00
     0    12     1556.00      495.00        0.00
     0    12     1560.00      491.00        0.00
     0    12     1564.00      487.00        0.00
     0    12     1568.00      481.00        0.00
     0    12     1568.00      475.00        0.00
     0    12     1568.00      469.00        0.00
     0    12     1568.00      463.00        0.00
     0    12     1572.00      459.00        0.00
     0    12     1574.00      453.00        0.00
     0    12     1578.00      449.00        0.00
     0    12     1582.00      445.00        0.00
     0    12     1586.00      441.00        0.00
     0    12     1590.00      437.00        0.00
     0    12     1594.00      433.00        0.00
     0    12     1598.00      429.00        0.00
     0    12     1602.00      421.00        0.00
     0    12     1602.00      415.00        0.00
     0    12     1602.00      409.00        0.00
     0    12     1606.00      405.00        0.00
     0    12     1612.00      403.00        0.00
     0    12     1618.00      401.00        0.00
     0    12     1624.00      399.00        0.00
     0    12     1630.00      395.00        0.00
     0    12     1636.00      393.00        0.00
     0    12     1640.00      389.00        0.00
     0    12     1644.00      385.00        0.00
     0    12     1648.00      381.00        0.00
     0    12     1652.00      377.00        0.00
     0    12     1656.00      373.00        0.00
     0    12     1660.00      367.00        0.00
     0    13     1606.00      633.00        0.00
     0    13     1610.00      637.00        0.00
     0    13     1616.00      641.00        0.00
     0    13     1622.00      645.00        0.00
     0    13     1628.00      647.00        0.00
     0    13     1634.00      649.00        0.00
     0    13     1640.00      651.00        0.00
     0    13     1648.00      653.00        0.00
     0    13     1654.00      653.00        0.00
     0    13     1660.00      657.00        0.00
     0    13     1666.00      659.00        0.00
     0    13     1672.00      661.00        0.00
     0    13     1676.00      665.00        0.00
     0    13     1682.00      669.00        0.00
     0    13     1686.00      673.00        0.00
     0    13     1690.00      679.00        0.00
     0    13     1694.00      685.00        0.00
     0    13     1696.00      691.00        0.00
     0    13     1696.00      701.00        0.00
     0    13     1696.00      709.00        0.00
     0    13     1698.00      717.00        0.00
     0    13     1698.00      725.00        0.00
     0    13     1698.00      731.00        0.00
     0    13     1696.00      737.00        0.00
     0    13     1694.00      745.00        0.00
     0    13     1692.00      753.00        0.00
     0    13     1688.00      757.00        0.00
     0    13     1684.00      761.00        0.00
     0    13     1682.00      767.00        0.00
     0    13     1678.00      771.00        0.00
     0    13     1674.00      775.00        0.00
     0    13     1670.00      779.00        0.00
     0    13     1664.00      783.00        0.00
     0    13     1658.00      787.00        0.00
     0    13     1652.00      791.00        0.00
     0    13     1648.00      795.00        0.00
     0    13     1640.00      799.00        0.00
     0    13     1634.00      805.00        0.00
     0    13     1626.00      809.00        0.00
     0    13     1622.00      813.00        0.00
     0    13     1616.00      817.00        0.00
     0    13     1612.00      821.00        0.00
     0    13     1608.00      825.00        0.00
     0    13     1602.00      827.00        0.00
     0    13     1594.00      833.00        0.00
     0    13     1588.00      835.00        0.00
     0    13     1578.00      837.00        0.00
     0    13     1570.00      841.00        0.00
     0    13     1564.00      841.00        0.00
     0    13     1558.00      841.00        0.00
     0    13     1552.00      841.00        0.00
     0    13     1542.00      843.00        0.00
     0    13     1536.00      843.00        0.00
     0    13     1530.00      843.00        0.00
     0    13     1524.00      845.00        0.00
     0    13     1518.00      847.00        0.00
     0    13     1508.00      847.00        0.00
     0    13     1502.00      849.00        0.00
     0    13     1496.00      851.00        0.00
     0    13     1490.00      851.00        0.00
     0    13     1484.00      849.00        0.00
     0    13     1480.00      843.00        0.00
     0    13     1476.00      839.00        0.00
     0    13     1474.00      833.00        0.00
     0    13     1474.00      825.00        0.00
     0    13     1474.00      819.00        0.00
     0    13     1478.00      813.00        0.00
     0    13     1482.00      807.00        0.00
     0    13     1486.00      803.00        0.00
     0    13     1490.00      799.00        0.00
     0    13     1496.00      795.00        0.00
     0    13     1500.00      791.00        0.00
     0    13     1506.00      789.00        0.00
     0    13     1512.00      785.00        0.00
     0    13     1520.00      783.00        0.00
     0    13     1526.00      781.00        0.00
     0    13     1532.00      777.00        0.00
     0    13     1538.00      775.00        0.00
     0    13     1544.00      771.00        0.00
     0    13     1552.00      767.00        0.00
     0    13     1560.00      763.00        0.00
     0    13     1564.00      759.00        0.00
     0    13     1568.00      755.00        0.00
     0    13     1574.00      751.00        0.00
     0    13     1578.00      747.00        0.00
     0    13     1582.00      743.00        0.00
     0    13     1586.00      739.00        0.00
     0    13     1590.00      733.00        0.00
     0    13     1594.00      729.00        0.00
     0    13     1596.00      723.00        0.00
     0    13     1596.00      717.00        0.00
     0    13     1596.00      711.00        0.00
     0    13     1596.00      703.00        0.00
     0    13     1596.00      697.00        0.00
     0    13     1594.00      689.00        0.00
     0    13     1592.00      683.00        0.00
     0    13     1590.00      677.00        0.00
     0    13     1588.00      671.00        0.00
     0    13     1586.00      665.00        0.00
     0    13     1586.00      659.00        0.00
     0    13     1586.00      653.00        0.00
     0    14      386.00      307.00        0.00
     0    14      384.00      317.00        0.00
     0    14      380.00      325.00        0.00
     0    14      378.00      331.00        0.00
     0    14      374.00      337.00        0.00
     0    14      370.00      347.00        0.00
     0    14      368.00      353.00        0.00
     0    14      366.00      359.00        0.00
     0    14      364.00      367.00        0.00
     0    14      364.00      373.00        0.00
     0    14      364.00      381.00        0.00
     0    14      364.00      387.00        0.00
     0    14      362.00      393.00        0.00
     0    14      362.00      399.00        0.00
     0    14      364.00      405.00        0.00
     0    14      366.00      411.00        0.00
     0    14      368.00      417.00        0.00
     0    14      370.00      423.00        0.00
     0    14      372.00      429.00        0.00
     0    14      374.00      435.00        0.00
     0    14      376.00      441.00        0.00
     0    14      376.00      449.00        0.00
     0    14      376.00      455.00        0.00
     0    14      378.00      461.00        0.00
     0    14      378.00      467.00        0.00
     0    14      380.00      473.00        0.00
     0    14      380.00      479.00        0.00
     0    14      382.00      485.00        0.00
     0    14      384.00      493.00        0.00
     0    14      386.00      499.00        0.00
     0    14      388.00      505.00        0.00
     0    14      388.00      511.00        0.00
     0    14      388.00      517.00        0.00
     0    14      388.00      523.00        0.00
     0    14      388.00      529.00        0.00
     0    14      388.00      535.00        0.00
     0    14      384.00      541.00        0.00
     0    14      380.00      549.00        0.00
     0    14      376.00      553.00        0.00
     0    14      370.00      555.00        0.00
     0    14      364.00      557.00        0.00
     0    14      356.00      557.00        0.00
     0    14      350.00      557.00        0.00
     0    14      344.00      557.00        0.00
     0    14      340.00      553.00        0.00
     0    14      332.00      551.00        0.00
     0    14      324.00      547.00        0.00
     0    14      316.00      543.00        0.00
     0    14      310.00      539.00        0.00
     0    14      298.00      535.00        0.00
     0    14      290.00      535.00        0.00
     0    14      280.00      533.00        0.00
     0    14      274.00      533.00        0.00
     0    14      268.00      529.00        0.00
     0    14      262.00      527.00        0.00
     0    14      260.00      521.00        0.00
     0    14      260.00      513.00        0.00
     0    14      262.00      507.00        0.00
     0    14      268.00      501.00        0.00
     0    14      272.00      495.00        0.00
     0    14      276.00      489.00        0.00
     0    14      280.00      483.00        0.00
     0    14      286.00      477.00        0.00
     0    14      290.00      471.00        0.00
     0    14      292.00      463.00        0.00
     0    14      294.00      457.00        0.00
     0    14      296.00      449.00        0.00
     0    14      298.00      443.00        0.00
     0    14      300.00      435.00        0.00
     0    14      302.00      427.00        0.00
     0    14      304.00      421.00        0.00
     0    14      304.00      413.00        0.00
     0    14      306.00      407.00        0.00
     0    14      308.00      401.00        0.00
     0    14      310.00      393.00        0.00
     0    14      310.00      387.00        0.00
     0    14      312.00      381.00        0.00
     0    14      314.00      373.00        0.00
     0    14      316.00      367.00        0.00
     0    14      318.00      361.00        0.00
     0    14      322.00      355.00        0.00
     0    14      326.00      351.00        0.00
     0    14      330.00      347.00        0.00
     0    14      336.00      345.00        0.00
     0    14      340.00      341.00        0.00
     0    14      346.00      337.00        0.00
     0    14      352.00      337.00        0.00
     0    15      672.00      401.00        0.00
     0    15      654.00      407.00        0.00
     0    15      648.00      409.00        0.00
     0    15      640.00      411.00        0.00
     0    15      634.00      411.00        0.00
     0    15      628.00      413.00        0.00
     0    15      624.00      417.00        0.00
     0    15      620.00      421.00        0.00
     0    15      616.00      425.00        0.00
     0    15      612.00      433.00        0.00
     0    15      608.00      439.00        0.00
     0    15      604.00      445.00        0.00
     0    15      600.00      451.00        0.00
     0    15      596.00      455.00        0.00
     0    15      590.00      457.00        0.00
     0    15      584.00      459.00        0.00
     0    15      574.00      461.00        0.00
     0    15      568.00      461.00        0.00
     0    15      560.00      461.00        0.00
     0    15      554.00      459.00        0.00
     0    15      548.00      457.00        0.00
     0    15      542.00      455.00        0.00
     0    15      538.00      451.00        0.00
     0    15      532.00      449.00        0.00
     0    15      528.00      441.00        0.00
     0    15      524.00      433.00        0.00
     0    15      522.00      427.00        0.00
     0    15      520.00      421.00        0.00
     0    15      518.00      415.00        0.00
     0    15      516.00      407.00        0.00
     0    15      514.00      401.00        0.00
     0    15      514.00      393.00        0.00
     0    15      512.00      387.00        0.00
     0    15      512.00      381.00        0.00
     0    15      512.00      373.00        0.00
     0    15      512.00      367.00        0.00
     0    15      512.00      361.00        0.00
     0    15      514.00      355.00        0.00
     0    15      516.00      349.00        0.00
     0    15      518.00      343.00        0.00
     0    15      520.00      337.00        0.00
     0    15      520.00      331.00        0.00
     0    15      524.00      327.00        0.00
     0    15      530.00      327.00        0.00
     0    15      536.00      327.00        0.00
     0    15      542.00      329.00        0.00
     0    15      550.00      331.00        0.00
     0    15      556.00      333.00        0.00
     0    15      562.00      333.00        0.00
     0    15      568.00      333.00        0.00
     0    15      574.00      333.00        0.00
     0    15      580.00      333.00        0.00
     0    15      588.00      333.00        0.00
     0    15      594.00      333.00        0.00
     0    15      600.00      333.00        0.00
     0    15      606.00      333.00        0.00
     0    15      612.00      337.00        0.00
     0    15      616.00      343.00        0.00
     0    15      620.00      349.00        0.00
     0    15      622.00      355.00        0.00
     0    15      624.00      361.00        0.00
     0    15      624.00      367.00        0.00
     0    15      628.00      371.00        0.00
     0    15      636.00      375.00        0.00
     0    16      226.00      983.00        0.00
     0    16      232.00      983.00        0.00
     0    16      234.00      977.00        0.00
     0    16      238.00      973.00        0.00
     0    16      242.00      969.00        0.00
     0    16      246.00      963.00        0.00
     0    16      250.00      959.00        0.00
     0    16      254.00      953.00        0.00
     0    16      258.00      949.00        0.00
     0    16      262.00      945.00        0.00
     0    16      268.00      943.00        0.00
     0    16      276.00      941.00        0.00
     0    16      282.00      941.00        0.00
     0    16      290.00      943.00        0.00
     0    16      296.00      945.00        0.00
     0    16      304.00      947.00        0.00
     0    16      310.00      949.00        0.00
     0    16      316.00      951.00        0.00
     0    16      322.00      953.00        0.00
     0    16      328.00      957.00        0.00
     0    16      334.00      957.00        0.00
     0    16      340.00      955.00        0.00
     0    16      344.00      949.00        0.00
     0    16      348.00      945.00        0.00
     0    16      352.00      941.00        0.00
     0    16      356.00      935.00        0.00
     0    16      362.00      931.00        0.00
     0    16      368.00      931.00        0.00
     0    16      374.00      929.00        0.00
     0    16      378.00      921.00        0.00
     0    16      382.00      917.00        0.00
     0    16      382.00      911.00        0.00
     0    16      384.00      903.00        0.00
     0    16      386.00      897.00        0.00
     0    16      388.00      889.00        0.00
     0    16      390.00      883.00        0.00
     0    16      390.00      877.00        0.00
     0    16      386.00      869.00        0.00
     0    16      382.00      865.00        0.00
     0    16      378.00      861.00        0.00
     0    16      374.00      857.00        0.00
     0    16      370.00      851.00        0.00
     0    16      366.00      845.00        0.00
     0    16      362.00      841.00        0.00
     0    16      356.00      839.00        0.00
     0    16      350.00      837.00        0.00
     0    16      344.00      839.00        0.00
     0    16      338.00      841.00        0.00
     0    16      334.00      845.00        0.00
     0    16      328.00      849.00        0.00
     0    16      322.00      851.00        0.00
     0    16      316.00      851.00        0.00
     0    16      310.00      851.00        0.00
     0    16      304.00      849.00        0.00
     0    16      298.00      847.00        0.00
     0    16      290.00      843.00        0.00
     0    16      284.00      841.00        0.00
     0    16      278.00      841.00        0.00
     0    16      270.00      839.00        0.00
     0    16      264.00      837.00        0.00
     0    16      258.00      837.00        0.00
     0    16      252.00      837.00        0.00
     0    16      244.00      837.00        0.00
     0    16      238.00      839.00        0.00
     0    16      234.00      843.00        0.00
     0    16      230.00      849.00        0.00
     0    16      228.00      855.00        0.00
     0    16      228.00      861.00        0.00
     0    16      228.00      869.00        0.00
     0    16      228.00      875.00        0.00
     0    16      228.00      881.00        0.00
     0    16      228.00      887.00        0.00
     0    16      228.00      893.00        0.00
     0    16      232.00      899.00        0.00
     0    16      232.00      905.00        0.00
     0    16      230.00      911.00        0.00
     0    16      230.00      917.00        0.00
     0    16      234.00      923.00        0.00
     0    16      238.00      927.00        0.00
     0    16      240.00      933.00        0.00
     0    16      244.00      937.00        0.00
     0    16      244.00      943.00        0.00
     0    16      244.00      949.00        0.00
     0    16      244.00      955.00        0.00
