     0     0      692.00     1141.00        0.00
     0     0      676.00     1141.00        0.00
     0     0      670.00     1145.00        0.00
     0     0      664.00     1147.00        0.00
     0     0      658.00     1147.00        0.00
     0     0      654.00     1143.00        0.00
     0     0      652.00     1137.00        0.00
     0     0      648.00     1133.00        0.00
     0     0      644.00     1127.00        0.00
     0     0      640.00     1123.00        0.00
     0     0      636.00     1117.00        0.00
     0     0      632.00     1111.00        0.00
     0     0      630.00     1105.00        0.00
     0     0      628.00     1099.00        0.00
     0     0      626.00     1093.00        0.00
     0     0      626.00     1087.00        0.00
     0     0      626.00     1081.00        0.00
     0     0      628.00     1073.00        0.00
     0     0      632.00     1067.00        0.00
     0     0      636.00     1061.00        0.00
     0     0      642.00     1059.00        0.00
     0     0      648.00     1055.00        0.00
     0     0      656.00     1051.00        0.00
     0     0      662.00     1049.00        0.00
     0     0      670.00     1049.00        0.00
     0     0      676.00     1049.00        0.00
     0     0      682.00     1047.00        0.00
     0     0      690.00     1047.00        0.00
     0     0      696.00     1051.00        0.00
     0     0      700.00     1055.00        0.00
     0     0      704.00     1059.00        0.00
     0     0      708.00     1065.00        0.00
     0     0      712.00     1071.00        0.00
     0     0      716.00     1075.00        0.00
     0     0      720.00     1081.00        0.00
     0     0      724.00     1089.00        0.00
     0     0      730.00     1095.00        0.00
     0     0      734.00     1101.00        0.00
     0     0      738.00     1105.00        0.00
     0     0      744.00     1107.00        0.00
     0     0      750.00     1109.00        0.00
     0     0      756.00     1113.00        0.00
     0     0      762.00     1113.00        0.00
     0     0      770.00     1115.00        0.00
     0     0      776.00     1117.00        0.00
     0     0      784.00     1117.00        0.00
     0     0      792.00     1121.00        0.00
     0     0      798.00     1121.00        0.00
     0     0      804.00     1123.00        0.00
     0     0      810.00     1127.00        0.00
     0     0      816.00     1129.00        0.00
     0     0      822.00     1131.00        0.00
     0     0      826.00     1135.00        0.00
     0     0      832.00     1137.00        0.00
     0     0      838.00     1141.00        0.00
     0     0      846.00     1145.00        0.00
     0     0      854.00     1147.00        0.00
     0     0      862.00     1149.00        0.00
     0     0      870.00     1151.00        0.00
     0     0      876.00     1153.00        0.00
     0     0      882.00     1157.00        0.00
     0     0      888.00     1157.00        0.00
     0     0      898.00     1159.00        0.00
     0     0      904.00     1161.00        0.00
     0     0      910.00     1161.00        0.00
     0     0      920.00     1163.00        0.00
     0     0      926.00     1163.00        0.00
     0     0      934.00     1163.00        0.00
     0     0      940.00     1165.00        0.00
     0     0      946.00     1167.00        0.00
     0     0      952.00     1167.00        0.00
     0     0      956.00     1171.00        0.00
     0     0      960.00     1177.00        0.00
     0     0      966.00     1185.00        0.00
     0     0      968.00     1191.00        0.00
     0     0      972.00     1199.00        0.00
     0     0      976.00     1203.00        0.00
     0     0      978.00     1209.00        0.00
     0     0      980.00     1215.00        0.00
     0     0      980.00     1223.00        0.00
     0     0      980.00     1229.00        0.00
     0     0      976.00     1233.00        0.00
     0     0      970.00     1235.00        0.00
     0     0      958.00     1235.00        0.00
     0     0      950.00     1235.00        0.00
     0     0      944.00     1235.00        0.00
     0     0      940.00     1241.00        0.00
     0     0      936.00     1245.00        0.00
     0     0      928.00     1243.00        0.00
     0     0      924.00     1237.00        0.00
     0     0      920.00     1231.00        0.00
     0     0      914.00     1225.00        0.00
     0     0      910.00     1219.00        0.00
     0     0      906.00     1213.00        0.00
     0     0      902.00     1209.00        0.00
     0     0      896.00     1205.00        0.00
     0     0      890.00     1203.00        0.00
     0     0      884.00     1201.00        0.00
     0     0      878.00     1201.00        0.00
     0     0      872.00     1201.00        0.00
     0     0      866.00     1199.00        0.00
     0     0      858.00     1197.00        0.00
     0     0      850.00     1197.00        0.00
     0     0      844.00     1195.00        0.00
     0     0      836.00     1191.00        0.00
     0     0      830.00     1189.00        0.00
     0     1      274.00     1023.00        0.00
     0     1      274.00     1017.00        0.00
     0     1      278.00     1013.00        0.00
     0     1      284.00     1009.00        0.00
     0     1      290.00     1005.00        0.00
     0     1      296.00     1001.00        0.00
     0     1      300.00      997.00        0.00
     0     1      306.00      993.00        0.00
     0     1      312.00      991.00        0.00
     0     1      318.00      987.00        0.00
     0     1      324.00      985.00        0.00
     0     1      330.00      983.00        0.00
     0     1      338.00      979.00        0.00
     0     1      344.00      977.00        0.00
     0     1      350.00      973.00        0.00
     0     1      356.00      969.00        0.00
     0     1      362.00      965.00        0.00
     0     1      368.00      961.00        0.00
     0     1      372.00      957.00        0.00
     0     1      378.00      955.00        0.00
     0     1      386.00      951.00        0.00
     0     1      392.00      949.00        0.00
     0     1      396.00      945.00        0.00
     0     1      402.00      943.00        0.00
     0     1      410.00      939.00        0.00
     0     1      418.00      937.00        0.00
     0     1      424.00      935.00        0.00
     0     1      430.00      933.00        0.00
     0     1      436.00      931.00        0.00
     0     1      442.00      929.00        0.00
     0     1      450.00      927.00        0.00
     0     1      458.00      925.00        0.00
     0     1      464.00      921.00        0.00
     0     1      472.00      917.00        0.00
     0     1      476.00      913.00        0.00
     0     1      484.00      907.00        0.00
     0     1      488.00      903.00        0.00
     0     1      492.00      899.00        0.00
     0     1      496.00      895.00        0.00
     0     1      498.00      889.00        0.00
     0     1      500.00      883.00        0.00
     0     1      502.00      877.00        0.00
     0     1      504.00      871.00        0.00
     0     1      504.00      863.00        0.00
     0     1      506.00      857.00        0.00
     0     1      506.00      851.00        0.00
     0     1      508.00      845.00        0.00
     0     1      508.00      839.00        0.00
     0     1      508.00      831.00        0.00
     0     1      506.00      823.00        0.00
     0     1      502.00      817.00        0.00
     0     1      502.00      811.00        0.00
     0     1      500.00      805.00        0.00
     0     1      498.00      799.00        0.00
     0     1      496.00      793.00        0.00
     0     1      492.00      787.00        0.00
     0     1      488.00      783.00        0.00
     0     1      484.00      777.00        0.00
     0     1      478.00      775.00        0.00
     0     1      472.00      771.00        0.00
     0     1      466.00      767.00        0.00
     0     1      462.00      763.00        0.00
     0     1      458.00      759.00        0.00
     0     1      450.00      757.00        0.00
     0     1      444.00      753.00        0.00
     0     1      438.00      751.00        0.00
     0     1      432.00      749.00        0.00
     0     1      426.00      747.00        0.00
     0     1      418.00      747.00        0.00
     0     1      412.00      745.00        0.00
     0     1      406.00      745.00        0.00
     0     1      400.00      745.00        0.00
     0     1      394.00      747.00        0.00
     0     1      386.00      749.00        0.00
     0     1      380.00      749.00        0.00
     0     1      374.00      749.00        0.00
     0     1      368.00      751.00        0.00
     0     1      362.00      751.00        0.00
     0     1      356.00      753.00        0.00
     0     1      350.00      753.00        0.00
     0     1      342.00      757.00        0.00
     0     1      336.00      761.00        0.00
     0     1      332.00      765.00        0.00
     0     1      328.00      773.00        0.00
     0     1      324.00      779.00        0.00
     0     1      324.00      785.00        0.00
     0     1      322.00      791.00        0.00
     0     1      320.00      797.00        0.00
     0     1      320.00      803.00        0.00
     0     1      320.00      809.00        0.00
     0     1      320.00      815.00        0.00
     0     1      320.00      821.00        0.00
     0     1      320.00      827.00        0.00
     0     1      320.00      833.00        0.00
     0     1      320.00      839.00        0.00
     0     1      320.00      845.00        0.00
     0     1      318.00      851.00        0.00
     0     1      316.00      857.00        0.00
     0     1      314.00      863.00        0.00
     0     1      312.00      869.00        0.00
     0     1      308.00      875.00        0.00
     0     1      306.00      881.00        0.00
     0     1      302.00      885.00        0.00
     0     1      300.00      891.00        0.00
     0     1      298.00      897.00        0.00
     0     1      296.00      903.00        0.00
     0     1      296.00      911.00        0.00
     0     1      296.00      917.00        0.00
     0     1      296.00      923.00        0.00
     0     1      294.00      929.00        0.00
     0     1      294.00      935.00        0.00
     0     1      292.00      941.00        0.00
     0     1      290.00      949.00        0.00
     0     1      290.00      955.00        0.00
     0     1      290.00      961.00        0.00
     0     1      288.00      967.00        0.00
     0     1      288.00      973.00        0.00
     0     1      288.00      979.00        0.00
     0     2      434.00      635.00        0.00
     0     2      450.00      637.00        0.00
     0     2      458.00      639.00        0.00
     0     2      464.00      641.00        0.00
     0     2      472.00      643.00        0.00
     0     2      478.00      645.00        0.00
     0     2      482.00      649.00        0.00
     0     2      488.00      651.00        0.00
     0     2      496.00      653.00        0.00
     0     2      502.00      655.00        0.00
     0     2      510.00      655.00        0.00
     0     2      518.00      657.00        0.00
     0     2      526.00      655.00        0.00
     0     2      532.00      653.00        0.00
     0     2      540.00      651.00        0.00
     0     2      546.00      647.00        0.00
     0     2      552.00      647.00        0.00
     0     2      560.00      647.00        0.00
     0     2      566.00      649.00        0.00
     0     2      572.00      651.00        0.00
     0     2      576.00      655.00        0.00
     0     2      580.00      659.00        0.00
     0     2      584.00      665.00        0.00
     0     2      588.00      669.00        0.00
     0     2      590.00      677.00        0.00
     0     2      592.00      683.00        0.00
     0     2      596.00      687.00        0.00
     0     2      600.00      695.00        0.00
     0     2      604.00      701.00        0.00
     0     2      606.00      709.00        0.00
     0     2      606.00      715.00        0.00
     0     2      606.00      721.00        0.00
     0     2      602.00      725.00        0.00
     0     2      596.00      729.00        0.00
     0     2      590.00      735.00        0.00
     0     2      584.00      737.00        0.00
     0     2      580.00      743.00        0.00
     0     2      574.00      747.00        0.00
     0     2      574.00      753.00        0.00
     0     2      574.00      761.00        0.00
     0     2      574.00      767.00        0.00
     0     2      576.00      773.00        0.00
     0     2      570.00      773.00        0.00
     0     2      564.00      771.00        0.00
     0     2      558.00      769.00        0.00
     0     2      552.00      769.00        0.00
     0     2      546.00      769.00        0.00
     0     2      540.00      769.00        0.00
     0     2      534.00      771.00        0.00
     0     2      526.00      769.00        0.00
     0     2      520.00      767.00        0.00
     0     2      514.00      765.00        0.00
     0     2      508.00      763.00        0.00
     0     2      500.00      757.00        0.00
     0     2      494.00      753.00        0.00
     0     2      488.00      749.00        0.00
     0     2      482.00      745.00        0.00
     0     2      476.00      739.00        0.00
     0     2      470.00      735.00        0.00
     0     2      464.00      731.00        0.00
     0     2      458.00      727.00        0.00
     0     2      450.00      723.00        0.00
     0     2      444.00      719.00        0.00
     0     2      436.00      717.00        0.00
     0     2      430.00      713.00        0.00
     0     2      424.00      711.00        0.00
     0     2      416.00      707.00        0.00
     0     2      410.00      703.00        0.00
     0     2      404.00      701.00        0.00
     0     2      398.00      697.00        0.00
     0     2      392.00      695.00        0.00
     0     2      386.00      695.00        0.00
     0     2      380.00      693.00        0.00
     0     2      372.00      695.00        0.00
     0     2      366.00      697.00        0.00
     0     2      360.00      699.00        0.00
     0     2      354.00      703.00        0.00
     0     2      348.00      709.00        0.00
     0     2      342.00      713.00        0.00
     0     2      336.00      717.00        0.00
     0     2      332.00      721.00        0.00
     0     2      326.00      723.00        0.00
     0     2      322.00      727.00        0.00
     0     2      316.00      731.00        0.00
     0     2      310.00      735.00        0.00
     0     2      302.00      737.00        0.00
     0     2      296.00      741.00        0.00
     0     2      290.00      743.00        0.00
     0     2      282.00      745.00        0.00
     0     2      276.00      747.00        0.00
     0     2      270.00      749.00        0.00
     0     2      264.00      749.00        0.00
     0     2      258.00      747.00        0.00
     0     2      254.00      743.00        0.00
     0     2      250.00      739.00        0.00
     0     2      246.00      735.00        0.00
     0     2      240.00      731.00        0.00
     0     2      234.00      729.00        0.00
     0     2      228.00      727.00        0.00
     0     2      226.00      721.00        0.00
     0     2      226.00      713.00        0.00
     0     2      230.00      707.00        0.00
     0     2      234.00      699.00        0.00
     0     2      238.00      695.00        0.00
     0     2      244.00      689.00        0.00
     0     2      248.00      685.00        0.00
     0     2      252.00      679.00        0.00
     0     2      256.00      673.00        0.00
     0     2      260.00      667.00        0.00
     0     2      262.00      661.00        0.00
     0     2      266.00      657.00        0.00
     0     2      270.00      651.00        0.00
     0     2      276.00      649.00        0.00
     0     2      280.00      645.00        0.00
     0     2      286.00      643.00        0.00
     0     2      292.00      641.00        0.00
     0     2      300.00      641.00        0.00
     0     2      306.00      639.00        0.00
     0     2      312.00      639.00        0.00
     0     2      318.00      639.00        0.00
     0     2      324.00      639.00        0.00
     0     2      330.00      639.00        0.00
     0     2      336.00      641.00        0.00
     0     2      342.00      643.00        0.00
     0     2      348.00      643.00        0.00
     0     2      354.00      643.00        0.00
     0     2      360.00      645.00        0.00
     0     2      366.00      645.00        0.00
     0     2      372.00      645.00        0.00
     0     2      378.00      645.00        0.00
     0     2      384.00      645.00        0.00
     0     2      390.00      645.00        0.00
     0     3      266.00      609.00        0.00
     0     3      278.00      623.00        0.00
     0     3      280.00      629.00        0.00
     0     3      280.00      635.00        0.00
     0     3      278.00      641.00        0.00
     0     3      276.00      649.00        0.00
     0     3      272.00      653.00        0.00
     0     3      268.00      657.00        0.00
     0     3      262.00      663.00        0.00
     0     3      258.00      669.00        0.00
     0     3      252.00      675.00        0.00
     0     3      248.00      681.00        0.00
     0     3      244.00      687.00        0.00
     0     3      240.00      691.00        0.00
     0     3      236.00      697.00        0.00
     0     3      234.00      703.00        0.00
     0     3      230.00      707.00        0.00
     0     3      228.00      713.00        0.00
     0     3      224.00      721.00        0.00
     0     3      222.00      727.00        0.00
     0     3      216.00      731.00        0.00
     0     3      214.00      737.00        0.00
     0     3      208.00      741.00        0.00
     0     3      202.00      745.00        0.00
     0     3      196.00      747.00        0.00
     0     3      188.00      751.00        0.00
     0     3      182.00      753.00        0.00
     0     3      178.00      757.00        0.00
     0     3      172.00      759.00        0.00
     0     3      168.00      763.00        0.00
     0     3      162.00      769.00        0.00
     0     3      158.00      773.00        0.00
     0     3      154.00      777.00        0.00
     0     3      150.00      783.00        0.00
     0     3      144.00      787.00        0.00
     0     3      140.00      791.00        0.00
     0     3      134.00      793.00        0.00
     0     3      128.00      795.00        0.00
     0     3      120.00      799.00        0.00
     0     3      114.00      799.00        0.00
     0     3      108.00      801.00        0.00
     0     3      102.00      803.00        0.00
     0     3       94.00      805.00        0.00
     0     3       88.00      805.00        0.00
     0     3       82.00      807.00        0.00
     0     3       78.00      803.00        0.00
     0     3       76.00      797.00        0.00
     0     3       76.00      791.00        0.00
     0     3       76.00      785.00        0.00
     0     3       76.00      775.00        0.00
     0     3       76.00      769.00        0.00
     0     3       76.00      761.00        0.00
     0     3       76.00      753.00        0.00
     0     3       76.00      745.00        0.00
     0     3       76.00      735.00        0.00
     0     3       76.00      729.00        0.00
     0     3       76.00      723.00        0.00
     0     3       78.00      717.00        0.00
     0     3       80.00      711.00        0.00
     0     3       80.00      705.00        0.00
     0     3       82.00      697.00        0.00
     0     3       84.00      689.00        0.00
     0     3       88.00      683.00        0.00
     0     3       90.00      677.00        0.00
     0     3       94.00      669.00        0.00
     0     3       98.00      665.00        0.00
     0     3      102.00      661.00        0.00
     0     3      106.00      657.00        0.00
     0     3      112.00      651.00        0.00
     0     3      116.00      647.00        0.00
     0     3      118.00      641.00        0.00
     0     3      122.00      635.00        0.00
     0     3      126.00      627.00        0.00
     0     3      128.00      621.00        0.00
     0     3      134.00      617.00        0.00
     0     3      140.00      613.00        0.00
     0     3      148.00      611.00        0.00
     0     3      156.00      611.00        0.00
     0     3      164.00      609.00        0.00
     0     3      170.00      609.00        0.00
     0     3      176.00      609.00        0.00
     0     3      184.00      611.00        0.00
     0     3      190.00      613.00        0.00
     0     3      196.00      615.00        0.00
     0     3      202.00      615.00        0.00
     0     3      208.00      617.00        0.00
     0     3      214.00      617.00        0.00
     0     3      220.00      615.00        0.00
     0     3      226.00      615.00        0.00
     0     4      578.00      263.00        0.00
     0     4      580.00      281.00        0.00
     0     4      582.00      289.00        0.00
     0     4      584.00      295.00        0.00
     0     4      588.00      299.00        0.00
     0     4      594.00      303.00        0.00
     0     4      600.00      305.00        0.00
     0     4      606.00      307.00        0.00
     0     4      612.00      309.00        0.00
     0     4      618.00      311.00        0.00
     0     4      624.00      315.00        0.00
     0     4      630.00      319.00        0.00
     0     4      636.00      321.00        0.00
     0     4      642.00      327.00        0.00
     0     4      646.00      331.00        0.00
     0     4      652.00      335.00        0.00
     0     4      656.00      341.00        0.00
     0     4      660.00      347.00        0.00
     0     4      662.00      355.00        0.00
     0     4      666.00      359.00        0.00
     0     4      668.00      365.00        0.00
     0     4      672.00      371.00        0.00
     0     4      674.00      377.00        0.00
     0     4      678.00      381.00        0.00
     0     4      682.00      389.00        0.00
     0     4      684.00      395.00        0.00
     0     4      684.00      401.00        0.00
     0     4      688.00      407.00        0.00
     0     4      688.00      413.00        0.00
     0     4      690.00      421.00        0.00
     0     4      690.00      427.00        0.00
     0     4      692.00      433.00        0.00
     0     4      692.00      441.00        0.00
     0     4      692.00      447.00        0.00
     0     4      692.00      453.00        0.00
     0     4      692.00      459.00        0.00
     0     4      690.00      465.00        0.00
     0     4      690.00      471.00        0.00
     0     4      690.00      477.00        0.00
     0     4      684.00      477.00        0.00
     0     4      674.00      475.00        0.00
     0     4      668.00      473.00        0.00
     0     4      660.00      469.00        0.00
     0     4      652.00      467.00        0.00
     0     4      646.00      467.00        0.00
     0     4      640.00      465.00        0.00
     0     4      634.00      463.00        0.00
     0     4      628.00      459.00        0.00
     0     4      622.00      459.00        0.00
     0     4      614.00      457.00        0.00
     0     4      606.00      457.00        0.00
     0     4      600.00      455.00        0.00
     0     4      592.00      453.00        0.00
     0     4      586.00      451.00        0.00
     0     4      580.00      449.00        0.00
     0     4      572.00      447.00        0.00
     0     4      568.00      443.00        0.00
     0     4      562.00      441.00        0.00
     0     4      558.00      437.00        0.00
     0     4      552.00      429.00        0.00
     0     4      548.00      423.00        0.00
     0     4      546.00      415.00        0.00
     0     4      542.00      409.00        0.00
     0     4      540.00      401.00        0.00
     0     4      536.00      391.00        0.00
     0     4      532.00      385.00        0.00
     0     4      530.00      379.00        0.00
     0     4      528.00      373.00        0.00
     0     4      526.00      365.00        0.00
     0     4      522.00      359.00        0.00
     0     4      518.00      353.00        0.00
     0     4      514.00      349.00        0.00
     0     4      510.00      343.00        0.00
     0     4      506.00      339.00        0.00
     0     4      502.00      333.00        0.00
     0     4      500.00      327.00        0.00
     0     4      500.00      321.00        0.00
     0     4      500.00      315.00        0.00
     0     4      500.00      309.00        0.00
     0     4      502.00      303.00        0.00
     0     4      508.00      303.00        0.00
     0     4      516.00      301.00        0.00
     0     4      522.00      299.00        0.00
     0     4      528.00      299.00        0.00
     0     4      536.00      297.00        0.00
     0     4      542.00      295.00        0.00
     0     4      542.00      289.00        0.00
     0     4      544.00      283.00        0.00
     0     4      544.00      277.00        0.00
     0     4      544.00      271.00        0.00
     0     4      544.00      265.00        0.00
     0     4      548.00      271.00        0.00
     0     4      550.00      277.00        0.00
     0     4      552.00      283.00        0.00
     0     4      556.00      287.00        0.00
     0     4      562.00      283.00        0.00
     0     4      566.00      279.00        0.00
     0     5      496.00       91.00        0.00
     0     5      504.00      103.00        0.00
     0     5      508.00      107.00        0.00
     0     5      512.00      111.00        0.00
     0     5      518.00      113.00        0.00
     0     5      522.00      117.00        0.00
     0     5      528.00      119.00        0.00
     0     5      536.00      123.00        0.00
     0     5      542.00      125.00        0.00
     0     5      548.00      127.00        0.00
     0     5      556.00      129.00        0.00
     0     5      562.00      129.00        0.00
     0     5      570.00      131.00        0.00
     0     5      576.00      131.00        0.00
     0     5      582.00      133.00        0.00
     0     5      588.00      137.00        0.00
     0     5      592.00      141.00        0.00
     0     5      598.00      145.00        0.00
     0     5      600.00      151.00        0.00
     0     5      604.00      157.00        0.00
     0     5      610.00      165.00        0.00
     0     5      614.00      171.00        0.00
     0     5      620.00      177.00        0.00
     0     5      624.00      183.00        0.00
     0     5      626.00      189.00        0.00
     0     5      630.00      195.00        0.00
     0     5      630.00      201.00        0.00
     0     5      630.00      207.00        0.00
     0     5      630.00      213.00        0.00
     0     5      630.00      219.00        0.00
     0     5      628.00      225.00        0.00
     0     5      626.00      231.00        0.00
     0     5      626.00      237.00        0.00
     0     5      628.00      243.00        0.00
     0     5      632.00      249.00        0.00
     0     5      638.00      253.00        0.00
     0     5      644.00      257.00        0.00
     0     5      650.00      261.00        0.00
     0     5      656.00      265.00        0.00
     0     5      662.00      269.00        0.00
     0     5      666.00      273.00        0.00
     0     5      672.00      277.00        0.00
     0     5      678.00      281.00        0.00
     0     5      682.00      287.00        0.00
     0     5      686.00      293.00        0.00
     0     5      692.00      297.00        0.00
     0     5      696.00      301.00        0.00
     0     5      700.00      305.00        0.00
     0     5      706.00      311.00        0.00
     0     5      710.00      317.00        0.00
     0     5      718.00      321.00        0.00
     0     5      722.00      325.00        0.00
     0     5      730.00      331.00        0.00
     0     5      734.00      335.00        0.00
     0     5      744.00      339.00        0.00
     0     5      752.00      341.00        0.00
     0     5      760.00      345.00        0.00
     0     5      766.00      347.00        0.00
     0     5      774.00      349.00        0.00
     0     5      782.00      353.00        0.00
     0     5      788.00      357.00        0.00
     0     5      792.00      361.00        0.00
     0     5      796.00      365.00        0.00
     0     5      800.00      369.00        0.00
     0     5      804.00      373.00        0.00
     0     5      812.00      377.00        0.00
     0     5      816.00      381.00        0.00
     0     5      824.00      387.00        0.00
     0     5      830.00      391.00        0.00
     0     5      836.00      393.00        0.00
     0     5      842.00      395.00        0.00
     0     5      850.00      399.00        0.00
     0     5      856.00      401.00        0.00
     0     5      864.00      405.00        0.00
     0     5      872.00      407.00        0.00
     0     5      880.00      409.00        0.00
     0     5      888.00      411.00        0.00
     0     5      894.00      413.00        0.00
     0     5      900.00      415.00        0.00
     0     5      908.00      417.00        0.00
     0     5      914.00      417.00        0.00
     0     5      920.00      419.00        0.00
     0     5      926.00      419.00        0.00
     0     5      932.00      423.00        0.00
     0     5      938.00      425.00        0.00
     0     5      932.00      425.00        0.00
     0     5      926.00      425.00        0.00
     0     5      918.00      423.00        0.00
     0     5      912.00      421.00        0.00
     0     5      908.00      417.00        0.00
     0     5      900.00      413.00        0.00
     0     5      894.00      411.00        0.00
     0     5      884.00      409.00        0.00
     0     5      878.00      409.00        0.00
     0     5      870.00      407.00        0.00
     0     5      864.00      407.00        0.00
     0     5      858.00      405.00        0.00
     0     5      850.00      403.00        0.00
     0     5      844.00      401.00        0.00
     0     5      836.00      397.00        0.00
     0     5      830.00      393.00        0.00
     0     5      826.00      389.00        0.00
     0     5      820.00      383.00        0.00
     0     5      812.00      379.00        0.00
     0     5      806.00      375.00        0.00
     0     5      800.00      371.00        0.00
     0     5      794.00      365.00        0.00
     0     5      788.00      361.00        0.00
     0     5      782.00      357.00        0.00
     0     5      776.00      353.00        0.00
     0     5      772.00      349.00        0.00
     0     5      768.00      345.00        0.00
     0     5      762.00      343.00        0.00
     0     5      756.00      339.00        0.00
     0     5      750.00      335.00        0.00
     0     5      742.00      331.00        0.00
     0     5      736.00      329.00        0.00
     0     5      732.00      325.00        0.00
     0     5      726.00      323.00        0.00
     0     5      718.00      319.00        0.00
     0     5      712.00      317.00        0.00
     0     5      706.00      313.00        0.00
     0     5      700.00      309.00        0.00
     0     5      694.00      305.00        0.00
     0     5      684.00      301.00        0.00
     0     5      680.00      297.00        0.00
     0     5      674.00      295.00        0.00
     0     5      668.00      291.00        0.00
     0     5      664.00      287.00        0.00
     0     5      658.00      283.00        0.00
     0     5      654.00      279.00        0.00
     0     5      648.00      277.00        0.00
     0     5      642.00      273.00        0.00
     0     5      636.00      269.00        0.00
     0     5      628.00      265.00        0.00
     0     5      622.00      263.00        0.00
     0     5      616.00      261.00        0.00
     0     5      612.00      257.00        0.00
     0     5      608.00      253.00        0.00
     0     5      602.00      251.00        0.00
     0     5      598.00      247.00        0.00
     0     5      594.00      243.00        0.00
     0     5      588.00      241.00        0.00
     0     5      582.00      243.00        0.00
     0     5      578.00      249.00        0.00
     0     5      576.00      255.00        0.00
     0     5      570.00      257.00        0.00
     0     5      566.00      251.00        0.00
     0     5      562.00      247.00        0.00
     0     5      560.00      241.00        0.00
     0     5      556.00      233.00        0.00
     0     5      552.00      227.00        0.00
     0     5      550.00      221.00        0.00
     0     5      546.00      215.00        0.00
     0     5      544.00      207.00        0.00
     0     5      540.00      201.00        0.00
     0     5      536.00      193.00        0.00
     0     5      530.00      185.00        0.00
     0     5      526.00      181.00        0.00
     0     5      522.00      177.00        0.00
     0     5      518.00      173.00        0.00
     0     5      514.00      169.00        0.00
     0     5      510.00      165.00        0.00
     0     5      506.00      161.00        0.00
     0     5      502.00      157.00        0.00
     0     5      496.00      153.00        0.00
     0     5      492.00      149.00        0.00
     0     5      488.00      145.00        0.00
     0     5      486.00      139.00        0.00
     0     6      834.00      301.00        0.00
     0     6      840.00      307.00        0.00
     0     6      846.00      309.00        0.00
     0     6      852.00      311.00        0.00
     0     6      856.00      315.00        0.00
     0     6      862.00      317.00        0.00
     0     6      868.00      319.00        0.00
     0     6      876.00      321.00        0.00
     0     6      884.00      325.00        0.00
     0     6      894.00      325.00        0.00
     0     6      900.00      325.00        0.00
     0     6      908.00      327.00        0.00
     0     6      918.00      327.00        0.00
     0     6      924.00      329.00        0.00
     0     6      934.00      329.00        0.00
     0     6      946.00      329.00        0.00
     0     6      952.00      329.00        0.00
     0     6      960.00      327.00        0.00
     0     6      968.00      327.00        0.00
     0     6      978.00      325.00        0.00
     0     6      988.00      321.00        0.00
     0     6      998.00      321.00        0.00
     0     6     1004.00      319.00        0.00
     0     6     1010.00      319.00        0.00
     0     6     1022.00      319.00        0.00
     0     6     1028.00      319.00        0.00
     0     6     1034.00      321.00        0.00
     0     6     1040.00      323.00        0.00
     0     6     1046.00      323.00        0.00
     0     6     1052.00      325.00        0.00
     0     6     1058.00      327.00        0.00
     0     6     1062.00      331.00        0.00
     0     6     1066.00      337.00        0.00
     0     6     1070.00      343.00        0.00
     0     6     1074.00      347.00        0.00
     0     6     1078.00      353.00        0.00
     0     6     1082.00      359.00        0.00
     0     6     1088.00      369.00        0.00
     0     6     1092.00      375.00        0.00
     0     6     1098.00      385.00        0.00
     0     6     1102.00      391.00        0.00
     0     6     1108.00      399.00        0.00
     0     6     1112.00      405.00        0.00
     0     6     1118.00      411.00        0.00
     0     6     1122.00      417.00        0.00
     0     6     1128.00      423.00        0.00
     0     6     1136.00      429.00        0.00
     0     6     1140.00      433.00        0.00
     0     6     1148.00      437.00        0.00
     0     6     1154.00      443.00        0.00
     0     6     1158.00      449.00        0.00
     0     6     1158.00      455.00        0.00
     0     6     1156.00      461.00        0.00
     0     6     1152.00      467.00        0.00
     0     6     1148.00      471.00        0.00
     0     6     1142.00      473.00        0.00
     0     6     1134.00      473.00        0.00
     0     6     1128.00      475.00        0.00
     0     6     1120.00      475.00        0.00
     0     6     1114.00      475.00        0.00
     0     6     1108.00      475.00        0.00
     0     6     1102.00      475.00        0.00
     0     6     1094.00      475.00        0.00
     0     6     1088.00      473.00        0.00
     0     6     1080.00      473.00        0.00
     0     6     1072.00      471.00        0.00
     0     6     1064.00      469.00        0.00
     0     6     1056.00      469.00        0.00
     0     6     1048.00      467.00        0.00
     0     6     1038.00      465.00        0.00
     0     6     1030.00      463.00        0.00
     0     6     1018.00      461.00        0.00
     0     6     1008.00      459.00        0.00
     0     6     1000.00      459.00        0.00
     0     6      990.00      459.00        0.00
     0     6      980.00      457.00        0.00
     0     6      974.00      457.00        0.00
     0     6      968.00      455.00        0.00
     0     6      962.00      453.00        0.00
     0     6      954.00      449.00        0.00
     0     6      948.00      445.00        0.00
     0     6      944.00      441.00        0.00
     0     6      940.00      437.00        0.00
     0     6      940.00      431.00        0.00
     0     6      938.00      423.00        0.00
     0     6      936.00      417.00        0.00
     0     6      932.00      411.00        0.00
     0     6      928.00      403.00        0.00
     0     6      922.00      399.00        0.00
     0     6      914.00      393.00        0.00
     0     6      904.00      389.00        0.00
     0     6      900.00      385.00        0.00
     0     6      894.00      381.00        0.00
     0     6      884.00      375.00        0.00
     0     6      878.00      371.00        0.00
     0     6      870.00      367.00        0.00
     0     6      864.00      361.00        0.00
     0     6      858.00      357.00        0.00
     0     6      854.00      353.00        0.00
     0     6      848.00      349.00        0.00
     0     6      844.00      345.00        0.00
     0     6      838.00      341.00        0.00
     0     6      832.00      337.00        0.00
     0     6      828.00      333.00        0.00
     0     6      828.00      327.00        0.00
     0     7     1142.00      457.00        0.00
     0     7     1162.00      463.00        0.00
     0     7     1170.00      467.00        0.00
     0     7     1178.00      469.00        0.00
     0     7     1184.00      473.00        0.00
     0     7     1190.00      475.00        0.00
     0     7     1198.00      481.00        0.00
     0     7     1204.00      485.00        0.00
     0     7     1210.00      489.00        0.00
     0     7     1218.00      491.00        0.00
     0     7     1226.00      493.00        0.00
     0     7     1234.00      495.00        0.00
     0     7     1242.00      497.00        0.00
     0     7     1250.00      497.00        0.00
     0     7     1258.00      499.00        0.00
     0     7     1264.00      499.00        0.00
     0     7     1274.00      501.00        0.00
     0     7     1280.00      503.00        0.00
     0     7     1286.00      505.00        0.00
     0     7     1294.00      505.00        0.00
     0     7     1300.00      507.00        0.00
     0     7     1310.00      509.00        0.00
     0     7     1318.00      513.00        0.00
     0     7     1324.00      515.00        0.00
     0     7     1332.00      521.00        0.00
     0     7     1338.00      525.00        0.00
     0     7     1344.00      531.00        0.00
     0     7     1350.00      535.00        0.00
     0     7     1356.00      539.00        0.00
     0     7     1362.00      545.00        0.00
     0     7     1368.00      547.00        0.00
     0     7     1374.00      553.00        0.00
     0     7     1380.00      557.00        0.00
     0     7     1386.00      561.00        0.00
     0     7     1392.00      565.00        0.00
     0     7     1398.00      569.00        0.00
     0     7     1392.00      571.00        0.00
     0     7     1380.00      571.00        0.00
     0     7     1372.00      571.00        0.00
     0     7     1358.00      571.00        0.00
     0     7     1352.00      571.00        0.00
     0     7     1340.00      571.00        0.00
     0     7     1330.00      571.00        0.00
     0     7     1322.00      571.00        0.00
     0     7     1314.00      571.00        0.00
     0     7     1302.00      569.00        0.00
     0     7     1296.00      569.00        0.00
     0     7     1288.00      569.00        0.00
     0     7     1280.00      569.00        0.00
     0     7     1272.00      569.00        0.00
     0     7     1266.00      569.00        0.00
     0     7     1260.00      569.00        0.00
     0     7     1252.00      569.00        0.00
     0     7     1244.00      569.00        0.00
     0     7     1238.00      567.00        0.00
     0     7     1232.00      567.00        0.00
     0     7     1224.00      565.00        0.00
     0     7     1218.00      563.00        0.00
     0     7     1212.00      559.00        0.00
     0     7     1206.00      557.00        0.00
     0     7     1202.00      553.00        0.00
     0     7     1194.00      549.00        0.00
     0     7     1186.00      543.00        0.00
     0     7     1180.00      539.00        0.00
     0     7     1176.00      535.00        0.00
     0     7     1172.00      531.00        0.00
     0     7     1166.00      527.00        0.00
     0     7     1162.00      521.00        0.00
     0     7     1158.00      517.00        0.00
     0     7     1154.00      513.00        0.00
     0     7     1148.00      509.00        0.00
     0     7     1144.00      505.00        0.00
     0     7     1140.00      501.00        0.00
     0     7     1136.00      497.00        0.00
     0     7     1132.00      493.00        0.00
     0     7     1128.00      489.00        0.00
     0     7     1122.00      485.00        0.00
     0     7     1118.00      481.00        0.00
     0     7     1112.00      479.00        0.00
     0     7     1108.00      475.00        0.00
     0     7     1102.00      473.00        0.00
     0     8     1800.00      573.00        0.00
     0     8     1794.00      577.00        0.00
     0     8     1790.00      581.00        0.00
     0     8     1784.00      581.00        0.00
     0     8     1776.00      583.00        0.00
     0     8     1770.00      583.00        0.00
     0     8     1764.00      583.00        0.00
     0     8     1758.00      583.00        0.00
     0     8     1750.00      583.00        0.00
     0     8     1744.00      581.00        0.00
     0     8     1738.00      579.00        0.00
     0     8     1732.00      577.00        0.00
     0     8     1724.00      573.00        0.00
     0     8     1714.00      567.00        0.00
     0     8     1708.00      563.00        0.00
     0     8     1704.00      559.00        0.00
     0     8     1700.00      553.00        0.00
     0     8     1696.00      549.00        0.00
     0     8     1694.00      543.00        0.00
     0     8     1690.00      537.00        0.00
     0     8     1688.00      529.00        0.00
     0     8     1688.00      521.00        0.00
     0     8     1688.00      513.00        0.00
     0     8     1688.00      507.00        0.00
     0     8     1688.00      501.00        0.00
     0     8     1688.00      495.00        0.00
     0     8     1690.00      489.00        0.00
     0     8     1692.00      481.00        0.00
     0     8     1696.00      477.00        0.00
     0     8     1700.00      473.00        0.00
     0     8     1704.00      469.00        0.00
     0     8     1708.00      465.00        0.00
     0     8     1712.00      461.00        0.00
     0     8     1718.00      457.00        0.00
     0     8     1722.00      453.00        0.00
     0     8     1726.00      449.00        0.00
     0     8     1732.00      447.00        0.00
     0     8     1738.00      445.00        0.00
     0     8     1744.00      445.00        0.00
     0     8     1750.00      445.00        0.00
     0     8     1756.00      445.00        0.00
     0     8     1762.00      445.00        0.00
     0     8     1768.00      445.00        0.00
     0     8     1774.00      447.00        0.00
     0     8     1780.00      449.00        0.00
     0     8     1786.00      453.00        0.00
     0     8     1788.00      459.00        0.00
     0     8     1790.00      465.00        0.00
     0     8     1792.00      473.00        0.00
     0     8     1794.00      481.00        0.00
     0     8     1796.00      491.00        0.00
     0     8     1796.00      497.00        0.00
     0     8     1798.00      505.00        0.00
     0     8     1798.00      511.00        0.00
     0     8     1800.00      517.00        0.00
     0     8     1800.00      523.00        0.00
     0     8     1802.00      531.00        0.00
     0     8     1802.00      537.00        0.00
     0     8     1804.00      543.00        0.00
     0     8     1806.00      549.00        0.00
     0     8     1808.00      555.00        0.00
     0     9     1206.00      633.00        0.00
     0     9     1214.00      637.00        0.00
     0     9     1220.00      637.00        0.00
     0     9     1228.00      639.00        0.00
     0     9     1240.00      641.00        0.00
     0     9     1250.00      641.00        0.00
     0     9     1260.00      643.00        0.00
     0     9     1268.00      643.00        0.00
     0     9     1274.00      643.00        0.00
     0     9     1284.00      643.00        0.00
     0     9     1290.00      643.00        0.00
     0     9     1296.00      643.00        0.00
     0     9     1306.00      643.00        0.00
     0     9     1314.00      643.00        0.00
     0     9     1322.00      643.00        0.00
     0     9     1328.00      643.00        0.00
     0     9     1336.00      641.00        0.00
     0     9     1342.00      641.00        0.00
     0     9     1348.00      641.00        0.00
     0     9     1354.00      641.00        0.00
     0     9     1360.00      641.00        0.00
     0     9     1368.00      641.00        0.00
     0     9     1374.00      643.00        0.00
     0     9     1380.00      643.00        0.00
     0     9     1386.00      645.00        0.00
     0     9     1392.00      647.00        0.00
     0     9     1398.00      649.00        0.00
     0     9     1404.00      649.00        0.00
     0     9     1410.00      651.00        0.00
     0     9     1416.00      651.00        0.00
     0     9     1422.00      651.00        0.00
     0     9     1432.00      651.00        0.00
     0     9     1424.00      647.00        0.00
     0     9     1422.00      641.00        0.00
     0     9     1420.00      635.00        0.00
     0     9     1420.00      629.00        0.00
     0     9     1420.00      623.00        0.00
     0     9     1424.00      615.00        0.00
     0     9     1426.00      609.00        0.00
     0     9     1428.00      603.00        0.00
     0     9     1428.00      597.00        0.00
     0     9     1428.00      591.00        0.00
     0     9     1424.00      587.00        0.00
     0     9     1420.00      583.00        0.00
     0     9     1414.00      583.00        0.00
     0     9     1408.00      581.00        0.00
     0     9     1400.00      579.00        0.00
     0     9     1394.00      579.00        0.00
     0     9     1388.00      577.00        0.00
     0     9     1380.00      575.00        0.00
     0     9     1374.00      573.00        0.00
     0     9     1368.00      573.00        0.00
     0     9     1360.00      573.00        0.00
     0     9     1354.00      573.00        0.00
     0     9     1346.00      573.00        0.00
     0     9     1340.00      573.00        0.00
     0     9     1334.00      573.00        0.00
     0     9     1328.00      573.00        0.00
     0     9     1320.00      573.00        0.00
     0     9     1314.00      573.00        0.00
     0     9     1308.00      573.00        0.00
     0     9     1302.00      573.00        0.00
     0     9     1296.00      575.00        0.00
     0     9     1290.00      577.00        0.00
     0     9     1286.00      581.00        0.00
     0     9     1280.00      583.00        0.00
     0     9     1276.00      587.00        0.00
     0     9     1272.00      591.00        0.00
     0     9     1266.00      595.00        0.00
     0     9     1260.00      597.00        0.00
     0     9     1252.00      601.00        0.00
     0     9     1246.00      603.00        0.00
     0     9     1240.00      603.00        0.00
     0     9     1234.00      605.00        0.00
     0     9     1228.00      607.00        0.00
     0     9     1224.00      611.00        0.00
     0     9     1218.00      613.00        0.00
     0    10     1118.00      705.00        0.00
     0    10     1106.00      705.00        0.00
     0    10     1100.00      705.00        0.00
     0    10     1092.00      705.00        0.00
     0    10     1084.00      707.00        0.00
     0    10     1080.00      711.00        0.00
     0    10     1074.00      715.00        0.00
     0    10     1070.00      721.00        0.00
     0    10     1066.00      725.00        0.00
     0    10     1060.00      729.00        0.00
     0    10     1056.00      733.00        0.00
     0    10     1052.00      737.00        0.00
     0    10     1048.00      741.00        0.00
     0    10     1044.00      747.00        0.00
     0    10     1038.00      749.00        0.00
     0    10     1042.00      743.00        0.00
     0    10     1048.00      735.00        0.00
     0    10     1052.00      727.00        0.00
     0    10     1054.00      721.00        0.00
     0    10     1058.00      715.00        0.00
     0    10     1060.00      707.00        0.00
     0    10     1062.00      701.00        0.00
     0    10     1064.00      695.00        0.00
     0    10     1066.00      689.00        0.00
     0    10     1066.00      683.00        0.00
     0    10     1068.00      675.00        0.00
     0    10     1068.00      669.00        0.00
     0    10     1070.00      661.00        0.00
     0    10     1070.00      655.00        0.00
     0    10     1068.00      649.00        0.00
     0    10     1068.00      643.00        0.00
     0    10     1066.00      635.00        0.00
     0    10     1066.00      629.00        0.00
     0    10     1068.00      623.00        0.00
     0    10     1072.00      617.00        0.00
     0    10     1076.00      613.00        0.00
     0    10     1080.00      609.00        0.00
     0    10     1084.00      605.00        0.00
     0    10     1092.00      601.00        0.00
     0    10     1100.00      597.00        0.00
     0    10     1106.00      593.00        0.00
     0    10     1110.00      589.00        0.00
     0    10     1116.00      585.00        0.00
     0    10     1122.00      583.00        0.00
     0    10     1126.00      579.00        0.00
     0    10     1132.00      575.00        0.00
     0    10     1138.00      573.00        0.00
     0    10     1142.00      569.00        0.00
     0    10     1148.00      569.00        0.00
     0    10     1154.00      569.00        0.00
     0    10     1160.00      569.00        0.00
     0    10     1166.00      571.00        0.00
     0    10     1172.00      575.00        0.00
     0    10     1178.00      577.00        0.00
     0    10     1182.00      581.00        0.00
     0    10     1186.00      585.00        0.00
     0    10     1188.00      591.00        0.00
     0    10     1190.00      597.00        0.00
     0    10     1194.00      603.00        0.00
     0    10     1200.00      607.00        0.00
     0    10     1206.00      609.00        0.00
     0    10     1210.00      613.00        0.00
     0    10     1210.00      619.00        0.00
     0    10     1210.00      625.00        0.00
     0    10     1208.00      631.00        0.00
     0    10     1204.00      635.00        0.00
     0    10     1200.00      639.00        0.00
     0    10     1196.00      643.00        0.00
     0    10     1190.00      647.00        0.00
     0    10     1186.00      651.00        0.00
     0    10     1178.00      655.00        0.00
     0    10     1172.00      659.00        0.00
     0    10     1164.00      663.00        0.00
     0    10     1158.00      667.00        0.00
     0    10     1152.00      669.00        0.00
