     0     0      160.00     1009.00        0.00
     0     0      136.00     1009.00        0.00
     0     0      114.00     1011.00        0.00
     0     0      106.00     1011.00        0.00
     0     0      100.00     1011.00        0.00
     0     0       92.00     1011.00        0.00
     0     0       86.00     1011.00        0.00
     0     0       80.00     1009.00        0.00
     0     0       74.00     1005.00        0.00
     0     0       70.00     1001.00        0.00
     0     0       66.00      995.00        0.00
     0     0       62.00      989.00        0.00
     0     0       58.00      983.00        0.00
     0     0       58.00      977.00        0.00
     0     0       58.00      969.00        0.00
     0     0       58.00      963.00        0.00
     0     0       64.00      959.00        0.00
     0     0       72.00      955.00        0.00
     0     0       76.00      951.00        0.00
     0     0       82.00      949.00        0.00
     0     0       86.00      945.00        0.00
     0     0       90.00      939.00        0.00
     0     0       94.00      933.00        0.00
     0     0       98.00      929.00        0.00
     0     0      102.00      923.00        0.00
     0     0      106.00      917.00        0.00
     0     0      110.00      911.00        0.00
     0     0      112.00      905.00        0.00
     0     0      116.00      899.00        0.00
     0     0      118.00      893.00        0.00
     0     0      118.00      885.00        0.00
     0     0      120.00      877.00        0.00
     0     0      120.00      871.00        0.00
     0     0      128.00      867.00        0.00
     0     0      134.00      867.00        0.00
     0     0      140.00      865.00        0.00
     0     0      146.00      865.00        0.00
     0     0      152.00      861.00        0.00
     0     0      156.00      855.00        0.00
     0     0      158.00      849.00        0.00
     0     0      164.00      849.00        0.00
     0     0      170.00      849.00        0.00
     0     0      176.00      851.00        0.00
     0     0      182.00      851.00        0.00
     0     0      190.00      847.00        0.00
     0     0      196.00      847.00        0.00
     0     0      204.00      843.00        0.00
     0     0      210.00      841.00        0.00
     0     0      216.00      839.00        0.00
     0     0      222.00      837.00        0.00
     0     0      228.00      835.00        0.00
     0     0      234.00      833.00        0.00
     0     0      238.00      829.00        0.00
     0     0      244.00      827.00        0.00
     0     0      248.00      823.00        0.00
     0     0      254.00      821.00        0.00
     0     0      260.00      819.00        0.00
     0     0      266.00      817.00        0.00
     0     0      274.00      815.00        0.00
     0     0      280.00      815.00        0.00
     0     0      288.00      815.00        0.00
     0     0      294.00      815.00        0.00
     0     0      300.00      815.00        0.00
     0     0      296.00      819.00        0.00
     0     0      290.00      821.00        0.00
     0     0      284.00      823.00        0.00
     0     0      276.00      825.00        0.00
     0     0      268.00      829.00        0.00
     0     0      262.00      829.00        0.00
     0     0      254.00      831.00        0.00
     0     0      248.00      833.00        0.00
     0     0      242.00      835.00        0.00
     0     0      240.00      841.00        0.00
     0     0      236.00      845.00        0.00
     0     0      232.00      851.00        0.00
     0     0      230.00      857.00        0.00
     0     0      226.00      861.00        0.00
     0     0      222.00      867.00        0.00
     0     0      220.00      875.00        0.00
     0     0      216.00      881.00        0.00
     0     0      214.00      889.00        0.00
     0     0      212.00      897.00        0.00
     0     0      212.00      905.00        0.00
     0     0      210.00      911.00        0.00
     0     0      208.00      919.00        0.00
     0     0      206.00      925.00        0.00
     0     0      202.00      931.00        0.00
     0     0      198.00      935.00        0.00
     0     0      194.00      939.00        0.00
     0     0      188.00      943.00        0.00
     0     0      184.00      949.00        0.00
     0     0      182.00      955.00        0.00
     0     0      180.00      961.00        0.00
     0     0      178.00      967.00        0.00
     0     0      180.00      973.00        0.00
     0     1      522.00      945.00        0.00
     0     1      510.00      951.00        0.00
     0     1      504.00      955.00        0.00
     0     1      498.00      957.00        0.00
     0     1      492.00      957.00        0.00
     0     1      486.00      957.00        0.00
     0     1      480.00      955.00        0.00
     0     1      472.00      955.00        0.00
     0     1      466.00      953.00        0.00
     0     1      460.00      951.00        0.00
     0     1      452.00      947.00        0.00
     0     1      446.00      943.00        0.00
     0     1      440.00      941.00        0.00
     0     1      434.00      939.00        0.00
     0     1      428.00      937.00        0.00
     0     1      422.00      933.00        0.00
     0     1      418.00      927.00        0.00
     0     1      414.00      921.00        0.00
     0     1      412.00      915.00        0.00
     0     1      412.00      909.00        0.00
     0     1      408.00      903.00        0.00
     0     1      406.00      897.00        0.00
     0     1      402.00      893.00        0.00
     0     1      398.00      887.00        0.00
     0     1      398.00      881.00        0.00
     0     1      398.00      875.00        0.00
     0     1      402.00      871.00        0.00
     0     1      406.00      865.00        0.00
     0     1      408.00      859.00        0.00
     0     1      412.00      851.00        0.00
     0     1      416.00      847.00        0.00
     0     1      418.00      841.00        0.00
     0     1      422.00      835.00        0.00
     0     1      424.00      829.00        0.00
     0     1      428.00      825.00        0.00
     0     1      434.00      821.00        0.00
     0     1      440.00      819.00        0.00
     0     1      446.00      817.00        0.00
     0     1      452.00      817.00        0.00
     0     1      458.00      817.00        0.00
     0     1      464.00      817.00        0.00
     0     1      470.00      817.00        0.00
     0     1      476.00      819.00        0.00
     0     1      482.00      823.00        0.00
     0     1      484.00      829.00        0.00
     0     1      486.00      835.00        0.00
     0     1      490.00      841.00        0.00
     0     1      494.00      847.00        0.00
     0     1      498.00      851.00        0.00
     0     1      502.00      857.00        0.00
     0     1      506.00      861.00        0.00
     0     1      512.00      865.00        0.00
     0     1      516.00      871.00        0.00
     0     1      520.00      875.00        0.00
     0     1      526.00      879.00        0.00
     0     1      532.00      881.00        0.00
     0     1      536.00      885.00        0.00
     0     1      540.00      889.00        0.00
     0     1      542.00      895.00        0.00
     0     1      542.00      901.00        0.00
     0     1      544.00      907.00        0.00
     0     1      546.00      913.00        0.00
     0     1      546.00      919.00        0.00
     0     2      592.00      817.00        0.00
     0     2      608.00      823.00        0.00
     0     2      614.00      827.00        0.00
     0     2      620.00      829.00        0.00
     0     2      626.00      831.00        0.00
     0     2      632.00      833.00        0.00
     0     2      640.00      837.00        0.00
     0     2      646.00      841.00        0.00
     0     2      652.00      843.00        0.00
     0     2      656.00      847.00        0.00
     0     2      662.00      851.00        0.00
     0     2      668.00      855.00        0.00
     0     2      672.00      859.00        0.00
     0     2      676.00      865.00        0.00
     0     2      680.00      869.00        0.00
     0     2      684.00      873.00        0.00
     0     2      690.00      877.00        0.00
     0     2      696.00      883.00        0.00
     0     2      700.00      887.00        0.00
     0     2      708.00      891.00        0.00
     0     2      712.00      895.00        0.00
     0     2      718.00      899.00        0.00
     0     2      722.00      903.00        0.00
     0     2      728.00      905.00        0.00
     0     2      736.00      909.00        0.00
     0     2      742.00      911.00        0.00
     0     2      748.00      911.00        0.00
     0     2      756.00      913.00        0.00
     0     2      764.00      917.00        0.00
     0     2      770.00      919.00        0.00
     0     2      780.00      921.00        0.00
     0     2      786.00      921.00        0.00
     0     2      792.00      925.00        0.00
     0     2      802.00      925.00        0.00
     0     2      808.00      927.00        0.00
     0     2      816.00      929.00        0.00
     0     2      824.00      929.00        0.00
     0     2      830.00      931.00        0.00
     0     2      836.00      935.00        0.00
     0     2      842.00      937.00        0.00
     0     2      850.00      939.00        0.00
     0     2      854.00      943.00        0.00
     0     2      862.00      945.00        0.00
     0     2      868.00      947.00        0.00
     0     2      874.00      949.00        0.00
     0     2      882.00      951.00        0.00
     0     2      892.00      953.00        0.00
     0     2      902.00      955.00        0.00
     0     2      912.00      957.00        0.00
     0     2      920.00      959.00        0.00
     0     2      928.00      961.00        0.00
     0     2      934.00      963.00        0.00
     0     2      940.00      963.00        0.00
     0     2      946.00      965.00        0.00
     0     2      952.00      965.00        0.00
     0     2      958.00      965.00        0.00
     0     2      964.00      965.00        0.00
     0     2      970.00      965.00        0.00
     0     2      976.00      961.00        0.00
     0     2      980.00      955.00        0.00
     0     2      980.00      949.00        0.00
     0     2      978.00      943.00        0.00
     0     2      974.00      939.00        0.00
     0     2      968.00      931.00        0.00
     0     2      964.00      927.00        0.00
     0     2      960.00      919.00        0.00
     0     2      956.00      915.00        0.00
     0     2      954.00      909.00        0.00
     0     2      952.00      901.00        0.00
     0     2      952.00      895.00        0.00
     0     2      952.00      889.00        0.00
     0     2      954.00      883.00        0.00
     0     2      958.00      877.00        0.00
     0     2      962.00      873.00        0.00
     0     2      964.00      867.00        0.00
     0     2      968.00      863.00        0.00
     0     2      972.00      859.00        0.00
     0     2      974.00      853.00        0.00
     0     2      978.00      849.00        0.00
     0     2      980.00      843.00        0.00
     0     2      980.00      837.00        0.00
     0     2      978.00      831.00        0.00
     0     2      972.00      829.00        0.00
     0     2      966.00      827.00        0.00
     0     2      960.00      825.00        0.00
     0     2      952.00      823.00        0.00
     0     2      946.00      823.00        0.00
     0     2      940.00      821.00        0.00
     0     2      934.00      821.00        0.00
     0     2      928.00      821.00        0.00
     0     2      920.00      821.00        0.00
     0     2      914.00      821.00        0.00
     0     2      906.00      823.00        0.00
     0     2      902.00      827.00        0.00
     0     2      896.00      829.00        0.00
     0     2      890.00      831.00        0.00
     0     2      884.00      833.00        0.00
     0     2      878.00      837.00        0.00
     0     2      872.00      839.00        0.00
     0     2      864.00      841.00        0.00
     0     2      858.00      845.00        0.00
     0     2      852.00      847.00        0.00
     0     2      844.00      851.00        0.00
     0     2      838.00      851.00        0.00
     0     2      832.00      853.00        0.00
     0     2      824.00      853.00        0.00
     0     2      816.00      853.00        0.00
     0     2      810.00      851.00        0.00
     0     2      804.00      851.00        0.00
     0     2      798.00      851.00        0.00
     0     2      792.00      849.00        0.00
     0     2      784.00      849.00        0.00
     0     2      778.00      845.00        0.00
     0     2      772.00      843.00        0.00
     0     2      766.00      841.00        0.00
     0     2      758.00      839.00        0.00
     0     2      750.00      839.00        0.00
     0     2      744.00      839.00        0.00
     0     2      738.00      839.00        0.00
     0     2      732.00      839.00        0.00
     0     2      726.00      837.00        0.00
     0     2      720.00      837.00        0.00
     0     2      714.00      835.00        0.00
     0     2      708.00      835.00        0.00
     0     2      702.00      835.00        0.00
     0     2      696.00      835.00        0.00
     0     2      690.00      835.00        0.00
     0     2      684.00      835.00        0.00
     0     2      678.00      835.00        0.00
     0     2      672.00      835.00        0.00
     0     2      666.00      835.00        0.00
     0     2      660.00      835.00        0.00
     0     2      654.00      831.00        0.00
     0     2      648.00      831.00        0.00
     0     2      644.00      827.00        0.00
     0     2      638.00      825.00        0.00
     0     2      632.00      823.00        0.00
     0     3      434.00      391.00        0.00
     0     3      440.00      391.00        0.00
     0     3      448.00      391.00        0.00
     0     3      458.00      391.00        0.00
     0     3      464.00      391.00        0.00
     0     3      472.00      391.00        0.00
     0     3      478.00      391.00        0.00
     0     3      486.00      391.00        0.00
     0     3      492.00      391.00        0.00
     0     3      498.00      391.00        0.00
     0     3      504.00      393.00        0.00
     0     3      510.00      395.00        0.00
     0     3      516.00      395.00        0.00
     0     3      522.00      397.00        0.00
     0     3      528.00      399.00        0.00
     0     3      534.00      401.00        0.00
     0     3      540.00      401.00        0.00
     0     3      546.00      405.00        0.00
     0     3      554.00      409.00        0.00
     0     3      560.00      411.00        0.00
     0     3      570.00      413.00        0.00
     0     3      576.00      415.00        0.00
     0     3      582.00      415.00        0.00
     0     3      588.00      417.00        0.00
     0     3      594.00      419.00        0.00
     0     3      600.00      421.00        0.00
     0     3      606.00      423.00        0.00
     0     3      612.00      423.00        0.00
     0     3      618.00      425.00        0.00
     0     3      626.00      427.00        0.00
     0     3      634.00      427.00        0.00
     0     3      640.00      429.00        0.00
     0     3      646.00      431.00        0.00
     0     3      654.00      433.00        0.00
     0     3      660.00      435.00        0.00
     0     3      666.00      437.00        0.00
     0     3      672.00      437.00        0.00
     0     3      678.00      437.00        0.00
     0     3      684.00      437.00        0.00
     0     3      692.00      437.00        0.00
     0     3      698.00      437.00        0.00
     0     3      704.00      437.00        0.00
     0     3      706.00      431.00        0.00
     0     3      708.00      425.00        0.00
     0     3      710.00      419.00        0.00
     0     3      712.00      411.00        0.00
     0     3      708.00      407.00        0.00
     0     3      704.00      403.00        0.00
     0     3      698.00      399.00        0.00
     0     3      690.00      395.00        0.00
     0     3      684.00      393.00        0.00
     0     3      678.00      391.00        0.00
     0     3      672.00      391.00        0.00
     0     3      664.00      389.00        0.00
     0     3      656.00      387.00        0.00
     0     3      650.00      385.00        0.00
     0     3      644.00      385.00        0.00
     0     3      638.00      383.00        0.00
     0     3      630.00      383.00        0.00
     0     3      624.00      383.00        0.00
     0     3      616.00      383.00        0.00
     0     3      610.00      381.00        0.00
     0     3      604.00      379.00        0.00
     0     3      598.00      377.00        0.00
     0     3      592.00      375.00        0.00
     0     3      586.00      371.00        0.00
     0     3      580.00      369.00        0.00
     0     3      574.00      367.00        0.00
     0     3      568.00      367.00        0.00
     0     3      562.00      369.00        0.00
     0     3      558.00      373.00        0.00
     0     3      554.00      377.00        0.00
     0     3      548.00      381.00        0.00
     0     3      542.00      381.00        0.00
     0     3      536.00      383.00        0.00
     0     3      530.00      383.00        0.00
     0     3      524.00      385.00        0.00
     0     3      518.00      385.00        0.00
     0     3      512.00      387.00        0.00
     0     3      506.00      389.00        0.00
     0     3      500.00      389.00        0.00
     0     3      494.00      389.00        0.00
     0     4      400.00      543.00        0.00
     0     4      412.00      557.00        0.00
     0     4      416.00      561.00        0.00
     0     4      420.00      567.00        0.00
     0     4      426.00      571.00        0.00
     0     4      430.00      575.00        0.00
     0     4      434.00      581.00        0.00
     0     4      434.00      587.00        0.00
     0     4      434.00      593.00        0.00
     0     4      434.00      601.00        0.00
     0     4      434.00      607.00        0.00
     0     4      432.00      613.00        0.00
     0     4      430.00      619.00        0.00
     0     4      428.00      625.00        0.00
     0     4      424.00      629.00        0.00
     0     4      420.00      633.00        0.00
     0     4      414.00      633.00        0.00
     0     4      408.00      633.00        0.00
     0     4      400.00      631.00        0.00
     0     4      394.00      629.00        0.00
     0     4      386.00      625.00        0.00
     0     4      380.00      621.00        0.00
     0     4      374.00      617.00        0.00
     0     4      368.00      613.00        0.00
     0     4      362.00      609.00        0.00
     0     4      356.00      605.00        0.00
     0     4      346.00      601.00        0.00
     0     4      340.00      597.00        0.00
     0     4      334.00      595.00        0.00
     0     4      330.00      591.00        0.00
     0     4      324.00      587.00        0.00
     0     4      318.00      585.00        0.00
     0     4      312.00      581.00        0.00
     0     4      306.00      579.00        0.00
     0     4      298.00      575.00        0.00
     0     4      292.00      573.00        0.00
     0     4      286.00      571.00        0.00
     0     4      280.00      569.00        0.00
     0     4      274.00      567.00        0.00
     0     4      268.00      565.00        0.00
     0     4      264.00      561.00        0.00
     0     4      256.00      557.00        0.00
     0     4      248.00      553.00        0.00
     0     4      240.00      549.00        0.00
     0     4      234.00      545.00        0.00
     0     4      226.00      541.00        0.00
     0     4      218.00      537.00        0.00
     0     4      214.00      533.00        0.00
     0     4      208.00      529.00        0.00
     0     4      200.00      525.00        0.00
     0     4      196.00      521.00        0.00
     0     4      190.00      517.00        0.00
     0     4      184.00      513.00        0.00
     0     4      180.00      509.00        0.00
     0     4      174.00      505.00        0.00
     0     4      168.00      499.00        0.00
     0     4      162.00      497.00        0.00
     0     4      158.00      493.00        0.00
     0     4      148.00      489.00        0.00
     0     4      144.00      485.00        0.00
     0     4      138.00      481.00        0.00
     0     4      130.00      479.00        0.00
     0     4      124.00      477.00        0.00
     0     4      120.00      473.00        0.00
     0     4      114.00      471.00        0.00
     0     4      108.00      469.00        0.00
     0     4      100.00      469.00        0.00
     0     4       94.00      467.00        0.00
     0     4       86.00      467.00        0.00
     0     4       80.00      465.00        0.00
     0     4       74.00      465.00        0.00
     0     4       68.00      465.00        0.00
     0     4       62.00      465.00        0.00
     0     4       56.00      465.00        0.00
     0     4       50.00      465.00        0.00
     0     4       44.00      465.00        0.00
     0     4       38.00      465.00        0.00
     0     4       32.00      467.00        0.00
     0     4       26.00      467.00        0.00
     0     4       18.00      471.00        0.00
     0     4       12.00      473.00        0.00
     0     4       18.00      473.00        0.00
     0     4       24.00      471.00        0.00
     0     4       32.00      469.00        0.00
     0     4       40.00      467.00        0.00
     0     4       48.00      465.00        0.00
     0     4       54.00      465.00        0.00
     0     4       60.00      463.00        0.00
     0     4       66.00      461.00        0.00
     0     4       74.00      459.00        0.00
     0     4       80.00      459.00        0.00
     0     4       86.00      459.00        0.00
     0     4       92.00      457.00        0.00
     0     4      100.00      457.00        0.00
     0     4      108.00      455.00        0.00
     0     4      116.00      455.00        0.00
     0     4      126.00      453.00        0.00
     0     4      132.00      453.00        0.00
     0     4      140.00      451.00        0.00
     0     4      146.00      447.00        0.00
     0     4      152.00      445.00        0.00
     0     4      158.00      443.00        0.00
     0     4      164.00      439.00        0.00
     0     4      170.00      437.00        0.00
     0     4      176.00      433.00        0.00
     0     4      182.00      431.00        0.00
     0     4      188.00      427.00        0.00
     0     4      192.00      423.00        0.00
     0     4      198.00      419.00        0.00
     0     4      204.00      413.00        0.00
     0     4      212.00      411.00        0.00
     0     4      218.00      409.00        0.00
     0     4      224.00      407.00        0.00
     0     4      234.00      405.00        0.00
     0     4      240.00      403.00        0.00
     0     4      246.00      401.00        0.00
     0     4      252.00      399.00        0.00
     0     4      258.00      397.00        0.00
     0     4      268.00      393.00        0.00
     0     4      274.00      391.00        0.00
     0     4      280.00      389.00        0.00
     0     4      290.00      387.00        0.00
     0     4      296.00      385.00        0.00
     0     4      302.00      383.00        0.00
     0     4      312.00      381.00        0.00
     0     4      320.00      379.00        0.00
     0     4      328.00      375.00        0.00
     0     4      340.00      373.00        0.00
     0     4      346.00      373.00        0.00
     0     4      356.00      373.00        0.00
     0     4      362.00      373.00        0.00
     0     4      368.00      373.00        0.00
     0     4      376.00      375.00        0.00
     0     4      384.00      377.00        0.00
     0     4      390.00      381.00        0.00
     0     4      396.00      383.00        0.00
     0     4      404.00      385.00        0.00
     0     4      412.00      389.00        0.00
     0     4      418.00      391.00        0.00
     0     4      424.00      395.00        0.00
     0     4      428.00      399.00        0.00
     0     4      432.00      403.00        0.00
     0     4      436.00      407.00        0.00
     0     4      440.00      411.00        0.00
     0     4      442.00      417.00        0.00
     0     4      444.00      423.00        0.00
     0     4      448.00      431.00        0.00
     0     4      448.00      439.00        0.00
     0     4      448.00      447.00        0.00
     0     4      448.00      453.00        0.00
     0     4      446.00      461.00        0.00
     0     4      444.00      467.00        0.00
     0     4      442.00      473.00        0.00
     0     4      438.00      477.00        0.00
     0     4      432.00      479.00        0.00
     0     4      428.00      483.00        0.00
     0     4      422.00      485.00        0.00
     0     4      418.00      489.00        0.00
     0     4      414.00      493.00        0.00
     0     4      410.00      497.00        0.00
     0     4      408.00      503.00        0.00
     0     5      266.00      653.00        0.00
     0     5      256.00      655.00        0.00
     0     5      248.00      653.00        0.00
     0     5      242.00      651.00        0.00
     0     5      236.00      649.00        0.00
     0     5      228.00      647.00        0.00
     0     5      222.00      645.00        0.00
     0     5      216.00      643.00        0.00
     0     5      208.00      641.00        0.00
     0     5      200.00      637.00        0.00
     0     5      194.00      633.00        0.00
     0     5      188.00      631.00        0.00
     0     5      182.00      631.00        0.00
     0     5      176.00      629.00        0.00
     0     5      170.00      629.00        0.00
     0     5      164.00      627.00        0.00
     0     5      158.00      627.00        0.00
     0     5      152.00      625.00        0.00
     0     5      152.00      619.00        0.00
     0     5      152.00      613.00        0.00
     0     5      154.00      607.00        0.00
     0     5      156.00      601.00        0.00
     0     5      158.00      593.00        0.00
     0     5      158.00      587.00        0.00
     0     5      160.00      579.00        0.00
     0     5      162.00      573.00        0.00
     0     5      166.00      567.00        0.00
     0     5      170.00      563.00        0.00
     0     5      176.00      559.00        0.00
     0     5      180.00      555.00        0.00
     0     5      186.00      553.00        0.00
     0     5      192.00      553.00        0.00
     0     5      200.00      557.00        0.00
     0     5      204.00      561.00        0.00
     0     5      210.00      565.00        0.00
     0     5      216.00      569.00        0.00
     0     5      222.00      571.00        0.00
     0     5      228.00      571.00        0.00
     0     5      234.00      573.00        0.00
     0     5      240.00      573.00        0.00
     0     5      248.00      575.00        0.00
     0     5      254.00      577.00        0.00
     0     5      260.00      579.00        0.00
     0     5      268.00      581.00        0.00
     0     5      270.00      587.00        0.00
     0     5      270.00      593.00        0.00
     0     5      270.00      599.00        0.00
     0     5      270.00      605.00        0.00
     0     5      272.00      611.00        0.00
     0     5      274.00      617.00        0.00
     0     6      958.00      515.00        0.00
     0     6      954.00      519.00        0.00
     0     6      948.00      523.00        0.00
     0     6      942.00      527.00        0.00
     0     6      936.00      531.00        0.00
     0     6      930.00      533.00        0.00
     0     6      924.00      537.00        0.00
     0     6      920.00      541.00        0.00
     0     6      914.00      545.00        0.00
     0     6      908.00      547.00        0.00
     0     6      902.00      547.00        0.00
     0     6      896.00      547.00        0.00
     0     6      888.00      547.00        0.00
     0     6      882.00      545.00        0.00
     0     6      876.00      543.00        0.00
     0     6      868.00      539.00        0.00
     0     6      862.00      537.00        0.00
     0     6      856.00      535.00        0.00
     0     6      846.00      533.00        0.00
     0     6      840.00      533.00        0.00
     0     6      834.00      531.00        0.00
     0     6      828.00      529.00        0.00
     0     6      820.00      527.00        0.00
     0     6      812.00      525.00        0.00
     0     6      806.00      521.00        0.00
     0     6      800.00      519.00        0.00
     0     6      794.00      517.00        0.00
     0     6      788.00      513.00        0.00
     0     6      782.00      511.00        0.00
     0     6      778.00      507.00        0.00
     0     6      776.00      501.00        0.00
     0     6      776.00      495.00        0.00
     0     6      776.00      487.00        0.00
     0     6      776.00      481.00        0.00
     0     6      776.00      475.00        0.00
     0     6      776.00      469.00        0.00
     0     6      776.00      463.00        0.00
     0     6      776.00      457.00        0.00
     0     6      776.00      451.00        0.00
     0     6      774.00      445.00        0.00
     0     6      772.00      439.00        0.00
     0     6      772.00      433.00        0.00
     0     6      776.00      429.00        0.00
     0     6      788.00      427.00        0.00
     0     6      800.00      429.00        0.00
     0     6      808.00      431.00        0.00
     0     6      814.00      431.00        0.00
     0     6      824.00      431.00        0.00
     0     6      832.00      429.00        0.00
     0     6      838.00      429.00        0.00
     0     6      844.00      429.00        0.00
     0     6      850.00      429.00        0.00
     0     6      856.00      429.00        0.00
     0     6      862.00      431.00        0.00
     0     6      866.00      435.00        0.00
     0     6      872.00      437.00        0.00
     0     6      876.00      441.00        0.00
     0     6      880.00      445.00        0.00
     0     6      884.00      451.00        0.00
     0     6      890.00      455.00        0.00
     0     6      894.00      461.00        0.00
     0     6      900.00      465.00        0.00
     0     6      906.00      469.00        0.00
     0     6      912.00      471.00        0.00
     0     6      918.00      475.00        0.00
     0     6      924.00      475.00        0.00
     0     6      932.00      477.00        0.00
     0     6      936.00      481.00        0.00
     0     6      942.00      483.00        0.00
     0     6      942.00      489.00        0.00
     0     7      184.00      409.00        0.00
     0     7      170.00      403.00        0.00
     0     7      164.00      399.00        0.00
     0     7      158.00      393.00        0.00
     0     7      152.00      387.00        0.00
     0     7      146.00      381.00        0.00
     0     7      142.00      373.00        0.00
     0     7      138.00      367.00        0.00
     0     7      136.00      361.00        0.00
     0     7      136.00      355.00        0.00
     0     7      134.00      347.00        0.00
     0     7      138.00      339.00        0.00
     0     7      140.00      333.00        0.00
     0     7      142.00      327.00        0.00
     0     7      146.00      323.00        0.00
     0     7      148.00      317.00        0.00
     0     7      152.00      313.00        0.00
     0     7      156.00      307.00        0.00
     0     7      158.00      301.00        0.00
     0     7      162.00      297.00        0.00
     0     7      168.00      297.00        0.00
     0     7      174.00      297.00        0.00
     0     7      182.00      299.00        0.00
     0     7      188.00      301.00        0.00
     0     7      194.00      305.00        0.00
     0     7      200.00      307.00        0.00
     0     7      206.00      309.00        0.00
     0     7      212.00      311.00        0.00
     0     7      218.00      313.00        0.00
     0     7      224.00      315.00        0.00
     0     7      232.00      317.00        0.00
     0     7      238.00      319.00        0.00
     0     7      244.00      321.00        0.00
     0     7      252.00      323.00        0.00
     0     7      260.00      327.00        0.00
     0     7      270.00      329.00        0.00
     0     7      276.00      331.00        0.00
     0     7      282.00      331.00        0.00
     0     7      288.00      333.00        0.00
     0     7      294.00      333.00        0.00
     0     7      300.00      335.00        0.00
     0     7      306.00      337.00        0.00
     0     7      312.00      337.00        0.00
     0     7      318.00      337.00        0.00
     0     7      324.00      337.00        0.00
     0     7      330.00      337.00        0.00
     0     7      336.00      337.00        0.00
     0     7      342.00      337.00        0.00
     0     7      348.00      337.00        0.00
     0     7      354.00      335.00        0.00
     0     7      360.00      335.00        0.00
     0     7      368.00      333.00        0.00
     0     7      374.00      333.00        0.00
     0     7      380.00      333.00        0.00
     0     7      386.00      333.00        0.00
     0     7      390.00      337.00        0.00
     0     7      382.00      339.00        0.00
     0     7      374.00      339.00        0.00
     0     7      368.00      341.00        0.00
     0     7      360.00      343.00        0.00
     0     7      354.00      345.00        0.00
     0     7      348.00      345.00        0.00
     0     7      342.00      345.00        0.00
     0     7      334.00      347.00        0.00
     0     7      326.00      347.00        0.00
     0     7      320.00      349.00        0.00
     0     7      314.00      351.00        0.00
     0     7      306.00      353.00        0.00
     0     7      300.00      357.00        0.00
     0     7      296.00      361.00        0.00
     0     7      290.00      365.00        0.00
     0     7      286.00      369.00        0.00
     0     7      280.00      373.00        0.00
     0     7      274.00      377.00        0.00
     0     7      268.00      381.00        0.00
     0     7      260.00      385.00        0.00
     0     7      254.00      387.00        0.00
     0     7      248.00      389.00        0.00
     0     7      242.00      389.00        0.00
     0     8      552.00      359.00        0.00
     0     8      540.00      341.00        0.00
     0     8      536.00      337.00        0.00
     0     8      530.00      331.00        0.00
     0     8      526.00      325.00        0.00
     0     8      524.00      319.00        0.00
     0     8      518.00      315.00        0.00
     0     8      514.00      311.00        0.00
     0     8      508.00      309.00        0.00
     0     8      502.00      307.00        0.00
     0     8      496.00      305.00        0.00
     0     8      490.00      305.00        0.00
     0     8      484.00      307.00        0.00
     0     8      478.00      311.00        0.00
     0     8      472.00      313.00        0.00
     0     8      464.00      319.00        0.00
     0     8      458.00      323.00        0.00
     0     8      452.00      327.00        0.00
     0     8      446.00      329.00        0.00
     0     8      440.00      331.00        0.00
     0     8      434.00      333.00        0.00
     0     8      428.00      333.00        0.00
     0     8      422.00      335.00        0.00
     0     8      412.00      337.00        0.00
     0     8      406.00      339.00        0.00
     0     8      400.00      339.00        0.00
     0     8      404.00      335.00        0.00
     0     8      410.00      327.00        0.00
     0     8      418.00      319.00        0.00
     0     8      422.00      313.00        0.00
     0     8      428.00      309.00        0.00
     0     8      434.00      303.00        0.00
     0     8      438.00      297.00        0.00
     0     8      442.00      293.00        0.00
     0     8      442.00      285.00        0.00
     0     8      442.00      279.00        0.00
     0     8      442.00      273.00        0.00
     0     8      440.00      267.00        0.00
     0     8      436.00      261.00        0.00
     0     8      432.00      255.00        0.00
     0     8      428.00      247.00        0.00
     0     8      426.00      241.00        0.00
     0     8      424.00      235.00        0.00
     0     8      422.00      227.00        0.00
     0     8      418.00      219.00        0.00
     0     8      414.00      213.00        0.00
     0     8      414.00      207.00        0.00
     0     8      412.00      201.00        0.00
     0     8      416.00      195.00        0.00
     0     8      424.00      195.00        0.00
     0     8      432.00      193.00        0.00
     0     8      438.00      191.00        0.00
     0     8      444.00      187.00        0.00
     0     8      448.00      183.00        0.00
     0     8      452.00      179.00        0.00
     0     8      454.00      173.00        0.00
     0     8      460.00      171.00        0.00
     0     8      468.00      169.00        0.00
     0     8      474.00      169.00        0.00
     0     8      482.00      167.00        0.00
     0     8      488.00      165.00        0.00
     0     8      494.00      161.00        0.00
     0     8      500.00      153.00        0.00
     0     8      506.00      145.00        0.00
     0     8      508.00      137.00        0.00
     0     8      510.00      129.00        0.00
     0     8      510.00      123.00        0.00
     0     8      512.00      117.00        0.00
     0     8      516.00      111.00        0.00
     0     8      522.00      107.00        0.00
     0     8      528.00      103.00        0.00
     0     8      534.00      101.00        0.00
     0     8      540.00      101.00        0.00
     0     8      546.00      101.00        0.00
     0     8      552.00      101.00        0.00
     0     8      558.00      101.00        0.00
     0     8      564.00      103.00        0.00
     0     8      564.00      109.00        0.00
     0     8      564.00      117.00        0.00
     0     8      564.00      127.00        0.00
     0     8      564.00      135.00        0.00
     0     8      564.00      143.00        0.00
     0     8      564.00      153.00        0.00
     0     8      564.00      161.00        0.00
     0     8      564.00      169.00        0.00
     0     8      564.00      177.00        0.00
     0     8      566.00      185.00        0.00
     0     8      568.00      191.00        0.00
     0     8      570.00      197.00        0.00
     0     8      572.00      205.00        0.00
     0     8      576.00      213.00        0.00
     0     8      580.00      219.00        0.00
     0     8      582.00      225.00        0.00
     0     8      584.00      231.00        0.00
     0     8      586.00      237.00        0.00
     0     8      586.00      243.00        0.00
     0     8      588.00      249.00        0.00
     0     8      588.00      257.00        0.00
     0     8      588.00      265.00        0.00
     0     8      588.00      271.00        0.00
     0     8      590.00      277.00        0.00
     0     8      594.00      283.00        0.00
     0     8      596.00      289.00        0.00
     0     8      600.00      295.00        0.00
     0     8      604.00      301.00        0.00
     0     8      608.00      305.00        0.00
     0     8      612.00      311.00        0.00
     0     8      616.00      315.00        0.00
     0     8      624.00      317.00        0.00
     0     8      628.00      321.00        0.00
     0     8      634.00      325.00        0.00
     0     8      638.00      331.00        0.00
     0     8      644.00      333.00        0.00
     0     8      648.00      337.00        0.00
     0     8      654.00      341.00        0.00
     0     8      658.00      345.00        0.00
     0     8      662.00      349.00        0.00
     0     8      668.00      353.00        0.00
     0     8      672.00      357.00        0.00
     0     8      678.00      359.00        0.00
     0     8      684.00      365.00        0.00
     0     8      690.00      369.00        0.00
     0     8      696.00      373.00        0.00
     0     8      702.00      375.00        0.00
     0     8      708.00      377.00        0.00
     0     8      714.00      381.00        0.00
     0     8      720.00      383.00        0.00
     0     8      726.00      385.00        0.00
     0     8      732.00      387.00        0.00
     0     8      738.00      389.00        0.00
     0     8      744.00      391.00        0.00
     0     8      738.00      391.00        0.00
     0     8      730.00      389.00        0.00
     0     8      724.00      387.00        0.00
     0     8      716.00      385.00        0.00
     0     8      708.00      383.00        0.00
     0     8      700.00      379.00        0.00
     0     8      694.00      377.00        0.00
     0     8      686.00      375.00        0.00
     0     8      680.00      371.00        0.00
     0     8      674.00      369.00        0.00
     0     8      670.00      365.00        0.00
     0     8      664.00      363.00        0.00
     0     8      658.00      359.00        0.00
     0     8      650.00      355.00        0.00
     0     8      642.00      351.00        0.00
     0     8      636.00      347.00        0.00
     0     8      628.00      345.00        0.00
     0     8      620.00      341.00        0.00
     0     8      614.00      337.00        0.00
     0     8      608.00      337.00        0.00
     0     8      602.00      335.00        0.00
     0     8      596.00      335.00        0.00
     0     8      590.00      335.00        0.00
     0     8      584.00      335.00        0.00
     0     8      578.00      335.00        0.00
     0     8      572.00      337.00        0.00
     0     8      566.00      337.00        0.00
     0     8      564.00      343.00        0.00
     0     8      562.00      349.00        0.00
     0     8      564.00      357.00        0.00
     0     9     1114.00      279.00        0.00
     0     9     1122.00      291.00        0.00
     0     9     1124.00      297.00        0.00
     0     9     1128.00      301.00        0.00
     0     9     1130.00      309.00        0.00
     0     9     1132.00      315.00        0.00
     0     9     1134.00      323.00        0.00
     0     9     1134.00      331.00        0.00
     0     9     1136.00      337.00        0.00
     0     9     1136.00      347.00        0.00
     0     9     1136.00      353.00        0.00
     0     9     1136.00      359.00        0.00
     0     9     1134.00      365.00        0.00
     0     9     1132.00      371.00        0.00
     0     9     1130.00      377.00        0.00
     0     9     1130.00      383.00        0.00
     0     9     1130.00      389.00        0.00
     0     9     1128.00      395.00        0.00
     0     9     1128.00      401.00        0.00
     0     9     1128.00      407.00        0.00
     0     9     1128.00      413.00        0.00
     0     9     1132.00      419.00        0.00
     0     9     1136.00      425.00        0.00
     0     9     1140.00      429.00        0.00
     0     9     1144.00      433.00        0.00
     0     9     1150.00      435.00        0.00
     0     9     1156.00      437.00        0.00
     0     9     1162.00      437.00        0.00
     0     9     1168.00      441.00        0.00
     0     9     1174.00      445.00        0.00
     0     9     1180.00      447.00        0.00
     0     9     1184.00      451.00        0.00
     0     9     1186.00      457.00        0.00
     0     9     1192.00      461.00        0.00
     0     9     1194.00      467.00        0.00
     0     9     1200.00      475.00        0.00
     0     9     1204.00      479.00        0.00
     0     9     1208.00      483.00        0.00
     0     9     1210.00      489.00        0.00
     0     9     1204.00      487.00        0.00
     0     9     1198.00      481.00        0.00
     0     9     1192.00      477.00        0.00
     0     9     1186.00      475.00        0.00
     0     9     1182.00      471.00        0.00
     0     9     1176.00      469.00        0.00
     0     9     1170.00      465.00        0.00
     0     9     1164.00      461.00        0.00
     0     9     1158.00      459.00        0.00
     0     9     1152.00      459.00        0.00
     0     9     1144.00      459.00        0.00
     0     9     1138.00      461.00        0.00
     0     9     1132.00      465.00        0.00
     0     9     1126.00      465.00        0.00
     0     9     1120.00      467.00        0.00
     0     9     1114.00      467.00        0.00
     0     9     1110.00      471.00        0.00
     0     9     1102.00      471.00        0.00
     0     9     1096.00      475.00        0.00
     0     9     1090.00      479.00        0.00
     0     9     1084.00      481.00        0.00
     0     9     1078.00      485.00        0.00
     0     9     1072.00      491.00        0.00
     0     9     1066.00      497.00        0.00
     0     9     1062.00      501.00        0.00
     0     9     1060.00      509.00        0.00
     0     9     1060.00      515.00        0.00
     0     9     1060.00      523.00        0.00
     0     9     1060.00      533.00        0.00
     0     9     1060.00      541.00        0.00
     0     9     1060.00      547.00        0.00
     0     9     1060.00      555.00        0.00
     0     9     1060.00      561.00        0.00
     0     9     1060.00      567.00        0.00
     0     9     1062.00      573.00        0.00
     0     9     1062.00      581.00        0.00
     0     9     1062.00      587.00        0.00
     0     9     1058.00      581.00        0.00
     0     9     1056.00      575.00        0.00
     0     9     1054.00      567.00        0.00
     0     9     1050.00      559.00        0.00
     0     9     1048.00      549.00        0.00
     0     9     1042.00      539.00        0.00
     0     9     1038.00      531.00        0.00
     0     9     1034.00      521.00        0.00
     0     9     1032.00      515.00        0.00
     0     9     1028.00      509.00        0.00
     0     9     1022.00      505.00        0.00
     0     9     1016.00      501.00        0.00
     0     9     1008.00      499.00        0.00
     0     9     1002.00      497.00        0.00
     0     9      996.00      497.00        0.00
     0     9      990.00      495.00        0.00
     0     9      984.00      495.00        0.00
     0     9      980.00      491.00        0.00
     0     9      980.00      483.00        0.00
     0     9      982.00      475.00        0.00
     0     9      982.00      469.00        0.00
     0     9      984.00      463.00        0.00
     0     9      984.00      457.00        0.00
     0     9      982.00      451.00        0.00
     0     9      982.00      443.00        0.00
     0     9      982.00      437.00        0.00
     0     9      988.00      435.00        0.00
     0     9      996.00      435.00        0.00
     0     9     1002.00      435.00        0.00
     0     9     1008.00      435.00        0.00
     0     9     1016.00      435.00        0.00
     0     9     1022.00      435.00        0.00
     0     9     1028.00      433.00        0.00
     0     9     1036.00      431.00        0.00
     0     9     1042.00      427.00        0.00
     0     9     1046.00      423.00        0.00
     0     9     1052.00      419.00        0.00
     0     9     1058.00      415.00        0.00
     0     9     1066.00      413.00        0.00
     0     9     1072.00      411.00        0.00
     0     9     1078.00      407.00        0.00
     0     9     1084.00      405.00        0.00
     0     9     1088.00      401.00        0.00
     0     9     1094.00      397.00        0.00
     0     9     1098.00      393.00        0.00
     0     9     1102.00      389.00        0.00
     0     9     1104.00      383.00        0.00
     0     9     1104.00      377.00        0.00
     0     9     1108.00      371.00        0.00
     0     9     1110.00      365.00        0.00
     0     9     1110.00      357.00        0.00
     0     9     1112.00      351.00        0.00
     0     9     1114.00      345.00        0.00
     0     9     1114.00      339.00        0.00
     0     9     1116.00      333.00        0.00
     0     9     1118.00      327.00        0.00
     0     9     1118.00      321.00        0.00
     0    10     1248.00      219.00        0.00
     0    10     1264.00      235.00        0.00
     0    10     1268.00      241.00        0.00
     0    10     1274.00      245.00        0.00
     0    10     1276.00      251.00        0.00
     0    10     1280.00      257.00        0.00
     0    10     1282.00      265.00        0.00
     0    10     1282.00      271.00        0.00
     0    10     1286.00      277.00        0.00
     0    10     1286.00      283.00        0.00
     0    10     1288.00      289.00        0.00
     0    10     1292.00      293.00        0.00
     0    10     1296.00      299.00        0.00
     0    10     1296.00      305.00        0.00
     0    10     1300.00      313.00        0.00
     0    10     1302.00      319.00        0.00
     0    10     1306.00      327.00        0.00
     0    10     1308.00      339.00        0.00
     0    10     1312.00      347.00        0.00
     0    10     1314.00      355.00        0.00
     0    10     1316.00      361.00        0.00
     0    10     1318.00      369.00        0.00
     0    10     1318.00      375.00        0.00
     0    10     1320.00      381.00        0.00
     0    10     1320.00      389.00        0.00
     0    10     1320.00      395.00        0.00
     0    10     1320.00      401.00        0.00
     0    10     1320.00      407.00        0.00
     0    10     1318.00      413.00        0.00
     0    10     1316.00      419.00        0.00
     0    10     1316.00      427.00        0.00
     0    10     1314.00      433.00        0.00
     0    10     1312.00      439.00        0.00
     0    10     1312.00      445.00        0.00
     0    10     1312.00      451.00        0.00
     0    10     1312.00      459.00        0.00
     0    10     1314.00      467.00        0.00
     0    10     1318.00      475.00        0.00
     0    10     1322.00      485.00        0.00
     0    10     1326.00      495.00        0.00
     0    10     1332.00      503.00        0.00
     0    10     1338.00      513.00        0.00
     0    10     1340.00      519.00        0.00
     0    10     1340.00      525.00        0.00
     0    10     1342.00      533.00        0.00
     0    10     1342.00      539.00        0.00
     0    10     1342.00      545.00        0.00
     0    10     1338.00      541.00        0.00
     0    10     1332.00      531.00        0.00
     0    10     1326.00      519.00        0.00
     0    10     1320.00      511.00        0.00
     0    10     1316.00      505.00        0.00
     0    10     1312.00      497.00        0.00
     0    10     1304.00      491.00        0.00
     0    10     1300.00      485.00        0.00
     0    10     1298.00      479.00        0.00
     0    10     1294.00      473.00        0.00
     0    10     1292.00      465.00        0.00
     0    10     1288.00      457.00        0.00
     0    10     1286.00      451.00        0.00
     0    10     1282.00      443.00        0.00
     0    10     1280.00      435.00        0.00
     0    10     1276.00      427.00        0.00
     0    10     1270.00      417.00        0.00
     0    10     1268.00      407.00        0.00
     0    10     1262.00      393.00        0.00
     0    10     1260.00      381.00        0.00
     0    10     1256.00      369.00        0.00
     0    10     1252.00      361.00        0.00
     0    10     1250.00      351.00        0.00
     0    10     1248.00      341.00        0.00
     0    10     1244.00      333.00        0.00
     0    10     1242.00      323.00        0.00
     0    10     1238.00      319.00        0.00
     0    10     1234.00      313.00        0.00
     0    10     1230.00      307.00        0.00
     0    10     1226.00      303.00        0.00
     0    10     1222.00      299.00        0.00
     0    10     1220.00      293.00        0.00
     0    10     1218.00      287.00        0.00
     0    10     1218.00      281.00        0.00
     0    10     1216.00      275.00        0.00
     0    10     1216.00      269.00        0.00
     0    10     1216.00      263.00        0.00
     0    10     1216.00      257.00        0.00
     0    10     1216.00      251.00        0.00
     0    10     1214.00      245.00        0.00
     0    10     1214.00      239.00        0.00
     0    10     1214.00      233.00        0.00
     0    10     1214.00      225.00        0.00
     0    10     1220.00      231.00        0.00
     0    10     1224.00      235.00        0.00
     0    11     1238.00      551.00        0.00
     0    11     1248.00      561.00        0.00
     0    11     1252.00      565.00        0.00
     0    11     1258.00      567.00        0.00
     0    11     1264.00      569.00        0.00
     0    11     1270.00      567.00        0.00
     0    11     1274.00      561.00        0.00
     0    11     1274.00      553.00        0.00
     0    11     1276.00      547.00        0.00
     0    11     1278.00      539.00        0.00
     0    11     1280.00      531.00        0.00
     0    11     1282.00      523.00        0.00
     0    11     1286.00      513.00        0.00
     0    11     1286.00      507.00        0.00
     0    11     1288.00      497.00        0.00
     0    11     1290.00      487.00        0.00
     0    11     1292.00      481.00        0.00
     0    11     1294.00      475.00        0.00
     0    11     1292.00      483.00        0.00
     0    11     1290.00      495.00        0.00
     0    11     1288.00      505.00        0.00
     0    11     1286.00      511.00        0.00
     0    11     1284.00      519.00        0.00
     0    11     1284.00      525.00        0.00
     0    11     1282.00      533.00        0.00
     0    11     1280.00      539.00        0.00
     0    11     1278.00      545.00        0.00
     0    11     1278.00      551.00        0.00
     0    11     1276.00      557.00        0.00
     0    11     1276.00      563.00        0.00
     0    11     1276.00      569.00        0.00
     0    11     1280.00      575.00        0.00
     0    11     1282.00      581.00        0.00
     0    11     1284.00      587.00        0.00
     0    11     1288.00      593.00        0.00
     0    11     1290.00      599.00        0.00
     0    11     1296.00      607.00        0.00
     0    11     1296.00      613.00        0.00
     0    11     1298.00      621.00        0.00
     0    11     1302.00      627.00        0.00
     0    11     1306.00      633.00        0.00
     0    11     1310.00      639.00        0.00
     0    11     1314.00      645.00        0.00
     0    11     1318.00      651.00        0.00
     0    11     1322.00      655.00        0.00
     0    11     1328.00      657.00        0.00
     0    11     1336.00      659.00        0.00
     0    11     1344.00      663.00        0.00
     0    11     1350.00      665.00        0.00
     0    11     1356.00      667.00        0.00
     0    11     1362.00      669.00        0.00
     0    11     1370.00      673.00        0.00
     0    11     1374.00      679.00        0.00
     0    11     1378.00      687.00        0.00
     0    11     1382.00      695.00        0.00
     0    11     1384.00      701.00        0.00
     0    11     1384.00      709.00        0.00
     0    11     1384.00      717.00        0.00
     0    11     1384.00      725.00        0.00
     0    11     1384.00      731.00        0.00
     0    11     1384.00      737.00        0.00
     0    11     1384.00      743.00        0.00
     0    11     1380.00      749.00        0.00
     0    11     1374.00      755.00        0.00
     0    11     1370.00      759.00        0.00
     0    11     1366.00      763.00        0.00
     0    11     1360.00      763.00        0.00
     0    11     1354.00      761.00        0.00
     0    11     1350.00      757.00        0.00
     0    11     1346.00      753.00        0.00
     0    11     1344.00      759.00        0.00
     0    11     1340.00      767.00        0.00
     0    11     1340.00      777.00        0.00
     0    11     1336.00      781.00        0.00
     0    11     1330.00      781.00        0.00
     0    11     1324.00      781.00        0.00
     0    11     1318.00      781.00        0.00
     0    11     1312.00      781.00        0.00
     0    11     1306.00      781.00        0.00
     0    11     1300.00      781.00        0.00
     0    11     1294.00      781.00        0.00
     0    11     1288.00      783.00        0.00
     0    11     1280.00      785.00        0.00
     0    11     1274.00      785.00        0.00
     0    11     1268.00      785.00        0.00
     0    11     1260.00      785.00        0.00
     0    11     1254.00      781.00        0.00
     0    11     1248.00      777.00        0.00
     0    11     1244.00      773.00        0.00
     0    11     1238.00      769.00        0.00
     0    11     1234.00      765.00        0.00
     0    11     1230.00      757.00        0.00
     0    11     1230.00      751.00        0.00
     0    11     1230.00      745.00        0.00
     0    11     1228.00      735.00        0.00
     0    11     1228.00      727.00        0.00
     0    11     1228.00      719.00        0.00
     0    11     1228.00      709.00        0.00
     0    11     1226.00      699.00        0.00
     0    11     1226.00      681.00        0.00
     0    11     1224.00      667.00        0.00
     0    11     1224.00      659.00        0.00
     0    11     1224.00      651.00        0.00
     0    11     1224.00      643.00        0.00
     0    11     1224.00      637.00        0.00
     0    11     1224.00      631.00        0.00
     0    11     1224.00      625.00        0.00
     0    11     1224.00      619.00        0.00
     0    11     1226.00      613.00        0.00
     0    11     1226.00      607.00        0.00
     0    11     1228.00      601.00        0.00
     0    11     1230.00      595.00        0.00
     0    12      944.00     1201.00        0.00
     0    12      940.00     1205.00        0.00
     0    12      940.00     1199.00        0.00
     0    12      942.00     1193.00        0.00
     0    12      944.00     1187.00        0.00
     0    12      944.00     1177.00        0.00
     0    12      946.00     1171.00        0.00
     0    12      948.00     1165.00        0.00
     0    12      950.00     1159.00        0.00
     0    12      952.00     1153.00        0.00
     0    12      954.00     1147.00        0.00
     0    12      954.00     1141.00        0.00
     0    12      956.00     1133.00        0.00
     0    12      956.00     1127.00        0.00
     0    12      956.00     1121.00        0.00
     0    12      958.00     1113.00        0.00
     0    12      960.00     1107.00        0.00
     0    12      962.00     1101.00        0.00
     0    12      966.00     1097.00        0.00
     0    12      968.00     1089.00        0.00
     0    12      972.00     1085.00        0.00
     0    12      976.00     1079.00        0.00
     0    12      978.00     1073.00        0.00
     0    12      980.00     1065.00        0.00
     0    12      982.00     1059.00        0.00
     0    12      986.00     1049.00        0.00
     0    12      988.00     1041.00        0.00
     0    12      988.00     1035.00        0.00
     0    12      990.00     1029.00        0.00
     0    12      990.00     1021.00        0.00
     0    12      992.00     1013.00        0.00
     0    12      992.00     1007.00        0.00
     0    12      994.00      999.00        0.00
     0    12      996.00      993.00        0.00
     0    12      996.00      985.00        0.00
     0    12      998.00      979.00        0.00
     0    12      998.00      973.00        0.00
     0    12     1000.00      967.00        0.00
     0    12     1002.00      961.00        0.00
     0    12     1002.00      955.00        0.00
     0    12     1004.00      947.00        0.00
     0    12     1006.00      941.00        0.00
     0    12     1008.00      935.00        0.00
     0    12     1012.00      929.00        0.00
     0    12     1014.00      923.00        0.00
     0    12     1014.00      917.00        0.00
     0    12     1018.00      911.00        0.00
     0    12     1018.00      905.00        0.00
     0    12     1022.00      897.00        0.00
     0    12     1024.00      889.00        0.00
     0    12     1026.00      881.00        0.00
     0    12     1030.00      875.00        0.00
     0    12     1034.00      869.00        0.00
     0    12     1038.00      863.00        0.00
     0    12     1040.00      857.00        0.00
     0    12     1044.00      849.00        0.00
     0    12     1046.00      843.00        0.00
     0    12     1050.00      835.00        0.00
     0    12     1052.00      829.00        0.00
     0    12     1054.00      821.00        0.00
     0    12     1056.00      815.00        0.00
     0    12     1056.00      809.00        0.00
     0    12     1056.00      801.00        0.00
     0    12     1058.00      795.00        0.00
     0    12     1058.00      789.00        0.00
     0    12     1060.00      783.00        0.00
     0    12     1060.00      777.00        0.00
     0    12     1060.00      769.00        0.00
     0    12     1058.00      763.00        0.00
     0    12     1056.00      757.00        0.00
     0    12     1054.00      749.00        0.00
     0    12     1052.00      741.00        0.00
     0    12     1050.00      735.00        0.00
     0    12     1048.00      729.00        0.00
     0    12     1044.00      723.00        0.00
     0    12     1040.00      717.00        0.00
     0    12     1036.00      711.00        0.00
     0    12     1030.00      707.00        0.00
     0    12     1026.00      703.00        0.00
     0    12     1020.00      703.00        0.00
     0    12     1014.00      703.00        0.00
     0    12     1008.00      703.00        0.00
     0    12     1002.00      703.00        0.00
     0    12      996.00      703.00        0.00
     0    12      990.00      705.00        0.00
     0    12      986.00      711.00        0.00
     0    12      980.00      717.00        0.00
     0    12      972.00      721.00        0.00
     0    12      966.00      725.00        0.00
     0    12      960.00      731.00        0.00
     0    12      956.00      737.00        0.00
     0    12      954.00      745.00        0.00
     0    12      952.00      753.00        0.00
     0    12      952.00      761.00        0.00
     0    12      952.00      767.00        0.00
     0    12      952.00      773.00        0.00
     0    12      954.00      779.00        0.00
     0    12      956.00      787.00        0.00
     0    12      960.00      793.00        0.00
     0    12      962.00      799.00        0.00
     0    12      966.00      805.00        0.00
     0    12      970.00      811.00        0.00
     0    12      974.00      817.00        0.00
     0    12      980.00      821.00        0.00
     0    12      986.00      827.00        0.00
     0    12      990.00      831.00        0.00
     0    12      996.00      833.00        0.00
     0    12     1002.00      837.00        0.00
     0    12     1008.00      839.00        0.00
     0    12     1012.00      843.00        0.00
     0    12     1016.00      849.00        0.00
     0    12     1016.00      855.00        0.00
     0    12     1016.00      861.00        0.00
     0    12     1016.00      867.00        0.00
     0    12     1016.00      873.00        0.00
     0    12     1016.00      879.00        0.00
     0    12     1016.00      885.00        0.00
     0    12     1016.00      891.00        0.00
     0    12     1016.00      897.00        0.00
     0    12     1016.00      903.00        0.00
     0    12     1016.00      909.00        0.00
     0    12     1012.00      915.00        0.00
     0    12     1010.00      921.00        0.00
     0    12     1008.00      927.00        0.00
     0    12     1006.00      933.00        0.00
     0    12     1004.00      939.00        0.00
     0    13     1206.00     1153.00        0.00
     0    13     1200.00     1147.00        0.00
     0    13     1196.00     1139.00        0.00
     0    13     1190.00     1133.00        0.00
     0    13     1186.00     1125.00        0.00
     0    13     1180.00     1121.00        0.00
     0    13     1176.00     1115.00        0.00
     0    13     1172.00     1109.00        0.00
     0    13     1166.00     1101.00        0.00
     0    13     1160.00     1097.00        0.00
     0    13     1154.00     1093.00        0.00
     0    13     1150.00     1089.00        0.00
     0    13     1142.00     1085.00        0.00
     0    13     1136.00     1083.00        0.00
     0    13     1130.00     1081.00        0.00
     0    13     1122.00     1079.00        0.00
     0    13     1112.00     1077.00        0.00
     0    13     1106.00     1075.00        0.00
     0    13     1098.00     1075.00        0.00
     0    13     1092.00     1079.00        0.00
     0    13     1086.00     1079.00        0.00
     0    13     1080.00     1079.00        0.00
     0    13     1074.00     1079.00        0.00
     0    13     1066.00     1077.00        0.00
     0    13     1060.00     1077.00        0.00
     0    13     1052.00     1075.00        0.00
     0    13     1046.00     1073.00        0.00
     0    13     1040.00     1071.00        0.00
     0    13     1034.00     1067.00        0.00
     0    13     1028.00     1065.00        0.00
     0    13     1026.00     1059.00        0.00
     0    13     1024.00     1053.00        0.00
     0    13     1024.00     1047.00        0.00
     0    13     1024.00     1039.00        0.00
     0    13     1024.00     1029.00        0.00
     0    13     1026.00     1021.00        0.00
     0    13     1030.00     1015.00        0.00
     0    13     1034.00     1007.00        0.00
     0    13     1038.00      997.00        0.00
     0    13     1042.00      993.00        0.00
     0    13     1044.00      987.00        0.00
     0    13     1048.00      983.00        0.00
     0    13     1052.00      979.00        0.00
     0    13     1058.00      973.00        0.00
     0    13     1064.00      971.00        0.00
     0    13     1070.00      967.00        0.00
     0    13     1076.00      963.00        0.00
     0    13     1084.00      959.00        0.00
     0    13     1092.00      955.00        0.00
     0    13     1098.00      951.00        0.00
     0    13     1102.00      947.00        0.00
     0    13     1106.00      943.00        0.00
     0    13     1112.00      941.00        0.00
     0    13     1120.00      941.00        0.00
     0    13     1126.00      945.00        0.00
     0    13     1134.00      949.00        0.00
     0    13     1140.00      949.00        0.00
     0    13     1148.00      949.00        0.00
     0    13     1158.00      949.00        0.00
     0    13     1164.00      949.00        0.00
     0    13     1170.00      949.00        0.00
     0    13     1176.00      949.00        0.00
     0    13     1182.00      947.00        0.00
     0    13     1188.00      947.00        0.00
     0    13     1188.00      953.00        0.00
     0    13     1184.00      961.00        0.00
     0    13     1182.00      967.00        0.00
     0    13     1180.00      975.00        0.00
     0    13     1176.00      983.00        0.00
     0    13     1176.00      989.00        0.00
     0    13     1174.00      995.00        0.00
     0    13     1176.00     1001.00        0.00
     0    13     1176.00     1007.00        0.00
     0    13     1178.00     1013.00        0.00
     0    13     1180.00     1019.00        0.00
     0    13     1180.00     1027.00        0.00
     0    13     1182.00     1033.00        0.00
     0    13     1184.00     1039.00        0.00
     0    13     1184.00     1045.00        0.00
     0    13     1186.00     1051.00        0.00
     0    13     1186.00     1057.00        0.00
     0    13     1186.00     1065.00        0.00
     0    13     1186.00     1071.00        0.00
     0    13     1186.00     1077.00        0.00
     0    13     1186.00     1083.00        0.00
     0    13     1188.00     1089.00        0.00
     0    13     1190.00     1097.00        0.00
     0    13     1192.00     1103.00        0.00
     0    13     1194.00     1109.00        0.00
     0    13     1194.00     1115.00        0.00
     0    14     1478.00      285.00        0.00
     0    14     1468.00      275.00        0.00
     0    14     1462.00      273.00        0.00
     0    14     1456.00      271.00        0.00
     0    14     1450.00      269.00        0.00
     0    14     1444.00      267.00        0.00
     0    14     1436.00      269.00        0.00
     0    14     1428.00      271.00        0.00
     0    14     1420.00      275.00        0.00
     0    14     1412.00      279.00        0.00
     0    14     1402.00      283.00        0.00
     0    14     1396.00      285.00        0.00
     0    14     1388.00      289.00        0.00
     0    14     1378.00      289.00        0.00
     0    14     1370.00      289.00        0.00
     0    14     1364.00      291.00        0.00
     0    14     1354.00      291.00        0.00
     0    14     1348.00      291.00        0.00
     0    14     1342.00      291.00        0.00
     0    14     1336.00      293.00        0.00
     0    14     1330.00      295.00        0.00
     0    14     1324.00      299.00        0.00
     0    14     1318.00      303.00        0.00
     0    14     1312.00      307.00        0.00
     0    14     1306.00      307.00        0.00
     0    14     1310.00      303.00        0.00
     0    14     1316.00      297.00        0.00
     0    14     1322.00      291.00        0.00
     0    14     1326.00      285.00        0.00
     0    14     1330.00      281.00        0.00
     0    14     1332.00      275.00        0.00
     0    14     1336.00      269.00        0.00
     0    14     1334.00      263.00        0.00
     0    14     1328.00      263.00        0.00
     0    14     1322.00      263.00        0.00
     0    14     1316.00      265.00        0.00
     0    14     1308.00      267.00        0.00
     0    14     1302.00      267.00        0.00
     0    14     1296.00      267.00        0.00
     0    14     1304.00      263.00        0.00
     0    14     1310.00      259.00        0.00
     0    14     1318.00      259.00        0.00
     0    14     1328.00      257.00        0.00
     0    14     1336.00      255.00        0.00
     0    14     1344.00      251.00        0.00
     0    14     1350.00      249.00        0.00
     0    14     1356.00      247.00        0.00
     0    14     1364.00      245.00        0.00
     0    14     1372.00      241.00        0.00
     0    14     1376.00      237.00        0.00
     0    14     1382.00      231.00        0.00
     0    14     1388.00      227.00        0.00
     0    14     1394.00      221.00        0.00
     0    14     1398.00      217.00        0.00
     0    14     1402.00      213.00        0.00
     0    14     1408.00      205.00        0.00
     0    14     1414.00      201.00        0.00
     0    14     1420.00      195.00        0.00
     0    14     1426.00      189.00        0.00
     0    14     1432.00      185.00        0.00
     0    14     1436.00      181.00        0.00
     0    14     1444.00      177.00        0.00
     0    14     1448.00      173.00        0.00
     0    14     1452.00      169.00        0.00
     0    14     1456.00      165.00        0.00
     0    14     1460.00      159.00        0.00
     0    14     1464.00      155.00        0.00
     0    14     1468.00      151.00        0.00
     0    14     1470.00      145.00        0.00
     0    14     1476.00      143.00        0.00
     0    14     1482.00      143.00        0.00
     0    14     1488.00      143.00        0.00
     0    14     1496.00      143.00        0.00
     0    14     1502.00      143.00        0.00
     0    14     1508.00      145.00        0.00
     0    14     1512.00      149.00        0.00
     0    14     1516.00      155.00        0.00
     0    14     1520.00      159.00        0.00
     0    14     1524.00      165.00        0.00
     0    14     1528.00      171.00        0.00
     0    14     1530.00      177.00        0.00
     0    14     1532.00      185.00        0.00
     0    14     1536.00      191.00        0.00
     0    14     1538.00      197.00        0.00
     0    14     1540.00      203.00        0.00
     0    14     1540.00      209.00        0.00
     0    14     1540.00      215.00        0.00
     0    14     1538.00      223.00        0.00
     0    14     1534.00      229.00        0.00
     0    14     1530.00      233.00        0.00
     0    14     1528.00      239.00        0.00
     0    14     1524.00      243.00        0.00
     0    14     1520.00      247.00        0.00
     0    14     1516.00      255.00        0.00
     0    14     1512.00      263.00        0.00
     0    14     1508.00      267.00        0.00
     0    15      536.00     1371.00        0.00
     0    15      530.00     1373.00        0.00
     0    15      526.00     1377.00        0.00
     0    15      522.00     1383.00        0.00
     0    15      518.00     1387.00        0.00
     0    15      512.00     1389.00        0.00
     0    15      504.00     1391.00        0.00
     0    15      496.00     1391.00        0.00
     0    15      488.00     1391.00        0.00
     0    15      480.00     1389.00        0.00
     0    15      472.00     1385.00        0.00
     0    15      466.00     1383.00        0.00
     0    15      458.00     1379.00        0.00
     0    15      452.00     1375.00        0.00
     0    15      444.00     1369.00        0.00
     0    15      440.00     1365.00        0.00
     0    15      434.00     1361.00        0.00
     0    15      430.00     1357.00        0.00
     0    15      426.00     1353.00        0.00
     0    15      422.00     1349.00        0.00
     0    15      418.00     1345.00        0.00
     0    15      414.00     1341.00        0.00
     0    15      410.00     1335.00        0.00
     0    15      406.00     1329.00        0.00
     0    15      402.00     1323.00        0.00
     0    15      400.00     1317.00        0.00
     0    15      400.00     1309.00        0.00
     0    15      400.00     1303.00        0.00
     0    15      400.00     1297.00        0.00
     0    15      402.00     1291.00        0.00
     0    15      406.00     1287.00        0.00
     0    15      410.00     1283.00        0.00
     0    15      414.00     1279.00        0.00
     0    15      420.00     1273.00        0.00
     0    15      424.00     1269.00        0.00
     0    15      428.00     1265.00        0.00
     0    15      432.00     1261.00        0.00
     0    15      438.00     1257.00        0.00
     0    15      442.00     1253.00        0.00
     0    15      448.00     1251.00        0.00
     0    15      454.00     1251.00        0.00
     0    15      464.00     1253.00        0.00
     0    15      470.00     1255.00        0.00
     0    15      478.00     1257.00        0.00
     0    15      484.00     1259.00        0.00
     0    15      490.00     1261.00        0.00
     0    15      496.00     1263.00        0.00
     0    15      502.00     1265.00        0.00
     0    15      508.00     1267.00        0.00
     0    15      514.00     1269.00        0.00
     0    15      520.00     1269.00        0.00
     0    15      524.00     1273.00        0.00
     0    15      526.00     1279.00        0.00
     0    15      526.00     1285.00        0.00
     0    15      524.00     1291.00        0.00
     0    15      522.00     1297.00        0.00
     0    15      518.00     1301.00        0.00
     0    15      516.00     1307.00        0.00
     0    15      518.00     1313.00        0.00
     0    15      522.00     1317.00        0.00
     0    15      526.00     1321.00        0.00
     0    15      532.00     1323.00        0.00
     0    15      536.00     1327.00        0.00
     0    15      540.00     1333.00        0.00
     0    16      722.00     1175.00        0.00
     0    16      714.00     1185.00        0.00
     0    16      710.00     1193.00        0.00
     0    16      706.00     1197.00        0.00
     0    16      702.00     1207.00        0.00
     0    16      700.00     1213.00        0.00
     0    16      696.00     1221.00        0.00
     0    16      694.00     1227.00        0.00
     0    16      692.00     1233.00        0.00
     0    16      690.00     1239.00        0.00
     0    16      686.00     1245.00        0.00
     0    16      684.00     1251.00        0.00
     0    16      680.00     1255.00        0.00
     0    16      674.00     1261.00        0.00
     0    16      670.00     1265.00        0.00
     0    16      666.00     1269.00        0.00
     0    16      662.00     1273.00        0.00
     0    16      658.00     1277.00        0.00
     0    16      654.00     1283.00        0.00
     0    16      650.00     1289.00        0.00
     0    16      646.00     1293.00        0.00
     0    16      642.00     1297.00        0.00
     0    16      638.00     1301.00        0.00
     0    16      634.00     1305.00        0.00
     0    16      630.00     1311.00        0.00
     0    16      624.00     1315.00        0.00
     0    16      620.00     1319.00        0.00
     0    16      616.00     1323.00        0.00
     0    16      612.00     1327.00        0.00
     0    16      606.00     1329.00        0.00
     0    16      598.00     1331.00        0.00
     0    16      592.00     1331.00        0.00
     0    16      582.00     1331.00        0.00
     0    16      574.00     1329.00        0.00
     0    16      568.00     1327.00        0.00
     0    16      562.00     1323.00        0.00
     0    16      556.00     1319.00        0.00
     0    16      552.00     1313.00        0.00
     0    16      552.00     1305.00        0.00
     0    16      554.00     1297.00        0.00
     0    16      556.00     1289.00        0.00
     0    16      560.00     1283.00        0.00
     0    16      562.00     1277.00        0.00
     0    16      564.00     1271.00        0.00
     0    16      566.00     1263.00        0.00
     0    16      568.00     1255.00        0.00
     0    16      568.00     1249.00        0.00
     0    16      568.00     1241.00        0.00
     0    16      568.00     1233.00        0.00
     0    16      568.00     1227.00        0.00
     0    16      566.00     1217.00        0.00
     0    16      566.00     1211.00        0.00
     0    16      564.00     1205.00        0.00
     0    16      562.00     1199.00        0.00
     0    16      558.00     1195.00        0.00
     0    16      554.00     1189.00        0.00
     0    16      548.00     1187.00        0.00
     0    16      542.00     1183.00        0.00
     0    16      536.00     1181.00        0.00
     0    16      530.00     1181.00        0.00
     0    16      524.00     1179.00        0.00
     0    16      518.00     1179.00        0.00
     0    16      512.00     1179.00        0.00
     0    16      506.00     1177.00        0.00
     0    16      498.00     1177.00        0.00
     0    16      492.00     1177.00        0.00
     0    16      486.00     1177.00        0.00
     0    16      474.00     1177.00        0.00
     0    16      464.00     1179.00        0.00
     0    16      452.00     1181.00        0.00
     0    16      444.00     1181.00        0.00
     0    16      436.00     1181.00        0.00
     0    16      442.00     1181.00        0.00
     0    16      450.00     1181.00        0.00
     0    16      458.00     1179.00        0.00
     0    16      464.00     1179.00        0.00
     0    16      474.00     1177.00        0.00
     0    16      482.00     1177.00        0.00
     0    16      488.00     1175.00        0.00
     0    16      494.00     1175.00        0.00
     0    16      500.00     1173.00        0.00
     0    16      508.00     1173.00        0.00
     0    16      514.00     1171.00        0.00
     0    16      520.00     1171.00        0.00
     0    16      528.00     1169.00        0.00
     0    16      534.00     1169.00        0.00
     0    16      540.00     1165.00        0.00
     0    16      546.00     1161.00        0.00
     0    16      552.00     1157.00        0.00
     0    16      560.00     1153.00        0.00
     0    16      568.00     1149.00        0.00
     0    16      574.00     1145.00        0.00
     0    16      580.00     1143.00        0.00
     0    16      588.00     1141.00        0.00
     0    16      594.00     1137.00        0.00
     0    16      604.00     1133.00        0.00
     0    16      610.00     1129.00        0.00
     0    16      616.00     1125.00        0.00
     0    16      626.00     1119.00        0.00
     0    16      634.00     1115.00        0.00
     0    16      638.00     1111.00        0.00
     0    16      644.00     1107.00        0.00
     0    16      648.00     1099.00        0.00
     0    16      650.00     1093.00        0.00
     0    16      654.00     1085.00        0.00
     0    16      656.00     1079.00        0.00
     0    16      660.00     1071.00        0.00
     0    16      662.00     1065.00        0.00
     0    16      666.00     1059.00        0.00
     0    16      672.00     1053.00        0.00
     0    16      678.00     1047.00        0.00
     0    16      684.00     1045.00        0.00
     0    16      690.00     1045.00        0.00
     0    16      696.00     1049.00        0.00
     0    16      700.00     1053.00        0.00
     0    16      702.00     1059.00        0.00
     0    16      704.00     1065.00        0.00
     0    16      708.00     1073.00        0.00
     0    16      710.00     1079.00        0.00
     0    16      714.00     1087.00        0.00
     0    16      716.00     1093.00        0.00
     0    16      720.00     1099.00        0.00
     0    16      724.00     1105.00        0.00
     0    16      728.00     1109.00        0.00
     0    16      732.00     1115.00        0.00
     0    16      736.00     1119.00        0.00
     0    16      738.00     1125.00        0.00
     0    16      740.00     1131.00        0.00
     0    16      736.00     1137.00        0.00
     0    17      794.00     1115.00        0.00
     0    17      812.00     1121.00        0.00
     0    17      820.00     1123.00        0.00
     0    17      826.00     1125.00        0.00
     0    17      830.00     1129.00        0.00
     0    17      834.00     1137.00        0.00
     0    17      834.00     1143.00        0.00
     0    17      834.00     1149.00        0.00
     0    17      832.00     1155.00        0.00
     0    17      828.00     1163.00        0.00
     0    17      824.00     1169.00        0.00
     0    17      820.00     1173.00        0.00
     0    17      816.00     1179.00        0.00
     0    17      810.00     1183.00        0.00
     0    17      806.00     1191.00        0.00
     0    17      804.00     1197.00        0.00
     0    17      800.00     1205.00        0.00
     0    17      798.00     1211.00        0.00
     0    17      794.00     1219.00        0.00
     0    17      792.00     1227.00        0.00
     0    17      792.00     1233.00        0.00
     0    17      788.00     1239.00        0.00
     0    17      786.00     1245.00        0.00
     0    17      780.00     1249.00        0.00
     0    17      776.00     1253.00        0.00
     0    17      772.00     1257.00        0.00
     0    17      768.00     1261.00        0.00
     0    17      762.00     1263.00        0.00
     0    17      756.00     1267.00        0.00
     0    17      748.00     1267.00        0.00
     0    17      740.00     1267.00        0.00
     0    17      732.00     1265.00        0.00
     0    17      724.00     1265.00        0.00
     0    17      720.00     1261.00        0.00
     0    17      714.00     1257.00        0.00
     0    17      708.00     1255.00        0.00
     0    17      704.00     1249.00        0.00
     0    17      702.00     1243.00        0.00
     0    17      702.00     1237.00        0.00
     0    17      702.00     1231.00        0.00
     0    17      704.00     1225.00        0.00
     0    17      706.00     1219.00        0.00
     0    17      710.00     1213.00        0.00
     0    17      712.00     1205.00        0.00
     0    17      714.00     1197.00        0.00
     0    17      716.00     1191.00        0.00
     0    17      718.00     1183.00        0.00
     0    17      720.00     1177.00        0.00
     0    17      724.00     1173.00        0.00
     0    17      724.00     1167.00        0.00
     0    17      728.00     1159.00        0.00
     0    17      732.00     1151.00        0.00
     0    17      734.00     1145.00        0.00
     0    17      736.00     1139.00        0.00
     0    17      738.00     1133.00        0.00
     0    17      742.00     1129.00        0.00
     0    17      744.00     1123.00        0.00
     0    17      750.00     1123.00        0.00
     0    17      756.00     1123.00        0.00
     0    17      762.00     1123.00        0.00
     0    18      266.00      177.00        0.00
     0    18      268.00      169.00        0.00
     0    18      268.00      163.00        0.00
     0    18      268.00      157.00        0.00
     0    18      268.00      151.00        0.00
     0    18      268.00      145.00        0.00
     0    18      270.00      137.00        0.00
     0    18      272.00      129.00        0.00
     0    18      272.00      123.00        0.00
     0    18      274.00      117.00        0.00
     0    18      274.00      111.00        0.00
     0    18      278.00      105.00        0.00
     0    18      284.00       97.00        0.00
     0    18      288.00       93.00        0.00
     0    18      292.00       89.00        0.00
     0    18      296.00       85.00        0.00
     0    18      300.00       81.00        0.00
     0    18      304.00       77.00        0.00
     0    18      308.00       71.00        0.00
     0    18      314.00       69.00        0.00
     0    18      318.00       73.00        0.00
     0    18      320.00       79.00        0.00
     0    18      320.00       85.00        0.00
     0    18      320.00       91.00        0.00
     0    18      320.00       97.00        0.00
     0    18      320.00      103.00        0.00
     0    18      320.00      109.00        0.00
     0    18      320.00      115.00        0.00
     0    18      320.00      121.00        0.00
     0    18      320.00      127.00        0.00
     0    18      320.00      133.00        0.00
     0    18      320.00      141.00        0.00
     0    18      320.00      147.00        0.00
     0    18      320.00      153.00        0.00
     0    18      318.00      159.00        0.00
     0    18      318.00      165.00        0.00
     0    18      318.00      171.00        0.00
     0    18      318.00      179.00        0.00
     0    18      316.00      185.00        0.00
     0    18      316.00      191.00        0.00
     0    18      314.00      197.00        0.00
     0    18      312.00      203.00        0.00
     0    18      312.00      211.00        0.00
     0    18      310.00      217.00        0.00
     0    18      308.00      223.00        0.00
     0    18      306.00      229.00        0.00
     0    18      306.00      235.00        0.00
     0    18      302.00      241.00        0.00
     0    18      302.00      249.00        0.00
     0    18      302.00      257.00        0.00
     0    18      302.00      263.00        0.00
     0    18      304.00      269.00        0.00
     0    18      306.00      275.00        0.00
     0    18      310.00      281.00        0.00
     0    18      314.00      287.00        0.00
     0    18      316.00      293.00        0.00
     0    18      320.00      297.00        0.00
     0    18      322.00      303.00        0.00
     0    18      326.00      309.00        0.00
     0    18      328.00      315.00        0.00
     0    18      330.00      321.00        0.00
     0    18      334.00      325.00        0.00
     0    18      336.00      331.00        0.00
     0    18      330.00      333.00        0.00
     0    18      324.00      335.00        0.00
     0    18      318.00      333.00        0.00
     0    18      314.00      329.00        0.00
     0    18      306.00      325.00        0.00
     0    18      300.00      323.00        0.00
     0    18      292.00      319.00        0.00
     0    18      286.00      319.00        0.00
     0    18      278.00      317.00        0.00
     0    18      272.00      315.00        0.00
     0    18      266.00      315.00        0.00
     0    18      260.00      313.00        0.00
     0    18      254.00      311.00        0.00
     0    18      250.00      307.00        0.00
     0    18      256.00      303.00        0.00
     0    18      262.00      299.00        0.00
     0    18      268.00      295.00        0.00
     0    18      272.00      291.00        0.00
     0    18      276.00      287.00        0.00
     0    18      278.00      281.00        0.00
     0    18      280.00      275.00        0.00
     0    18      280.00      269.00        0.00
     0    18      282.00      263.00        0.00
     0    18      282.00      257.00        0.00
     0    18      284.00      251.00        0.00
     0    18      284.00      245.00        0.00
     0    18      284.00      239.00        0.00
     0    18      284.00      233.00        0.00
     0    18      284.00      227.00        0.00
     0    18      284.00      221.00        0.00
     0    18      284.00      215.00        0.00
     0    18      284.00      209.00        0.00
