     0     0      600.00      881.00        0.00
     0     0      594.00      889.00        0.00
     0     0      588.00      893.00        0.00
     0     0      580.00      895.00        0.00
     0     0      572.00      895.00        0.00
     0     0      566.00      895.00        0.00
     0     0      560.00      893.00        0.00
     0     0      554.00      891.00        0.00
     0     0      546.00      887.00        0.00
     0     0      542.00      883.00        0.00
     0     0      538.00      877.00        0.00
     0     0      532.00      873.00        0.00
     0     0      528.00      869.00        0.00
     0     0      522.00      863.00        0.00
     0     0      518.00      857.00        0.00
     0     0      512.00      853.00        0.00
     0     0      506.00      849.00        0.00
     0     0      498.00      845.00        0.00
     0     0      490.00      843.00        0.00
     0     0      482.00      839.00        0.00
     0     0      474.00      837.00        0.00
     0     0      466.00      833.00        0.00
     0     0      460.00      831.00        0.00
     0     0      452.00      829.00        0.00
     0     0      444.00      827.00        0.00
     0     0      438.00      825.00        0.00
     0     0      432.00      825.00        0.00
     0     0      426.00      825.00        0.00
     0     0      420.00      825.00        0.00
     0     0      414.00      825.00        0.00
     0     0      408.00      825.00        0.00
     0     0      402.00      825.00        0.00
     0     0      396.00      825.00        0.00
     0     0      390.00      827.00        0.00
     0     0      384.00      829.00        0.00
     0     0      376.00      831.00        0.00
     0     0      370.00      835.00        0.00
     0     0      364.00      837.00        0.00
     0     0      358.00      837.00        0.00
     0     0      350.00      837.00        0.00
     0     0      344.00      835.00        0.00
     0     0      338.00      831.00        0.00
     0     0      330.00      825.00        0.00
     0     0      326.00      821.00        0.00
     0     0      318.00      817.00        0.00
     0     0      314.00      813.00        0.00
     0     0      308.00      809.00        0.00
     0     0      300.00      803.00        0.00
     0     0      294.00      797.00        0.00
     0     0      290.00      793.00        0.00
     0     0      286.00      789.00        0.00
     0     0      282.00      783.00        0.00
     0     0      278.00      779.00        0.00
     0     0      274.00      773.00        0.00
     0     0      272.00      767.00        0.00
     0     0      268.00      761.00        0.00
     0     0      264.00      755.00        0.00
     0     0      262.00      749.00        0.00
     0     0      262.00      743.00        0.00
     0     0      262.00      733.00        0.00
     0     0      262.00      727.00        0.00
     0     0      262.00      721.00        0.00
     0     0      264.00      713.00        0.00
     0     0      266.00      707.00        0.00
     0     0      268.00      701.00        0.00
     0     0      270.00      695.00        0.00
     0     0      274.00      689.00        0.00
     0     0      280.00      685.00        0.00
     0     0      284.00      681.00        0.00
     0     0      288.00      677.00        0.00
     0     0      294.00      673.00        0.00
     0     0      298.00      669.00        0.00
     0     0      304.00      665.00        0.00
     0     0      310.00      661.00        0.00
     0     0      320.00      655.00        0.00
     0     0      326.00      653.00        0.00
     0     0      332.00      649.00        0.00
     0     0      338.00      645.00        0.00
     0     0      344.00      641.00        0.00
     0     0      352.00      635.00        0.00
     0     0      358.00      631.00        0.00
     0     0      362.00      627.00        0.00
     0     0      370.00      623.00        0.00
     0     0      376.00      619.00        0.00
     0     0      382.00      617.00        0.00
     0     0      388.00      613.00        0.00
     0     0      394.00      609.00        0.00
     0     0      400.00      605.00        0.00
     0     0      406.00      601.00        0.00
     0     0      414.00      597.00        0.00
     0     0      420.00      593.00        0.00
     0     0      428.00      589.00        0.00
     0     0      436.00      587.00        0.00
     0     0      442.00      585.00        0.00
     0     0      448.00      583.00        0.00
     0     0      454.00      583.00        0.00
     0     0      462.00      581.00        0.00
     0     0      468.00      579.00        0.00
     0     0      474.00      579.00        0.00
     0     0      480.00      579.00        0.00
     0     0      486.00      579.00        0.00
     0     0      492.00      579.00        0.00
     0     0      498.00      579.00        0.00
     0     0      506.00      579.00        0.00
     0     0      512.00      581.00        0.00
     0     0      520.00      583.00        0.00
     0     0      528.00      585.00        0.00
     0     0      532.00      589.00        0.00
     0     0      538.00      593.00        0.00
     0     0      542.00      597.00        0.00
     0     0      548.00      601.00        0.00
     0     0      552.00      609.00        0.00
     0     0      556.00      613.00        0.00
     0     0      560.00      617.00        0.00
     0     0      564.00      621.00        0.00
     0     0      570.00      625.00        0.00
     0     0      576.00      629.00        0.00
     0     0      582.00      633.00        0.00
     0     0      588.00      635.00        0.00
     0     0      592.00      639.00        0.00
     0     0      602.00      643.00        0.00
     0     0      606.00      647.00        0.00
     0     0      612.00      651.00        0.00
     0     0      620.00      657.00        0.00
     0     0      624.00      661.00        0.00
     0     0      628.00      665.00        0.00
     0     0      636.00      673.00        0.00
     0     0      640.00      677.00        0.00
     0     0      644.00      683.00        0.00
     0     0      648.00      689.00        0.00
     0     0      654.00      695.00        0.00
     0     0      660.00      701.00        0.00
     0     0      664.00      709.00        0.00
     0     0      666.00      715.00        0.00
     0     0      668.00      721.00        0.00
     0     0      670.00      731.00        0.00
     0     0      672.00      739.00        0.00
     0     0      674.00      747.00        0.00
     0     0      676.00      753.00        0.00
     0     0      678.00      761.00        0.00
     0     0      680.00      767.00        0.00
     0     0      682.00      773.00        0.00
     0     0      686.00      779.00        0.00
     0     0      688.00      787.00        0.00
     0     0      690.00      793.00        0.00
     0     0      692.00      799.00        0.00
     0     0      692.00      805.00        0.00
     0     0      690.00      811.00        0.00
     0     0      688.00      817.00        0.00
     0     0      684.00      821.00        0.00
     0     0      680.00      825.00        0.00
     0     0      672.00      829.00        0.00
     0     0      666.00      831.00        0.00
     0     0      658.00      835.00        0.00
     0     0      652.00      837.00        0.00
     0     1      944.00     1291.00        0.00
     0     1      928.00     1301.00        0.00
     0     1      922.00     1305.00        0.00
     0     1      916.00     1307.00        0.00
     0     1      914.00     1313.00        0.00
     0     1      912.00     1319.00        0.00
     0     1      908.00     1323.00        0.00
     0     1      904.00     1327.00        0.00
     0     1      896.00     1329.00        0.00
     0     1      888.00     1329.00        0.00
     0     1      882.00     1327.00        0.00
     0     1      876.00     1325.00        0.00
     0     1      870.00     1323.00        0.00
     0     1      864.00     1321.00        0.00
     0     1      856.00     1315.00        0.00
     0     1      852.00     1311.00        0.00
     0     1      846.00     1307.00        0.00
     0     1      840.00     1301.00        0.00
     0     1      836.00     1297.00        0.00
     0     1      830.00     1291.00        0.00
     0     1      826.00     1285.00        0.00
     0     1      822.00     1279.00        0.00
     0     1      818.00     1271.00        0.00
     0     1      814.00     1265.00        0.00
     0     1      812.00     1259.00        0.00
     0     1      808.00     1253.00        0.00
     0     1      804.00     1249.00        0.00
     0     1      798.00     1245.00        0.00
     0     1      792.00     1243.00        0.00
     0     1      786.00     1243.00        0.00
     0     1      778.00     1241.00        0.00
     0     1      772.00     1239.00        0.00
     0     1      766.00     1239.00        0.00
     0     1      760.00     1237.00        0.00
     0     1      752.00     1235.00        0.00
     0     1      746.00     1235.00        0.00
     0     1      740.00     1233.00        0.00
     0     1      734.00     1233.00        0.00
     0     1      728.00     1231.00        0.00
     0     1      722.00     1231.00        0.00
     0     1      716.00     1227.00        0.00
     0     1      710.00     1225.00        0.00
     0     1      704.00     1223.00        0.00
     0     1      700.00     1219.00        0.00
     0     1      694.00     1215.00        0.00
     0     1      690.00     1207.00        0.00
     0     1      686.00     1201.00        0.00
     0     1      684.00     1193.00        0.00
     0     1      680.00     1187.00        0.00
     0     1      676.00     1179.00        0.00
     0     1      672.00     1173.00        0.00
     0     1      670.00     1167.00        0.00
     0     1      668.00     1161.00        0.00
     0     1      666.00     1155.00        0.00
     0     1      664.00     1149.00        0.00
     0     1      666.00     1143.00        0.00
     0     1      672.00     1141.00        0.00
     0     1      678.00     1139.00        0.00
     0     1      686.00     1139.00        0.00
     0     1      692.00     1139.00        0.00
     0     1      700.00     1139.00        0.00
     0     1      710.00     1141.00        0.00
     0     1      718.00     1139.00        0.00
     0     1      726.00     1139.00        0.00
     0     1      734.00     1137.00        0.00
     0     1      740.00     1137.00        0.00
     0     1      746.00     1137.00        0.00
     0     1      754.00     1133.00        0.00
     0     1      762.00     1133.00        0.00
     0     1      768.00     1131.00        0.00
     0     1      774.00     1131.00        0.00
     0     1      782.00     1129.00        0.00
     0     1      790.00     1129.00        0.00
     0     1      796.00     1129.00        0.00
     0     1      802.00     1129.00        0.00
     0     1      808.00     1129.00        0.00
     0     1      816.00     1131.00        0.00
     0     1      828.00     1137.00        0.00
     0     1      834.00     1141.00        0.00
     0     1      844.00     1145.00        0.00
     0     1      854.00     1149.00        0.00
     0     1      860.00     1153.00        0.00
     0     1      870.00     1157.00        0.00
     0     1      880.00     1159.00        0.00
     0     1      886.00     1161.00        0.00
     0     1      894.00     1165.00        0.00
     0     1      904.00     1169.00        0.00
     0     1      910.00     1171.00        0.00
     0     1      918.00     1173.00        0.00
     0     1      926.00     1177.00        0.00
     0     1      934.00     1183.00        0.00
     0     1      940.00     1189.00        0.00
     0     1      942.00     1195.00        0.00
     0     1      946.00     1199.00        0.00
     0     1      950.00     1205.00        0.00
     0     1      954.00     1211.00        0.00
     0     1      956.00     1219.00        0.00
     0     1      960.00     1225.00        0.00
     0     1      962.00     1231.00        0.00
     0     1      964.00     1237.00        0.00
     0     1      966.00     1243.00        0.00
     0     1      968.00     1249.00        0.00
     0     1      968.00     1257.00        0.00
     0     1      970.00     1263.00        0.00
     0     2      926.00     1141.00        0.00
     0     2      912.00     1145.00        0.00
     0     2      904.00     1145.00        0.00
     0     2      898.00     1147.00        0.00
     0     2      890.00     1147.00        0.00
     0     2      884.00     1147.00        0.00
     0     2      872.00     1143.00        0.00
     0     2      866.00     1141.00        0.00
     0     2      858.00     1139.00        0.00
     0     2      852.00     1137.00        0.00
     0     2      842.00     1135.00        0.00
     0     2      834.00     1133.00        0.00
     0     2      826.00     1131.00        0.00
     0     2      816.00     1129.00        0.00
     0     2      810.00     1127.00        0.00
     0     2      802.00     1125.00        0.00
     0     2      796.00     1125.00        0.00
     0     2      788.00     1123.00        0.00
     0     2      782.00     1123.00        0.00
     0     2      776.00     1123.00        0.00
     0     2      770.00     1123.00        0.00
     0     2      764.00     1123.00        0.00
     0     2      758.00     1123.00        0.00
     0     2      752.00     1121.00        0.00
     0     2      746.00     1119.00        0.00
     0     2      742.00     1115.00        0.00
     0     2      738.00     1109.00        0.00
     0     2      734.00     1105.00        0.00
     0     2      730.00     1101.00        0.00
     0     2      726.00     1097.00        0.00
     0     2      724.00     1091.00        0.00
     0     2      720.00     1085.00        0.00
     0     2      716.00     1077.00        0.00
     0     2      714.00     1069.00        0.00
     0     2      712.00     1063.00        0.00
     0     2      712.00     1057.00        0.00
     0     2      712.00     1051.00        0.00
     0     2      714.00     1045.00        0.00
     0     2      722.00     1041.00        0.00
     0     2      726.00     1037.00        0.00
     0     2      732.00     1033.00        0.00
     0     2      740.00     1029.00        0.00
     0     2      748.00     1029.00        0.00
     0     2      754.00     1029.00        0.00
     0     2      762.00     1029.00        0.00
     0     2      770.00     1029.00        0.00
     0     2      778.00     1029.00        0.00
     0     2      786.00     1031.00        0.00
     0     2      794.00     1033.00        0.00
     0     2      800.00     1033.00        0.00
     0     2      810.00     1035.00        0.00
     0     2      816.00     1035.00        0.00
     0     2      826.00     1035.00        0.00
     0     2      836.00     1035.00        0.00
     0     2      846.00     1037.00        0.00
     0     2      854.00     1037.00        0.00
     0     2      862.00     1037.00        0.00
     0     2      868.00     1037.00        0.00
     0     2      874.00     1037.00        0.00
     0     2      884.00     1039.00        0.00
     0     2      890.00     1041.00        0.00
     0     2      898.00     1043.00        0.00
     0     2      904.00     1047.00        0.00
     0     2      910.00     1051.00        0.00
     0     2      918.00     1055.00        0.00
     0     2      922.00     1061.00        0.00
     0     2      930.00     1065.00        0.00
     0     2      934.00     1071.00        0.00
     0     2      938.00     1075.00        0.00
     0     2      944.00     1077.00        0.00
     0     2      948.00     1081.00        0.00
     0     2      952.00     1087.00        0.00
     0     2      956.00     1093.00        0.00
     0     2      958.00     1099.00        0.00
     0     2      960.00     1105.00        0.00
     0     3     1174.00      941.00        0.00
     0     3     1172.00      959.00        0.00
     0     3     1170.00      967.00        0.00
     0     3     1170.00      973.00        0.00
     0     3     1170.00      981.00        0.00
     0     3     1172.00      989.00        0.00
     0     3     1176.00      999.00        0.00
     0     3     1182.00     1009.00        0.00
     0     3     1186.00     1017.00        0.00
     0     3     1192.00     1025.00        0.00
     0     3     1196.00     1031.00        0.00
     0     3     1200.00     1039.00        0.00
     0     3     1206.00     1047.00        0.00
     0     3     1214.00     1055.00        0.00
     0     3     1218.00     1061.00        0.00
     0     3     1224.00     1071.00        0.00
     0     3     1228.00     1079.00        0.00
     0     3     1234.00     1087.00        0.00
     0     3     1238.00     1093.00        0.00
     0     3     1242.00     1099.00        0.00
     0     3     1246.00     1105.00        0.00
     0     3     1250.00     1109.00        0.00
     0     3     1252.00     1117.00        0.00
     0     3     1256.00     1123.00        0.00
     0     3     1260.00     1129.00        0.00
     0     3     1262.00     1135.00        0.00
     0     3     1266.00     1139.00        0.00
     0     3     1270.00     1143.00        0.00
     0     3     1276.00     1147.00        0.00
     0     3     1282.00     1151.00        0.00
     0     3     1288.00     1153.00        0.00
     0     3     1294.00     1157.00        0.00
     0     3     1302.00     1159.00        0.00
     0     3     1312.00     1161.00        0.00
     0     3     1318.00     1161.00        0.00
     0     3     1328.00     1159.00        0.00
     0     3     1338.00     1157.00        0.00
     0     3     1348.00     1153.00        0.00
     0     3     1354.00     1151.00        0.00
     0     3     1364.00     1149.00        0.00
     0     3     1374.00     1147.00        0.00
     0     3     1380.00     1145.00        0.00
     0     3     1386.00     1143.00        0.00
     0     3     1394.00     1139.00        0.00
     0     3     1398.00     1135.00        0.00
     0     3     1404.00     1131.00        0.00
     0     3     1406.00     1125.00        0.00
     0     3     1406.00     1119.00        0.00
     0     3     1406.00     1113.00        0.00
     0     3     1406.00     1107.00        0.00
     0     3     1404.00     1101.00        0.00
     0     3     1400.00     1097.00        0.00
     0     3     1398.00     1089.00        0.00
     0     3     1396.00     1083.00        0.00
     0     3     1392.00     1073.00        0.00
     0     3     1388.00     1069.00        0.00
     0     3     1386.00     1063.00        0.00
     0     3     1382.00     1057.00        0.00
     0     3     1378.00     1051.00        0.00
     0     3     1374.00     1047.00        0.00
     0     3     1364.00     1043.00        0.00
     0     3     1358.00     1039.00        0.00
     0     3     1352.00     1037.00        0.00
     0     3     1346.00     1033.00        0.00
     0     3     1336.00     1029.00        0.00
     0     3     1328.00     1027.00        0.00
     0     3     1322.00     1023.00        0.00
     0     3     1316.00     1019.00        0.00
     0     3     1310.00     1015.00        0.00
     0     3     1302.00     1013.00        0.00
     0     3     1294.00     1009.00        0.00
     0     3     1284.00     1005.00        0.00
     0     3     1278.00     1001.00        0.00
     0     3     1274.00      997.00        0.00
     0     3     1268.00      993.00        0.00
     0     3     1262.00      989.00        0.00
     0     3     1258.00      985.00        0.00
     0     3     1254.00      981.00        0.00
     0     3     1250.00      977.00        0.00
     0     3     1246.00      973.00        0.00
     0     3     1240.00      967.00        0.00
     0     3     1232.00      963.00        0.00
     0     3     1228.00      959.00        0.00
     0     3     1224.00      955.00        0.00
     0     3     1218.00      951.00        0.00
     0     3     1214.00      947.00        0.00
     0     3     1210.00      943.00        0.00
     0     3     1206.00      939.00        0.00
     0     3     1200.00      935.00        0.00
     0     3     1196.00      931.00        0.00
     0     4     1172.00      851.00        0.00
     0     4     1164.00      869.00        0.00
     0     4     1162.00      875.00        0.00
     0     4     1158.00      881.00        0.00
     0     4     1156.00      887.00        0.00
     0     4     1152.00      893.00        0.00
     0     4     1148.00      897.00        0.00
     0     4     1142.00      899.00        0.00
     0     4     1136.00      901.00        0.00
     0     4     1130.00      903.00        0.00
     0     4     1124.00      907.00        0.00
     0     4     1120.00      911.00        0.00
     0     4     1112.00      913.00        0.00
     0     4     1106.00      913.00        0.00
     0     4     1100.00      913.00        0.00
     0     4     1094.00      911.00        0.00
     0     4     1084.00      907.00        0.00
     0     4     1078.00      905.00        0.00
     0     4     1072.00      903.00        0.00
     0     4     1064.00      899.00        0.00
     0     4     1056.00      895.00        0.00
     0     4     1050.00      893.00        0.00
     0     4     1044.00      893.00        0.00
     0     4     1036.00      891.00        0.00
     0     4     1030.00      891.00        0.00
     0     4     1024.00      891.00        0.00
     0     4     1018.00      889.00        0.00
     0     4     1010.00      889.00        0.00
     0     4      998.00      889.00        0.00
     0     4      988.00      889.00        0.00
     0     4      980.00      885.00        0.00
     0     4      970.00      881.00        0.00
     0     4      964.00      879.00        0.00
     0     4      962.00      873.00        0.00
     0     4      962.00      867.00        0.00
     0     4      964.00      861.00        0.00
     0     4      970.00      857.00        0.00
     0     4      976.00      851.00        0.00
     0     4      984.00      849.00        0.00
     0     4      990.00      843.00        0.00
     0     4      998.00      839.00        0.00
     0     4     1004.00      835.00        0.00
     0     4     1010.00      831.00        0.00
     0     4     1014.00      827.00        0.00
     0     4     1018.00      823.00        0.00
     0     4     1022.00      819.00        0.00
     0     4     1024.00      813.00        0.00
     0     4     1028.00      807.00        0.00
     0     4     1034.00      805.00        0.00
     0     4     1040.00      801.00        0.00
     0     4     1046.00      795.00        0.00
     0     4     1094.00      707.00        0.00
     0     4     1094.00      701.00        0.00
     0     4     1094.00      693.00        0.00
     0     4     1096.00      685.00        0.00
     0     4     1098.00      677.00        0.00
     0     4     1102.00      671.00        0.00
     0     4     1106.00      665.00        0.00
     0     4     1110.00      659.00        0.00
     0     4     1114.00      653.00        0.00
     0     4     1122.00      649.00        0.00
     0     4     1126.00      645.00        0.00
     0     4     1130.00      641.00        0.00
     0     4     1134.00      637.00        0.00
     0     4     1140.00      633.00        0.00
     0     4     1146.00      629.00        0.00
     0     4     1152.00      627.00        0.00
     0     4     1158.00      625.00        0.00
     0     4     1164.00      625.00        0.00
     0     4     1170.00      625.00        0.00
     0     4     1176.00      623.00        0.00
     0     4     1182.00      623.00        0.00
     0     4     1188.00      623.00        0.00
     0     4     1194.00      623.00        0.00
     0     4     1200.00      627.00        0.00
     0     4     1204.00      631.00        0.00
     0     4     1208.00      635.00        0.00
     0     4     1210.00      643.00        0.00
     0     4     1210.00      651.00        0.00
     0     4     1210.00      657.00        0.00
     0     4     1214.00      663.00        0.00
     0     4     1216.00      669.00        0.00
     0     4     1222.00      673.00        0.00
     0     4     1226.00      679.00        0.00
     0     4     1234.00      683.00        0.00
     0     4     1238.00      687.00        0.00
     0     4     1242.00      691.00        0.00
     0     4     1246.00      697.00        0.00
     0     4     1252.00      701.00        0.00
     0     4     1258.00      703.00        0.00
     0     4     1264.00      703.00        0.00
     0     4     1270.00      705.00        0.00
     0     4     1276.00      707.00        0.00
     0     4     1282.00      709.00        0.00
     0     4     1288.00      711.00        0.00
     0     4     1296.00      715.00        0.00
     0     4     1302.00      717.00        0.00
     0     4     1308.00      721.00        0.00
     0     4     1310.00      727.00        0.00
     0     4     1314.00      731.00        0.00
     0     4     1316.00      737.00        0.00
     0     4     1318.00      743.00        0.00
     0     4     1320.00      749.00        0.00
     0     4     1322.00      755.00        0.00
     0     4     1322.00      761.00        0.00
     0     4     1318.00      765.00        0.00
     0     4     1314.00      769.00        0.00
     0     4     1306.00      771.00        0.00
     0     4     1300.00      773.00        0.00
     0     4     1296.00      777.00        0.00
     0     4     1290.00      779.00        0.00
     0     4     1282.00      781.00        0.00
     0     4     1274.00      785.00        0.00
     0     4     1268.00      787.00        0.00
     0     4     1262.00      791.00        0.00
     0     4     1256.00      793.00        0.00
     0     4     1214.00      815.00        0.00
     0     4     1182.00      825.00        0.00
     0     5     1294.00      969.00        0.00
     0     5     1304.00      969.00        0.00
     0     5     1310.00      969.00        0.00
     0     5     1316.00      967.00        0.00
     0     5     1324.00      963.00        0.00
     0     5     1330.00      961.00        0.00
     0     5     1342.00      959.00        0.00
     0     5     1348.00      957.00        0.00
     0     5     1354.00      953.00        0.00
     0     5     1362.00      951.00        0.00
     0     5     1368.00      949.00        0.00
     0     5     1374.00      949.00        0.00
     0     5     1380.00      947.00        0.00
     0     5     1386.00      947.00        0.00
     0     5     1392.00      947.00        0.00
     0     5     1398.00      949.00        0.00
     0     5     1404.00      953.00        0.00
     0     5     1406.00      959.00        0.00
     0     5     1406.00      965.00        0.00
     0     5     1404.00      973.00        0.00
     0     5     1402.00      981.00        0.00
     0     5     1400.00      991.00        0.00
     0     5     1400.00      997.00        0.00
     0     5     1398.00     1005.00        0.00
     0     5     1398.00     1011.00        0.00
     0     5     1396.00     1017.00        0.00
     0     5     1396.00     1023.00        0.00
     0     5     1396.00     1015.00        0.00
     0     5     1400.00     1005.00        0.00
     0     5     1406.00      997.00        0.00
     0     5     1414.00      987.00        0.00
     0     5     1418.00      981.00        0.00
     0     5     1422.00      975.00        0.00
     0     5     1432.00      967.00        0.00
     0     5     1438.00      961.00        0.00
     0     5     1444.00      957.00        0.00
     0     5     1452.00      953.00        0.00
     0     5     1460.00      949.00        0.00
     0     5     1470.00      943.00        0.00
     0     5     1478.00      937.00        0.00
     0     5     1488.00      933.00        0.00
     0     5     1496.00      929.00        0.00
     0     5     1502.00      925.00        0.00
     0     5     1508.00      923.00        0.00
     0     5     1518.00      917.00        0.00
     0     5     1526.00      913.00        0.00
     0     5     1532.00      909.00        0.00
     0     5     1538.00      905.00        0.00
     0     5     1546.00      899.00        0.00
     0     5     1550.00      895.00        0.00
     0     5     1554.00      891.00        0.00
     0     5     1558.00      887.00        0.00
     0     5     1558.00      881.00        0.00
     0     5     1558.00      875.00        0.00
     0     5     1558.00      869.00        0.00
     0     5     1558.00      863.00        0.00
     0     5     1558.00      857.00        0.00
     0     5     1558.00      851.00        0.00
     0     5     1556.00      845.00        0.00
     0     5     1552.00      839.00        0.00
     0     5     1548.00      833.00        0.00
     0     5     1544.00      827.00        0.00
     0     5     1540.00      821.00        0.00
     0     5     1534.00      817.00        0.00
     0     5     1530.00      813.00        0.00
     0     5     1524.00      809.00        0.00
     0     5     1518.00      807.00        0.00
     0     5     1512.00      807.00        0.00
     0     5     1504.00      807.00        0.00
     0     5     1496.00      807.00        0.00
     0     5     1488.00      809.00        0.00
     0     5     1482.00      813.00        0.00
     0     5     1478.00      817.00        0.00
     0     5     1470.00      821.00        0.00
     0     5     1462.00      825.00        0.00
     0     5     1452.00      831.00        0.00
     0     5     1444.00      837.00        0.00
     0     5     1438.00      841.00        0.00
     0     5     1434.00      847.00        0.00
     0     5     1430.00      851.00        0.00
     0     5     1428.00      857.00        0.00
     0     5     1422.00      865.00        0.00
     0     5     1418.00      871.00        0.00
     0     5     1412.00      877.00        0.00
     0     5     1408.00      881.00        0.00
     0     5     1402.00      887.00        0.00
     0     5     1392.00      893.00        0.00
     0     5     1384.00      899.00        0.00
     0     5     1378.00      903.00        0.00
     0     5     1370.00      909.00        0.00
     0     5     1362.00      913.00        0.00
     0     5     1356.00      917.00        0.00
     0     5     1350.00      921.00        0.00
     0     5     1344.00      925.00        0.00
     0     5     1338.00      927.00        0.00
     0     5     1332.00      931.00        0.00
     0     5     1326.00      933.00        0.00
     0     5     1318.00      937.00        0.00
     0     5     1312.00      939.00        0.00
     0     5     1306.00      943.00        0.00
     0     5     1300.00      947.00        0.00
     0     5     1294.00      949.00        0.00
     0     6     1570.00      745.00        0.00
     0     6     1550.00      755.00        0.00
     0     6     1540.00      761.00        0.00
     0     6     1530.00      765.00        0.00
     0     6     1522.00      765.00        0.00
     0     6     1514.00      765.00        0.00
     0     6     1508.00      765.00        0.00
     0     6     1502.00      765.00        0.00
     0     6     1494.00      763.00        0.00
     0     6     1488.00      761.00        0.00
     0     6     1482.00      757.00        0.00
     0     6     1474.00      755.00        0.00
     0     6     1468.00      755.00        0.00
     0     6     1462.00      753.00        0.00
     0     6     1454.00      753.00        0.00
     0     6     1444.00      751.00        0.00
     0     6     1438.00      749.00        0.00
     0     6     1432.00      747.00        0.00
     0     6     1426.00      745.00        0.00
     0     6     1418.00      743.00        0.00
     0     6     1412.00      739.00        0.00
     0     6     1406.00      735.00        0.00
     0     6     1400.00      731.00        0.00
     0     6     1390.00      725.00        0.00
     0     6     1384.00      719.00        0.00
     0     6     1378.00      713.00        0.00
     0     6     1372.00      707.00        0.00
     0     6     1364.00      699.00        0.00
     0     6     1360.00      693.00        0.00
     0     6     1352.00      683.00        0.00
     0     6     1346.00      675.00        0.00
     0     6     1340.00      667.00        0.00
     0     6     1334.00      659.00        0.00
     0     6     1330.00      653.00        0.00
     0     6     1328.00      645.00        0.00
     0     6     1324.00      641.00        0.00
     0     6     1320.00      635.00        0.00
     0     6     1318.00      629.00        0.00
     0     6     1314.00      623.00        0.00
     0     6     1308.00      615.00        0.00
     0     6     1304.00      609.00        0.00
     0     6     1300.00      603.00        0.00
     0     6     1294.00      597.00        0.00
     0     6     1292.00      591.00        0.00
     0     6     1288.00      585.00        0.00
     0     6     1282.00      579.00        0.00
     0     6     1278.00      573.00        0.00
     0     6     1274.00      569.00        0.00
     0     6     1270.00      563.00        0.00
     0     6     1266.00      555.00        0.00
     0     6     1262.00      551.00        0.00
     0     6     1268.00      553.00        0.00
     0     6     1274.00      561.00        0.00
     0     6     1280.00      569.00        0.00
     0     6     1290.00      577.00        0.00
     0     6     1298.00      583.00        0.00
     0     6     1304.00      587.00        0.00
     0     6     1310.00      593.00        0.00
     0     6     1316.00      601.00        0.00
     0     6     1322.00      605.00        0.00
     0     6     1328.00      607.00        0.00
     0     6     1334.00      609.00        0.00
     0     6     1340.00      609.00        0.00
     0     6     1346.00      611.00        0.00
     0     6     1354.00      611.00        0.00
     0     6     1362.00      611.00        0.00
     0     6     1370.00      611.00        0.00
     0     6     1376.00      611.00        0.00
     0     6     1382.00      611.00        0.00
     0     6     1388.00      611.00        0.00
     0     6     1394.00      611.00        0.00
     0     6     1400.00      609.00        0.00
     0     6     1406.00      607.00        0.00
     0     6     1414.00      605.00        0.00
     0     6     1422.00      603.00        0.00
     0     6     1426.00      599.00        0.00
     0     6     1430.00      595.00        0.00
     0     6     1436.00      593.00        0.00
     0     6     1440.00      589.00        0.00
     0     6     1444.00      585.00        0.00
     0     6     1448.00      581.00        0.00
     0     6     1452.00      577.00        0.00
     0     6     1456.00      573.00        0.00
     0     6     1464.00      569.00        0.00
     0     6     1468.00      565.00        0.00
     0     6     1474.00      565.00        0.00
     0     6     1480.00      563.00        0.00
     0     6     1488.00      563.00        0.00
     0     6     1494.00      563.00        0.00
     0     6     1498.00      567.00        0.00
     0     6     1506.00      573.00        0.00
     0     6     1510.00      577.00        0.00
     0     6     1516.00      579.00        0.00
     0     6     1522.00      581.00        0.00
     0     6     1530.00      585.00        0.00
     0     6     1536.00      587.00        0.00
     0     6     1542.00      587.00        0.00
     0     6     1550.00      589.00        0.00
     0     6     1554.00      593.00        0.00
     0     6     1558.00      599.00        0.00
     0     6     1562.00      605.00        0.00
     0     6     1566.00      613.00        0.00
     0     6     1568.00      619.00        0.00
     0     6     1570.00      625.00        0.00
     0     6     1570.00      635.00        0.00
     0     6     1572.00      641.00        0.00
     0     6     1576.00      647.00        0.00
     0     6     1578.00      653.00        0.00
     0     6     1582.00      661.00        0.00
     0     6     1586.00      667.00        0.00
     0     6     1590.00      677.00        0.00
     0     6     1592.00      683.00        0.00
     0     6     1594.00      691.00        0.00
     0     6     1598.00      699.00        0.00
     0     6     1600.00      707.00        0.00
     0     6     1602.00      717.00        0.00
     0     6     1602.00      725.00        0.00
     0     6     1602.00      731.00        0.00
     0     7     1326.00      585.00        0.00
     0     7     1310.00      569.00        0.00
     0     7     1308.00      563.00        0.00
     0     7     1304.00      557.00        0.00
     0     7     1298.00      547.00        0.00
     0     7     1294.00      541.00        0.00
     0     7     1290.00      531.00        0.00
     0     7     1288.00      525.00        0.00
     0     7     1282.00      519.00        0.00
     0     7     1278.00      513.00        0.00
     0     7     1274.00      507.00        0.00
     0     7     1270.00      501.00        0.00
     0     7     1268.00      495.00        0.00
     0     7     1266.00      489.00        0.00
     0     7     1264.00      481.00        0.00
     0     7     1264.00      475.00        0.00
     0     7     1262.00      469.00        0.00
     0     7     1262.00      463.00        0.00
     0     7     1262.00      457.00        0.00
     0     7     1260.00      451.00        0.00
     0     7     1256.00      445.00        0.00
     0     7     1254.00      439.00        0.00
     0     7     1250.00      433.00        0.00
     0     7     1248.00      427.00        0.00
     0     7     1246.00      421.00        0.00
     0     7     1242.00      413.00        0.00
     0     7     1240.00      407.00        0.00
     0     7     1238.00      401.00        0.00
     0     7     1234.00      395.00        0.00
     0     7     1232.00      389.00        0.00
     0     7     1228.00      383.00        0.00
     0     7     1226.00      377.00        0.00
     0     7     1222.00      371.00        0.00
     0     7     1218.00      367.00        0.00
     0     7     1216.00      359.00        0.00
     0     7     1212.00      353.00        0.00
     0     7     1210.00      347.00        0.00
     0     7     1206.00      341.00        0.00
     0     7     1202.00      337.00        0.00
     0     7     1196.00      341.00        0.00
     0     7     1192.00      345.00        0.00
     0     7     1188.00      349.00        0.00
     0     7     1182.00      349.00        0.00
     0     7     1176.00      349.00        0.00
     0     7     1170.00      345.00        0.00
     0     7     1164.00      345.00        0.00
     0     7     1158.00      345.00        0.00
     0     7     1152.00      345.00        0.00
     0     7     1146.00      349.00        0.00
     0     7     1142.00      353.00        0.00
     0     7     1138.00      357.00        0.00
     0     7     1132.00      359.00        0.00
     0     7     1126.00      359.00        0.00
     0     7     1120.00      363.00        0.00
     0     7     1118.00      369.00        0.00
     0     7     1116.00      379.00        0.00
     0     7     1116.00      385.00        0.00
     0     7     1114.00      391.00        0.00
     0     7     1116.00      397.00        0.00
     0     7     1118.00      405.00        0.00
     0     7     1122.00      413.00        0.00
     0     7     1126.00      419.00        0.00
     0     7     1130.00      425.00        0.00
     0     7     1134.00      429.00        0.00
     0     7     1136.00      435.00        0.00
     0     7     1140.00      439.00        0.00
     0     7     1144.00      443.00        0.00
     0     7     1148.00      447.00        0.00
     0     7     1154.00      451.00        0.00
     0     7     1160.00      453.00        0.00
     0     7     1168.00      457.00        0.00
     0     7     1174.00      459.00        0.00
     0     7     1182.00      463.00        0.00
     0     7     1188.00      465.00        0.00
     0     7     1196.00      471.00        0.00
     0     7     1202.00      475.00        0.00
     0     7     1206.00      479.00        0.00
     0     7     1210.00      483.00        0.00
     0     7     1214.00      487.00        0.00
     0     7     1216.00      493.00        0.00
     0     7     1218.00      499.00        0.00
     0     7     1222.00      505.00        0.00
     0     7     1226.00      509.00        0.00
     0     7     1230.00      515.00        0.00
     0     7     1236.00      519.00        0.00
     0     7     1240.00      523.00        0.00
     0     7     1244.00      529.00        0.00
     0     7     1248.00      533.00        0.00
     0     7     1252.00      537.00        0.00
     0     7     1254.00      543.00        0.00
     0     7     1260.00      545.00        0.00
     0     8     1024.00      331.00        0.00
     0     8     1034.00      353.00        0.00
     0     8     1038.00      361.00        0.00
     0     8     1042.00      367.00        0.00
     0     8     1046.00      375.00        0.00
     0     8     1050.00      383.00        0.00
     0     8     1052.00      389.00        0.00
     0     8     1054.00      395.00        0.00
     0     8     1058.00      399.00        0.00
     0     8     1062.00      403.00        0.00
     0     8     1066.00      407.00        0.00
     0     8     1070.00      411.00        0.00
     0     8     1076.00      415.00        0.00
     0     8     1082.00      417.00        0.00
     0     8     1086.00      421.00        0.00
     0     8     1094.00      423.00        0.00
     0     8     1100.00      425.00        0.00
     0     8     1106.00      427.00        0.00
     0     8     1114.00      431.00        0.00
     0     8     1120.00      433.00        0.00
     0     8     1128.00      437.00        0.00
     0     8     1134.00      439.00        0.00
     0     8     1140.00      441.00        0.00
     0     8     1146.00      443.00        0.00
     0     8     1152.00      447.00        0.00
     0     8     1158.00      451.00        0.00
     0     8     1164.00      453.00        0.00
     0     8     1170.00      455.00        0.00
     0     8     1174.00      459.00        0.00
     0     8     1180.00      461.00        0.00
     0     8     1188.00      463.00        0.00
     0     8     1192.00      467.00        0.00
     0     8     1198.00      469.00        0.00
     0     8     1202.00      475.00        0.00
     0     8     1208.00      479.00        0.00
     0     8     1212.00      483.00        0.00
     0     8     1214.00      489.00        0.00
     0     8     1214.00      495.00        0.00
     0     8     1214.00      501.00        0.00
     0     8     1210.00      507.00        0.00
     0     8     1208.00      515.00        0.00
     0     8     1206.00      521.00        0.00
     0     8     1204.00      527.00        0.00
     0     8     1202.00      533.00        0.00
     0     8     1200.00      541.00        0.00
     0     8     1200.00      549.00        0.00
     0     8     1200.00      559.00        0.00
     0     8     1200.00      565.00        0.00
     0     8     1198.00      571.00        0.00
     0     8     1198.00      577.00        0.00
     0     8     1194.00      581.00        0.00
     0     8     1186.00      585.00        0.00
     0     8     1178.00      585.00        0.00
     0     8     1172.00      587.00        0.00
     0     8     1166.00      587.00        0.00
     0     8     1160.00      587.00        0.00
     0     8     1154.00      587.00        0.00
     0     8     1148.00      587.00        0.00
     0     8     1142.00      587.00        0.00
     0     8     1134.00      585.00        0.00
     0     8     1126.00      581.00        0.00
     0     8     1120.00      577.00        0.00
     0     8     1114.00      575.00        0.00
     0     8     1112.00      569.00        0.00
     0     8     1114.00      559.00        0.00
     0     8     1118.00      553.00        0.00
     0     8     1122.00      547.00        0.00
     0     8     1124.00      539.00        0.00
     0     8     1126.00      533.00        0.00
     0     8     1124.00      527.00        0.00
     0     8     1120.00      521.00        0.00
     0     8     1114.00      517.00        0.00
     0     8     1110.00      513.00        0.00
     0     8     1104.00      507.00        0.00
     0     8     1100.00      503.00        0.00
     0     8     1094.00      495.00        0.00
     0     8     1090.00      489.00        0.00
     0     8     1086.00      481.00        0.00
     0     8     1082.00      475.00        0.00
     0     8     1080.00      467.00        0.00
     0     8     1078.00      461.00        0.00
     0     8     1074.00      455.00        0.00
     0     8     1072.00      447.00        0.00
     0     8     1068.00      441.00        0.00
     0     8     1066.00      435.00        0.00
     0     8     1064.00      429.00        0.00
     0     8     1062.00      423.00        0.00
     0     8     1062.00      417.00        0.00
     0     8     1058.00      411.00        0.00
     0     8     1058.00      405.00        0.00
     0     9     1008.00      321.00        0.00
     0     9      990.00      315.00        0.00
     0     9      980.00      309.00        0.00
     0     9      974.00      305.00        0.00
     0     9      968.00      301.00        0.00
     0     9      962.00      297.00        0.00
     0     9      956.00      293.00        0.00
     0     9      948.00      289.00        0.00
     0     9      942.00      285.00        0.00
     0     9      938.00      281.00        0.00
     0     9      932.00      281.00        0.00
     0     9      926.00      279.00        0.00
     0     9      920.00      279.00        0.00
     0     9      914.00      277.00        0.00
     0     9      908.00      277.00        0.00
     0     9      902.00      275.00        0.00
     0     9      896.00      275.00        0.00
     0     9      890.00      271.00        0.00
     0     9      884.00      269.00        0.00
     0     9      878.00      265.00        0.00
     0     9      874.00      259.00        0.00
     0     9      870.00      253.00        0.00
     0     9      866.00      247.00        0.00
     0     9      864.00      241.00        0.00
     0     9      864.00      233.00        0.00
     0     9      862.00      227.00        0.00
     0     9      862.00      221.00        0.00
     0     9      862.00      215.00        0.00
     0     9      864.00      209.00        0.00
     0     9      864.00      203.00        0.00
     0     9      862.00      197.00        0.00
     0     9      860.00      191.00        0.00
     0     9      858.00      185.00        0.00
     0     9      858.00      179.00        0.00
     0     9      862.00      173.00        0.00
     0     9      864.00      167.00        0.00
     0     9      868.00      159.00        0.00
     0     9      872.00      155.00        0.00
     0     9      878.00      149.00        0.00
     0     9      882.00      143.00        0.00
     0     9      890.00      141.00        0.00
     0     9      896.00      139.00        0.00
     0     9      902.00      139.00        0.00
     0     9      908.00      137.00        0.00
     0     9      914.00      137.00        0.00
     0     9      920.00      137.00        0.00
     0     9      926.00      141.00        0.00
     0     9      930.00      147.00        0.00
     0     9      932.00      155.00        0.00
     0     9      936.00      161.00        0.00
     0     9      942.00      169.00        0.00
     0     9      946.00      173.00        0.00
     0     9      952.00      181.00        0.00
     0     9      956.00      187.00        0.00
     0     9      960.00      191.00        0.00
     0     9      964.00      195.00        0.00
     0     9      970.00      197.00        0.00
     0     9      976.00      201.00        0.00
     0     9      982.00      205.00        0.00
     0     9      990.00      207.00        0.00
     0     9      998.00      209.00        0.00
     0     9     1004.00      213.00        0.00
     0     9     1010.00      215.00        0.00
     0     9     1016.00      219.00        0.00
     0     9     1022.00      223.00        0.00
     0     9     1026.00      227.00        0.00
     0     9     1026.00      233.00        0.00
     0     9     1026.00      239.00        0.00
     0     9     1026.00      245.00        0.00
     0     9     1024.00      253.00        0.00
     0     9     1022.00      259.00        0.00
     0     9     1020.00      265.00        0.00
     0    10      676.00      439.00        0.00
     0    10      688.00      437.00        0.00
     0    10      694.00      435.00        0.00
     0    10      702.00      431.00        0.00
     0    10      708.00      429.00        0.00
     0    10      714.00      427.00        0.00
     0    10      720.00      425.00        0.00
     0    10      726.00      423.00        0.00
     0    10      732.00      423.00        0.00
     0    10      738.00      423.00        0.00
     0    10      746.00      423.00        0.00
     0    10      752.00      423.00        0.00
     0    10      758.00      423.00        0.00
     0    10      764.00      423.00        0.00
     0    10      770.00      423.00        0.00
     0    10      776.00      423.00        0.00
     0    10      784.00      421.00        0.00
     0    10      790.00      419.00        0.00
     0    10      796.00      419.00        0.00
     0    10      804.00      419.00        0.00
     0    10      814.00      419.00        0.00
     0    10      822.00      419.00        0.00
     0    10      830.00      421.00        0.00
     0    10      838.00      423.00        0.00
     0    10      844.00      423.00        0.00
     0    10      850.00      423.00        0.00
     0    10      856.00      425.00        0.00
     0    10      864.00      423.00        0.00
     0    10      870.00      419.00        0.00
     0    10      874.00      415.00        0.00
     0    10      874.00      409.00        0.00
     0    10      874.00      403.00        0.00
     0    10      874.00      397.00        0.00
     0    10      870.00      389.00        0.00
     0    10      866.00      383.00        0.00
     0    10      862.00      377.00        0.00
     0    10      860.00      371.00        0.00
     0    10      858.00      365.00        0.00
     0    10      850.00      361.00        0.00
     0    10      846.00      357.00        0.00
     0    10      842.00      353.00        0.00
     0    10      836.00      351.00        0.00
     0    10      828.00      349.00        0.00
     0    10      820.00      349.00        0.00
     0    10      812.00      349.00        0.00
     0    10      804.00      349.00        0.00
     0    10      796.00      349.00        0.00
     0    10      788.00      351.00        0.00
     0    10      782.00      353.00        0.00
     0    10      776.00      355.00        0.00
     0    10      766.00      359.00        0.00
     0    10      760.00      361.00        0.00
     0    10      756.00      365.00        0.00
     0    10      746.00      367.00        0.00
     0    10      738.00      369.00        0.00
     0    10      728.00      369.00        0.00
     0    10      722.00      371.00        0.00
     0    10      716.00      373.00        0.00
     0    10      708.00      375.00        0.00
     0    10      700.00      379.00        0.00
     0    10      694.00      383.00        0.00
     0    10      688.00      385.00        0.00
     0    10      684.00      389.00        0.00
     0    10      680.00      395.00        0.00
     0    10      678.00      401.00        0.00
     0    10      674.00      407.00        0.00
     0    10      672.00      413.00        0.00
     0    11      648.00      463.00        0.00
     0    11      646.00      473.00        0.00
     0    11      642.00      483.00        0.00
     0    11      640.00      493.00        0.00
     0    11      638.00      501.00        0.00
     0    11      638.00      509.00        0.00
     0    11      636.00      517.00        0.00
     0    11      636.00      525.00        0.00
     0    11      636.00      531.00        0.00
     0    11      636.00      539.00        0.00
     0    11      634.00      549.00        0.00
     0    11      632.00      555.00        0.00
     0    11      630.00      561.00        0.00
     0    11      626.00      567.00        0.00
     0    11      622.00      571.00        0.00
     0    11      616.00      575.00        0.00
     0    11      610.00      577.00        0.00
     0    11      604.00      577.00        0.00
     0    11      598.00      579.00        0.00
     0    11      590.00      581.00        0.00
     0    11      584.00      581.00        0.00
     0    11      578.00      581.00        0.00
     0    11      570.00      581.00        0.00
     0    11      564.00      583.00        0.00
     0    11      558.00      583.00        0.00
     0    11      552.00      581.00        0.00
     0    11      546.00      579.00        0.00
     0    11      542.00      575.00        0.00
     0    11      538.00      571.00        0.00
     0    11      532.00      565.00        0.00
     0    11      528.00      561.00        0.00
     0    11      524.00      555.00        0.00
     0    11      518.00      549.00        0.00
     0    11      516.00      543.00        0.00
     0    11      514.00      537.00        0.00
     0    11      514.00      531.00        0.00
     0    11      510.00      523.00        0.00
     0    11      508.00      515.00        0.00
     0    11      508.00      505.00        0.00
     0    11      506.00      495.00        0.00
     0    11      506.00      489.00        0.00
     0    11      506.00      481.00        0.00
     0    11      506.00      475.00        0.00
     0    11      506.00      467.00        0.00
     0    11      506.00      461.00        0.00
     0    11      506.00      455.00        0.00
     0    11      510.00      447.00        0.00
     0    11      512.00      441.00        0.00
     0    11      516.00      433.00        0.00
     0    11      520.00      425.00        0.00
     0    11      524.00      415.00        0.00
     0    11      528.00      409.00        0.00
     0    11      534.00      399.00        0.00
     0    11      540.00      395.00        0.00
     0    11      548.00      389.00        0.00
     0    11      552.00      385.00        0.00
     0    11      558.00      381.00        0.00
     0    11      564.00      379.00        0.00
     0    11      570.00      377.00        0.00
     0    11      580.00      375.00        0.00
     0    11      586.00      373.00        0.00
     0    11      594.00      371.00        0.00
     0    11      600.00      371.00        0.00
     0    11      606.00      371.00        0.00
     0    11      612.00      373.00        0.00
     0    11      618.00      373.00        0.00
     0    11      626.00      377.00        0.00
     0    11      632.00      381.00        0.00
     0    11      638.00      383.00        0.00
     0    11      646.00      385.00        0.00
     0    11      650.00      389.00        0.00
     0    11      656.00      391.00        0.00
     0    11      660.00      395.00        0.00
     0    11      666.00      399.00        0.00
     0    11      670.00      403.00        0.00
     0    11      674.00      407.00        0.00
     0    11      674.00      413.00        0.00
     0    11      674.00      419.00        0.00
     0    11      674.00      425.00        0.00
     0    11      672.00      431.00        0.00
     0    12      266.00      267.00        0.00
     0    12      270.00      273.00        0.00
     0    12      276.00      273.00        0.00
     0    12      282.00      275.00        0.00
     0    12      288.00      275.00        0.00
     0    12      296.00      275.00        0.00
     0    12      304.00      275.00        0.00
     0    12      310.00      277.00        0.00
     0    12      316.00      279.00        0.00
     0    12      324.00      283.00        0.00
     0    12      330.00      287.00        0.00
     0    12      334.00      291.00        0.00
     0    12      338.00      295.00        0.00
     0    12      340.00      301.00        0.00
     0    12      342.00      307.00        0.00
     0    12      346.00      311.00        0.00
     0    12      350.00      317.00        0.00
     0    12      354.00      321.00        0.00
     0    12      358.00      327.00        0.00
     0    12      360.00      333.00        0.00
     0    12      360.00      339.00        0.00
     0    12      360.00      345.00        0.00
     0    12      360.00      351.00        0.00
     0    12      358.00      357.00        0.00
     0    12      354.00      361.00        0.00
     0    12      348.00      363.00        0.00
     0    12      344.00      369.00        0.00
     0    12      342.00      375.00        0.00
     0    12      338.00      379.00        0.00
     0    12      336.00      387.00        0.00
     0    12      332.00      393.00        0.00
     0    12      330.00      399.00        0.00
     0    12      326.00      407.00        0.00
     0    12      324.00      415.00        0.00
     0    12      324.00      421.00        0.00
     0    12      322.00      429.00        0.00
     0    12      322.00      435.00        0.00
     0    12      322.00      441.00        0.00
     0    12      322.00      447.00        0.00
     0    12      322.00      453.00        0.00
     0    12      322.00      459.00        0.00
     0    12      324.00      465.00        0.00
     0    12      324.00      471.00        0.00
     0    12      324.00      477.00        0.00
     0    12      324.00      483.00        0.00
     0    12      324.00      489.00        0.00
     0    12      322.00      495.00        0.00
     0    12      316.00      495.00        0.00
     0    12      310.00      493.00        0.00
     0    12      306.00      489.00        0.00
     0    12      300.00      485.00        0.00
     0    12      296.00      477.00        0.00
     0    12      292.00      471.00        0.00
     0    12      290.00      465.00        0.00
     0    12      288.00      457.00        0.00
     0    12      286.00      451.00        0.00
     0    12      286.00      445.00        0.00
     0    12      286.00      437.00        0.00
     0    12      286.00      429.00        0.00
     0    12      288.00      423.00        0.00
     0    12      288.00      417.00        0.00
     0    12      288.00      411.00        0.00
     0    12      286.00      401.00        0.00
     0    12      286.00      393.00        0.00
     0    12      284.00      387.00        0.00
     0    12      280.00      381.00        0.00
     0    12      276.00      373.00        0.00
     0    12      274.00      367.00        0.00
     0    12      272.00      361.00        0.00
     0    12      268.00      355.00        0.00
     0    12      264.00      347.00        0.00
     0    12      262.00      341.00        0.00
     0    12      262.00      333.00        0.00
     0    12      260.00      327.00        0.00
     0    12      260.00      319.00        0.00
     0    12      260.00      313.00        0.00
     0    12      260.00      307.00        0.00
     0    13      686.00     1063.00        0.00
     0    13      676.00     1057.00        0.00
     0    13      670.00     1055.00        0.00
     0    13      664.00     1055.00        0.00
     0    13      658.00     1053.00        0.00
     0    13      648.00     1049.00        0.00
     0    13      640.00     1049.00        0.00
     0    13      630.00     1047.00        0.00
     0    13      624.00     1045.00        0.00
     0    13      616.00     1043.00        0.00
     0    13      606.00     1041.00        0.00
     0    13      598.00     1039.00        0.00
     0    13      592.00     1039.00        0.00
     0    13      586.00     1037.00        0.00
     0    13      580.00     1037.00        0.00
     0    13      574.00     1035.00        0.00
     0    13      568.00     1033.00        0.00
     0    13      562.00     1031.00        0.00
     0    13      554.00     1029.00        0.00
     0    13      546.00     1029.00        0.00
     0    13      536.00     1027.00        0.00
     0    13      528.00     1027.00        0.00
     0    13      522.00     1025.00        0.00
     0    13      516.00     1023.00        0.00
     0    13      510.00     1021.00        0.00
     0    13      506.00     1017.00        0.00
     0    13      500.00     1013.00        0.00
     0    13      496.00     1007.00        0.00
     0    13      490.00      999.00        0.00
     0    13      486.00      993.00        0.00
     0    13      482.00      987.00        0.00
     0    13      482.00      981.00        0.00
     0    13      484.00      973.00        0.00
     0    13      488.00      967.00        0.00
     0    13      496.00      961.00        0.00
     0    13      500.00      957.00        0.00
     0    13      506.00      951.00        0.00
     0    13      512.00      949.00        0.00
     0    13      516.00      945.00        0.00
     0    13      522.00      943.00        0.00
     0    13      528.00      943.00        0.00
     0    13      534.00      943.00        0.00
     0    13      540.00      945.00        0.00
     0    13      546.00      947.00        0.00
     0    13      552.00      951.00        0.00
     0    13      560.00      955.00        0.00
     0    13      566.00      959.00        0.00
     0    13      574.00      963.00        0.00
     0    13      582.00      967.00        0.00
     0    13      588.00      971.00        0.00
     0    13      594.00      973.00        0.00
     0    13      598.00      977.00        0.00
     0    13      604.00      979.00        0.00
     0    13      610.00      983.00        0.00
     0    13      616.00      989.00        0.00
     0    13      620.00      993.00        0.00
     0    13      624.00     1001.00        0.00
     0    13      628.00     1007.00        0.00
     0    13      632.00     1011.00        0.00
     0    13      636.00     1017.00        0.00
     0    13      642.00     1019.00        0.00
     0    13      646.00     1023.00        0.00
     0    13      652.00     1025.00        0.00
     0    13      658.00     1027.00        0.00
     0    13      664.00     1031.00        0.00
     0    13      670.00     1033.00        0.00
     0    13      678.00     1035.00        0.00
     0    13      682.00     1039.00        0.00
     0    13      688.00     1041.00        0.00
     0    13      694.00     1043.00        0.00
     0    13      702.00     1047.00        0.00
     0    13      706.00     1051.00        0.00
     0    13      710.00     1055.00        0.00
     0    13      714.00     1059.00        0.00
