     0     0      326.00      487.00        0.00
     0     0      322.00      511.00        0.00
     0     0      314.00      517.00        0.00
     0     0      308.00      519.00        0.00
     0     0      302.00      519.00        0.00
     0     0      296.00      519.00        0.00
     0     0      290.00      519.00        0.00
     0     0      284.00      519.00        0.00
     0     0      276.00      521.00        0.00
     0     0      268.00      523.00        0.00
     0     0      262.00      525.00        0.00
     0     0      256.00      527.00        0.00
     0     0      250.00      529.00        0.00
     0     0      242.00      533.00        0.00
     0     0      236.00      535.00        0.00
     0     0      228.00      535.00        0.00
     0     0      222.00      537.00        0.00
     0     0      216.00      537.00        0.00
     0     0      210.00      535.00        0.00
     0     0      204.00      533.00        0.00
     0     0      198.00      529.00        0.00
     0     0      192.00      523.00        0.00
     0     0      188.00      517.00        0.00
     0     0      184.00      513.00        0.00
     0     0      180.00      507.00        0.00
     0     0      176.00      501.00        0.00
     0     0      172.00      497.00        0.00
     0     0      168.00      493.00        0.00
     0     0      164.00      487.00        0.00
     0     0      160.00      481.00        0.00
     0     0      158.00      475.00        0.00
     0     0      158.00      469.00        0.00
     0     0      156.00      463.00        0.00
     0     0      156.00      457.00        0.00
     0     0      156.00      451.00        0.00
     0     0      156.00      445.00        0.00
     0     0      156.00      439.00        0.00
     0     0      160.00      433.00        0.00
     0     0      164.00      429.00        0.00
     0     0      168.00      425.00        0.00
     0     0      174.00      421.00        0.00
     0     0      180.00      417.00        0.00
     0     0      186.00      413.00        0.00
     0     0      192.00      411.00        0.00
     0     0      198.00      407.00        0.00
     0     0      204.00      405.00        0.00
     0     0      212.00      403.00        0.00
     0     0      218.00      403.00        0.00
     0     0      224.00      403.00        0.00
     0     0      230.00      403.00        0.00
     0     0      236.00      403.00        0.00
     0     0      242.00      403.00        0.00
     0     0      248.00      403.00        0.00
     0     0      254.00      403.00        0.00
     0     0      260.00      403.00        0.00
     0     0      268.00      403.00        0.00
     0     0      274.00      403.00        0.00
     0     0      280.00      403.00        0.00
     0     0      286.00      403.00        0.00
     0     0      294.00      401.00        0.00
     0     0      300.00      401.00        0.00
     0     0      306.00      401.00        0.00
     0     0      312.00      399.00        0.00
     0     0      320.00      397.00        0.00
     0     0      326.00      395.00        0.00
     0     0      332.00      393.00        0.00
     0     0      338.00      391.00        0.00
     0     0      344.00      389.00        0.00
     0     0      350.00      389.00        0.00
     0     0      356.00      389.00        0.00
     0     0      360.00      393.00        0.00
     0     0      360.00      399.00        0.00
     0     0      360.00      405.00        0.00
     0     0      360.00      411.00        0.00
     0     0      358.00      419.00        0.00
     0     0      354.00      427.00        0.00
     0     0      352.00      433.00        0.00
     0     0      352.00      439.00        0.00
     0     0      352.00      445.00        0.00
     0     0      350.00      451.00        0.00
     0     0      350.00      457.00        0.00
     0     0      348.00      463.00        0.00
     0     1      304.00      205.00        0.00
     0     1      314.00      223.00        0.00
     0     1      318.00      227.00        0.00
     0     1      322.00      233.00        0.00
     0     1      326.00      237.00        0.00
     0     1      330.00      241.00        0.00
     0     1      334.00      247.00        0.00
     0     1      336.00      253.00        0.00
     0     1      336.00      259.00        0.00
     0     1      332.00      265.00        0.00
     0     1      328.00      269.00        0.00
     0     1      322.00      273.00        0.00
     0     1      316.00      275.00        0.00
     0     1      308.00      275.00        0.00
     0     1      300.00      275.00        0.00
     0     1      294.00      275.00        0.00
     0     1      286.00      271.00        0.00
     0     1      278.00      271.00        0.00
     0     1      272.00      269.00        0.00
     0     1      266.00      267.00        0.00
     0     1      260.00      265.00        0.00
     0     1      254.00      261.00        0.00
     0     1      248.00      257.00        0.00
     0     1      244.00      253.00        0.00
     0     1      240.00      249.00        0.00
     0     1      236.00      245.00        0.00
     0     1      232.00      239.00        0.00
     0     1      228.00      231.00        0.00
     0     1      224.00      223.00        0.00
     0     1      222.00      217.00        0.00
     0     1      220.00      211.00        0.00
     0     1      218.00      205.00        0.00
     0     1      216.00      199.00        0.00
     0     1      216.00      193.00        0.00
     0     1      216.00      187.00        0.00
     0     1      216.00      179.00        0.00
     0     1      218.00      171.00        0.00
     0     1      220.00      165.00        0.00
     0     1      224.00      159.00        0.00
     0     1      226.00      153.00        0.00
     0     1      230.00      147.00        0.00
     0     1      232.00      139.00        0.00
     0     1      236.00      133.00        0.00
     0     1      236.00      127.00        0.00
     0     1      236.00      121.00        0.00
     0     1      238.00      115.00        0.00
     0     1      238.00      109.00        0.00
     0     1      238.00      103.00        0.00
     0     1      240.00       97.00        0.00
     0     1      240.00       91.00        0.00
     0     1      240.00       85.00        0.00
     0     1      242.00       79.00        0.00
     0     1      244.00       73.00        0.00
     0     1      248.00       69.00        0.00
     0     1      252.00       65.00        0.00
     0     1      258.00       61.00        0.00
     0     1      264.00       61.00        0.00
     0     1      270.00       61.00        0.00
     0     1      276.00       61.00        0.00
     0     1      282.00       63.00        0.00
     0     1      288.00       65.00        0.00
     0     1      292.00       69.00        0.00
     0     1      296.00       73.00        0.00
     0     1      300.00       77.00        0.00
     0     1      304.00       81.00        0.00
     0     1      308.00       87.00        0.00
     0     1      312.00       91.00        0.00
     0     1      314.00       97.00        0.00
     0     1      314.00      103.00        0.00
     0     1      312.00      109.00        0.00
     0     1      308.00      113.00        0.00
     0     1      306.00      119.00        0.00
     0     1      304.00      125.00        0.00
     0     1      302.00      131.00        0.00
     0     1      302.00      139.00        0.00
     0     1      300.00      147.00        0.00
     0     1      300.00      153.00        0.00
     0     2      422.00      281.00        0.00
     0     2      398.00      275.00        0.00
     0     2      384.00      271.00        0.00
     0     2      378.00      269.00        0.00
     0     2      372.00      269.00        0.00
     0     2      366.00      269.00        0.00
     0     2      360.00      269.00        0.00
     0     2      354.00      271.00        0.00
     0     2      348.00      271.00        0.00
     0     2      342.00      269.00        0.00
     0     2      338.00      265.00        0.00
     0     2      336.00      259.00        0.00
     0     2      336.00      253.00        0.00
     0     2      336.00      247.00        0.00
     0     2      338.00      239.00        0.00
     0     2      342.00      233.00        0.00
     0     2      346.00      227.00        0.00
     0     2      348.00      221.00        0.00
     0     2      354.00      215.00        0.00
     0     2      358.00      211.00        0.00
     0     2      362.00      207.00        0.00
     0     2      366.00      203.00        0.00
     0     2      374.00      199.00        0.00
     0     2      380.00      195.00        0.00
     0     2      388.00      191.00        0.00
     0     2      394.00      187.00        0.00
     0     2      400.00      185.00        0.00
     0     2      404.00      181.00        0.00
     0     2      410.00      177.00        0.00
     0     2      416.00      173.00        0.00
     0     2      422.00      169.00        0.00
     0     2      428.00      165.00        0.00
     0     2      436.00      161.00        0.00
     0     2      442.00      159.00        0.00
     0     2      448.00      155.00        0.00
     0     2      452.00      151.00        0.00
     0     2      458.00      147.00        0.00
     0     2      464.00      143.00        0.00
     0     2      470.00      143.00        0.00
     0     2      476.00      141.00        0.00
     0     2      482.00      137.00        0.00
     0     2      488.00      135.00        0.00
     0     2      494.00      131.00        0.00
     0     2      500.00      129.00        0.00
     0     2      506.00      125.00        0.00
     0     2      512.00      123.00        0.00
     0     2      518.00      119.00        0.00
     0     2      526.00      115.00        0.00
     0     2      532.00      111.00        0.00
     0     2      538.00      109.00        0.00
     0     2      542.00      105.00        0.00
     0     2      548.00      103.00        0.00
     0     2      548.00      109.00        0.00
     0     2      544.00      113.00        0.00
     0     2      540.00      119.00        0.00
     0     2      538.00      127.00        0.00
     0     2      536.00      133.00        0.00
     0     2      534.00      139.00        0.00
     0     2      534.00      145.00        0.00
     0     2      540.00      145.00        0.00
     0     2      548.00      143.00        0.00
     0     2      554.00      141.00        0.00
     0     2      560.00      143.00        0.00
     0     2      564.00      147.00        0.00
     0     2      564.00      153.00        0.00
     0     2      562.00      159.00        0.00
     0     2      562.00      165.00        0.00
     0     2      560.00      173.00        0.00
     0     2      556.00      179.00        0.00
     0     2      554.00      187.00        0.00
     0     2      550.00      191.00        0.00
     0     2      548.00      197.00        0.00
     0     2      544.00      201.00        0.00
     0     2      542.00      207.00        0.00
     0     2      538.00      213.00        0.00
     0     2      536.00      219.00        0.00
     0     2      532.00      225.00        0.00
     0     2      528.00      231.00        0.00
     0     2      524.00      235.00        0.00
     0     2      520.00      239.00        0.00
     0     2      514.00      241.00        0.00
     0     2      502.00      245.00        0.00
     0     2      498.00      249.00        0.00
     0     2      492.00      253.00        0.00
     0     2      484.00      257.00        0.00
     0     2      478.00      259.00        0.00
     0     2      468.00      263.00        0.00
     0     2      462.00      263.00        0.00
     0     2      454.00      265.00        0.00
     0     2      448.00      265.00        0.00
     0     3      748.00      447.00        0.00
     0     3      760.00      465.00        0.00
     0     3      764.00      473.00        0.00
     0     3      768.00      477.00        0.00
     0     3      770.00      485.00        0.00
     0     3      774.00      489.00        0.00
     0     3      776.00      495.00        0.00
     0     3      778.00      501.00        0.00
     0     3      780.00      509.00        0.00
     0     3      782.00      515.00        0.00
     0     3      786.00      523.00        0.00
     0     3      788.00      529.00        0.00
     0     3      792.00      533.00        0.00
     0     3      794.00      539.00        0.00
     0     3      796.00      545.00        0.00
     0     3      796.00      551.00        0.00
     0     3      796.00      557.00        0.00
     0     3      792.00      565.00        0.00
     0     3      788.00      569.00        0.00
     0     3      784.00      573.00        0.00
     0     3      776.00      575.00        0.00
     0     3      770.00      575.00        0.00
     0     3      762.00      575.00        0.00
     0     3      754.00      573.00        0.00
     0     3      748.00      569.00        0.00
     0     3      740.00      565.00        0.00
     0     3      734.00      561.00        0.00
     0     3      728.00      557.00        0.00
     0     3      724.00      553.00        0.00
     0     3      718.00      549.00        0.00
     0     3      712.00      545.00        0.00
     0     3      708.00      539.00        0.00
     0     3      704.00      535.00        0.00
     0     3      698.00      531.00        0.00
     0     3      692.00      527.00        0.00
     0     3      688.00      523.00        0.00
     0     3      682.00      517.00        0.00
     0     3      676.00      515.00        0.00
     0     3      670.00      511.00        0.00
     0     3      666.00      507.00        0.00
     0     3      662.00      501.00        0.00
     0     3      658.00      493.00        0.00
     0     3      656.00      485.00        0.00
     0     3      656.00      479.00        0.00
     0     3      654.00      471.00        0.00
     0     3      654.00      465.00        0.00
     0     3      654.00      459.00        0.00
     0     3      654.00      451.00        0.00
     0     3      654.00      445.00        0.00
     0     3      652.00      439.00        0.00
     0     3      652.00      431.00        0.00
     0     3      652.00      425.00        0.00
     0     3      652.00      419.00        0.00
     0     3      652.00      413.00        0.00
     0     3      652.00      405.00        0.00
     0     3      654.00      397.00        0.00
     0     3      654.00      391.00        0.00
     0     3      656.00      385.00        0.00
     0     3      656.00      379.00        0.00
     0     3      658.00      373.00        0.00
     0     3      658.00      367.00        0.00
     0     3      660.00      361.00        0.00
     0     3      660.00      355.00        0.00
     0     3      664.00      351.00        0.00
     0     3      670.00      349.00        0.00
     0     3      676.00      351.00        0.00
     0     3      682.00      353.00        0.00
     0     3      688.00      355.00        0.00
     0     3      692.00      359.00        0.00
     0     3      698.00      361.00        0.00
     0     3      702.00      365.00        0.00
     0     3      708.00      369.00        0.00
     0     3      714.00      373.00        0.00
     0     3      718.00      377.00        0.00
     0     3      722.00      381.00        0.00
     0     3      726.00      385.00        0.00
     0     3      726.00      391.00        0.00
     0     3      730.00      395.00        0.00
     0     3      730.00      401.00        0.00
     0     4      796.00      415.00        0.00
     0     4      776.00      409.00        0.00
     0     4      770.00      405.00        0.00
     0     4      762.00      403.00        0.00
     0     4      756.00      399.00        0.00
     0     4      750.00      395.00        0.00
     0     4      746.00      391.00        0.00
     0     4      738.00      389.00        0.00
     0     4      732.00      385.00        0.00
     0     4      728.00      381.00        0.00
     0     4      722.00      377.00        0.00
     0     4      718.00      373.00        0.00
     0     4      712.00      369.00        0.00
     0     4      708.00      365.00        0.00
     0     4      704.00      361.00        0.00
     0     4      698.00      357.00        0.00
     0     4      694.00      353.00        0.00
     0     4      688.00      349.00        0.00
     0     4      682.00      345.00        0.00
     0     4      676.00      341.00        0.00
     0     4      670.00      337.00        0.00
     0     4      664.00      333.00        0.00
     0     4      660.00      327.00        0.00
     0     4      656.00      323.00        0.00
     0     4      650.00      319.00        0.00
     0     4      644.00      313.00        0.00
     0     4      638.00      309.00        0.00
     0     4      634.00      305.00        0.00
     0     4      626.00      299.00        0.00
     0     4      618.00      295.00        0.00
     0     4      614.00      291.00        0.00
     0     4      608.00      289.00        0.00
     0     4      604.00      285.00        0.00
     0     4      600.00      281.00        0.00
     0     4      592.00      279.00        0.00
     0     4      586.00      275.00        0.00
     0     4      580.00      275.00        0.00
     0     4      574.00      273.00        0.00
     0     4      568.00      271.00        0.00
     0     4      562.00      269.00        0.00
     0     4      554.00      269.00        0.00
     0     4      548.00      267.00        0.00
     0     4      540.00      265.00        0.00
     0     4      534.00      263.00        0.00
     0     4      528.00      261.00        0.00
     0     4      522.00      259.00        0.00
     0     4      530.00      255.00        0.00
     0     4      536.00      253.00        0.00
     0     4      542.00      253.00        0.00
     0     4      550.00      251.00        0.00
     0     4      556.00      249.00        0.00
     0     4      564.00      247.00        0.00
     0     4      570.00      245.00        0.00
     0     4      578.00      245.00        0.00
     0     4      584.00      245.00        0.00
     0     4      590.00      245.00        0.00
     0     4      596.00      245.00        0.00
     0     4      602.00      245.00        0.00
     0     4      608.00      245.00        0.00
     0     4      616.00      245.00        0.00
     0     4      622.00      245.00        0.00
     0     4      630.00      245.00        0.00
     0     4      640.00      245.00        0.00
     0     4      646.00      245.00        0.00
     0     4      652.00      245.00        0.00
     0     4      658.00      245.00        0.00
     0     4      664.00      245.00        0.00
     0     4      672.00      245.00        0.00
     0     4      680.00      249.00        0.00
     0     4      688.00      251.00        0.00
     0     4      694.00      255.00        0.00
     0     4      700.00      257.00        0.00
     0     4      704.00      261.00        0.00
     0     4      710.00      267.00        0.00
     0     4      714.00      271.00        0.00
     0     4      718.00      275.00        0.00
     0     4      722.00      279.00        0.00
     0     4      728.00      283.00        0.00
     0     4      732.00      289.00        0.00
     0     4      738.00      295.00        0.00
     0     4      742.00      299.00        0.00
     0     4      746.00      303.00        0.00
     0     4      750.00      307.00        0.00
     0     4      754.00      311.00        0.00
     0     4      760.00      315.00        0.00
     0     4      764.00      323.00        0.00
     0     4      770.00      327.00        0.00
     0     4      776.00      331.00        0.00
     0     4      780.00      335.00        0.00
     0     4      788.00      341.00        0.00
     0     4      794.00      345.00        0.00
     0     4      800.00      349.00        0.00
     0     4      806.00      353.00        0.00
     0     4      810.00      357.00        0.00
     0     4      814.00      361.00        0.00
     0     4      818.00      367.00        0.00
     0     4      822.00      373.00        0.00
     0     4      824.00      379.00        0.00
     0     4      824.00      385.00        0.00
     0     4      822.00      391.00        0.00
     0     5     1092.00      427.00        0.00
     0     5     1056.00      421.00        0.00
     0     5     1036.00      413.00        0.00
     0     5     1030.00      409.00        0.00
     0     5     1024.00      405.00        0.00
     0     5     1018.00      403.00        0.00
     0     5     1012.00      397.00        0.00
     0     5     1006.00      395.00        0.00
     0     5     1000.00      391.00        0.00
     0     5      994.00      387.00        0.00
     0     5      988.00      385.00        0.00
     0     5      980.00      381.00        0.00
     0     5      972.00      377.00        0.00
     0     5      964.00      375.00        0.00
     0     5      956.00      373.00        0.00
     0     5      950.00      371.00        0.00
     0     5      944.00      369.00        0.00
     0     5      938.00      363.00        0.00
     0     5      934.00      359.00        0.00
     0     5      930.00      353.00        0.00
     0     5      928.00      345.00        0.00
     0     5      928.00      339.00        0.00
     0     5      926.00      331.00        0.00
     0     5      926.00      323.00        0.00
     0     5      926.00      315.00        0.00
     0     5      928.00      307.00        0.00
     0     5      928.00      301.00        0.00
     0     5      930.00      295.00        0.00
     0     5      934.00      291.00        0.00
     0     5      938.00      285.00        0.00
     0     5      944.00      285.00        0.00
     0     5      950.00      285.00        0.00
     0     5      958.00      285.00        0.00
     0     5      964.00      285.00        0.00
     0     5      970.00      287.00        0.00
     0     5      976.00      289.00        0.00
     0     5      982.00      289.00        0.00
     0     5      988.00      291.00        0.00
     0     5      994.00      293.00        0.00
     0     5     1000.00      295.00        0.00
     0     5     1006.00      299.00        0.00
     0     5     1012.00      301.00        0.00
     0     5     1018.00      305.00        0.00
     0     5     1026.00      307.00        0.00
     0     5     1030.00      311.00        0.00
     0     5     1036.00      313.00        0.00
     0     5     1042.00      317.00        0.00
     0     5     1048.00      319.00        0.00
     0     5     1052.00      323.00        0.00
     0     5     1058.00      327.00        0.00
     0     5     1062.00      331.00        0.00
     0     5     1066.00      337.00        0.00
     0     5     1068.00      343.00        0.00
     0     5     1070.00      349.00        0.00
     0     5     1074.00      355.00        0.00
     0     5     1076.00      361.00        0.00
     0     5     1080.00      369.00        0.00
     0     5     1082.00      375.00        0.00
     0     5     1086.00      379.00        0.00
     0     5     1088.00      385.00        0.00
     0     5     1092.00      389.00        0.00
     0     5     1096.00      395.00        0.00
     0     5     1098.00      401.00        0.00
     0     5     1102.00      405.00        0.00
     0     5     1106.00      411.00        0.00
     0     6     1130.00      353.00        0.00
     0     6     1112.00      341.00        0.00
     0     6     1106.00      337.00        0.00
     0     6     1100.00      335.00        0.00
     0     6     1094.00      331.00        0.00
     0     6     1086.00      327.00        0.00
     0     6     1080.00      323.00        0.00
     0     6     1074.00      321.00        0.00
     0     6     1068.00      319.00        0.00
     0     6     1062.00      315.00        0.00
     0     6     1054.00      313.00        0.00
     0     6     1048.00      311.00        0.00
     0     6     1042.00      309.00        0.00
     0     6     1034.00      305.00        0.00
     0     6     1028.00      303.00        0.00
     0     6     1024.00      299.00        0.00
     0     6     1018.00      295.00        0.00
     0     6     1014.00      291.00        0.00
     0     6     1010.00      287.00        0.00
     0     6     1006.00      281.00        0.00
     0     6     1002.00      277.00        0.00
     0     6      996.00      271.00        0.00
     0     6      994.00      265.00        0.00
     0     6      990.00      261.00        0.00
     0     6      992.00      255.00        0.00
     0     6      998.00      253.00        0.00
     0     6     1004.00      251.00        0.00
     0     6     1010.00      251.00        0.00
     0     6     1018.00      249.00        0.00
     0     6     1026.00      243.00        0.00
     0     6     1032.00      239.00        0.00
     0     6     1040.00      237.00        0.00
     0     6     1046.00      237.00        0.00
     0     6     1052.00      235.00        0.00
     0     6     1056.00      231.00        0.00
     0     6     1062.00      229.00        0.00
     0     6     1066.00      225.00        0.00
     0     6     1072.00      221.00        0.00
     0     6     1078.00      217.00        0.00
     0     6     1084.00      211.00        0.00
     0     6     1096.00      207.00        0.00
     0     6     1102.00      203.00        0.00
     0     6     1108.00      199.00        0.00
     0     6     1116.00      197.00        0.00
     0     6     1124.00      195.00        0.00
     0     6     1132.00      191.00        0.00
     0     6     1138.00      189.00        0.00
     0     6     1144.00      185.00        0.00
     0     6     1150.00      179.00        0.00
     0     6     1152.00      173.00        0.00
     0     6     1156.00      169.00        0.00
     0     6     1158.00      163.00        0.00
     0     6     1160.00      157.00        0.00
     0     6     1162.00      149.00        0.00
     0     6     1162.00      143.00        0.00
     0     6     1164.00      137.00        0.00
     0     6     1164.00      131.00        0.00
     0     6     1164.00      125.00        0.00
     0     6     1166.00      119.00        0.00
     0     6     1168.00      113.00        0.00
     0     6     1168.00      105.00        0.00
     0     6     1172.00       97.00        0.00
     0     6     1176.00       91.00        0.00
     0     6     1178.00       85.00        0.00
     0     6     1182.00       77.00        0.00
     0     6     1184.00       71.00        0.00
     0     6     1186.00       63.00        0.00
     0     6     1188.00       55.00        0.00
     0     6     1192.00       49.00        0.00
     0     6     1196.00       43.00        0.00
     0     6     1202.00       43.00        0.00
     0     6     1204.00       49.00        0.00
     0     6     1206.00       57.00        0.00
     0     6     1206.00       63.00        0.00
     0     6     1206.00       69.00        0.00
     0     6     1206.00       75.00        0.00
     0     6     1206.00       81.00        0.00
     0     6     1204.00       87.00        0.00
     0     6     1202.00       93.00        0.00
     0     6     1198.00      101.00        0.00
     0     6     1196.00      109.00        0.00
     0     6     1194.00      117.00        0.00
     0     6     1192.00      123.00        0.00
     0     6     1192.00      131.00        0.00
     0     6     1190.00      137.00        0.00
     0     6     1188.00      143.00        0.00
     0     6     1188.00      149.00        0.00
     0     6     1186.00      155.00        0.00
     0     6     1184.00      163.00        0.00
     0     6     1182.00      169.00        0.00
     0     6     1182.00      175.00        0.00
     0     6     1180.00      183.00        0.00
     0     6     1180.00      189.00        0.00
     0     6     1178.00      197.00        0.00
     0     6     1178.00      203.00        0.00
     0     6     1176.00      209.00        0.00
     0     6     1176.00      215.00        0.00
     0     6     1176.00      221.00        0.00
     0     6     1176.00      227.00        0.00
     0     6     1178.00      233.00        0.00
     0     6     1178.00      239.00        0.00
     0     6     1178.00      245.00        0.00
     0     6     1180.00      251.00        0.00
     0     6     1182.00      257.00        0.00
     0     6     1182.00      265.00        0.00
     0     6     1182.00      271.00        0.00
     0     6     1182.00      277.00        0.00
     0     6     1180.00      283.00        0.00
     0     6     1180.00      289.00        0.00
     0     6     1176.00      295.00        0.00
     0     6     1174.00      301.00        0.00
     0     6     1172.00      307.00        0.00
     0     6     1172.00      313.00        0.00
     0     6     1170.00      319.00        0.00
     0     6     1168.00      325.00        0.00
     0     6     1164.00      331.00        0.00
     0     6     1162.00      337.00        0.00
     0     6     1158.00      341.00        0.00
     0     7     1400.00      661.00        0.00
     0     7     1392.00      661.00        0.00
     0     7     1386.00      661.00        0.00
     0     7     1380.00      661.00        0.00
     0     7     1374.00      661.00        0.00
     0     7     1368.00      661.00        0.00
     0     7     1362.00      661.00        0.00
     0     7     1356.00      663.00        0.00
     0     7     1348.00      665.00        0.00
     0     7     1342.00      667.00        0.00
     0     7     1336.00      669.00        0.00
     0     7     1330.00      673.00        0.00
     0     7     1324.00      675.00        0.00
     0     7     1316.00      677.00        0.00
     0     7     1310.00      677.00        0.00
     0     7     1304.00      677.00        0.00
     0     7     1296.00      675.00        0.00
     0     7     1290.00      671.00        0.00
     0     7     1284.00      669.00        0.00
     0     7     1278.00      667.00        0.00
     0     7     1272.00      663.00        0.00
     0     7     1264.00      659.00        0.00
     0     7     1256.00      655.00        0.00
     0     7     1252.00      651.00        0.00
     0     7     1246.00      647.00        0.00
     0     7     1240.00      645.00        0.00
     0     7     1234.00      641.00        0.00
     0     7     1228.00      637.00        0.00
     0     7     1220.00      635.00        0.00
     0     7     1214.00      635.00        0.00
     0     7     1206.00      635.00        0.00
     0     7     1200.00      635.00        0.00
     0     7     1190.00      635.00        0.00
     0     7     1184.00      633.00        0.00
     0     7     1174.00      633.00        0.00
     0     7     1168.00      633.00        0.00
     0     7     1160.00      633.00        0.00
     0     7     1148.00      633.00        0.00
     0     7     1138.00      633.00        0.00
     0     7     1130.00      633.00        0.00
     0     7     1116.00      635.00        0.00
     0     7     1104.00      635.00        0.00
     0     7     1092.00      637.00        0.00
     0     7     1080.00      637.00        0.00
     0     7     1072.00      637.00        0.00
     0     7     1062.00      641.00        0.00
     0     7     1052.00      641.00        0.00
     0     7     1044.00      643.00        0.00
     0     7     1038.00      643.00        0.00
     0     7     1046.00      643.00        0.00
     0     7     1056.00      643.00        0.00
     0     7     1066.00      643.00        0.00
     0     7     1076.00      643.00        0.00
     0     7     1084.00      641.00        0.00
     0     7     1094.00      639.00        0.00
     0     7     1102.00      639.00        0.00
     0     7     1110.00      639.00        0.00
     0     7     1116.00      637.00        0.00
     0     7     1124.00      635.00        0.00
     0     7     1134.00      635.00        0.00
     0     7     1142.00      633.00        0.00
     0     7     1148.00      631.00        0.00
     0     7     1154.00      631.00        0.00
     0     7     1162.00      629.00        0.00
     0     7     1168.00      629.00        0.00
     0     7     1174.00      627.00        0.00
     0     7     1180.00      627.00        0.00
     0     7     1186.00      625.00        0.00
     0     7     1192.00      625.00        0.00
     0     7     1198.00      623.00        0.00
     0     7     1204.00      623.00        0.00
     0     7     1208.00      619.00        0.00
     0     7     1214.00      617.00        0.00
     0     7     1220.00      615.00        0.00
     0     7     1226.00      611.00        0.00
     0     7     1232.00      609.00        0.00
     0     7     1238.00      605.00        0.00
     0     7     1242.00      599.00        0.00
     0     7     1248.00      595.00        0.00
     0     7     1252.00      589.00        0.00
     0     7     1256.00      583.00        0.00
     0     7     1258.00      577.00        0.00
     0     7     1260.00      571.00        0.00
     0     7     1262.00      565.00        0.00
     0     7     1266.00      561.00        0.00
     0     7     1270.00      557.00        0.00
     0     7     1274.00      553.00        0.00
     0     7     1278.00      545.00        0.00
     0     7     1282.00      541.00        0.00
     0     7     1286.00      535.00        0.00
     0     7     1290.00      531.00        0.00
     0     7     1298.00      527.00        0.00
     0     7     1304.00      523.00        0.00
     0     7     1312.00      519.00        0.00
     0     7     1316.00      515.00        0.00
     0     7     1324.00      511.00        0.00
     0     7     1330.00      509.00        0.00
     0     7     1338.00      505.00        0.00
     0     7     1344.00      501.00        0.00
     0     7     1350.00      499.00        0.00
     0     7     1356.00      495.00        0.00
     0     7     1364.00      493.00        0.00
     0     7     1370.00      491.00        0.00
     0     7     1378.00      491.00        0.00
     0     7     1384.00      491.00        0.00
     0     7     1390.00      491.00        0.00
     0     7     1396.00      493.00        0.00
     0     7     1402.00      497.00        0.00
     0     7     1404.00      503.00        0.00
     0     7     1406.00      513.00        0.00
     0     7     1408.00      519.00        0.00
     0     7     1408.00      525.00        0.00
     0     7     1408.00      531.00        0.00
     0     7     1408.00      539.00        0.00
     0     7     1408.00      545.00        0.00
     0     7     1408.00      551.00        0.00
     0     7     1410.00      557.00        0.00
     0     7     1410.00      563.00        0.00
     0     7     1410.00      569.00        0.00
     0     7     1410.00      575.00        0.00
     0     7     1408.00      581.00        0.00
     0     7     1408.00      589.00        0.00
     0     7     1408.00      595.00        0.00
     0     7     1408.00      603.00        0.00
     0     7     1410.00      609.00        0.00
     0     7     1410.00      615.00        0.00
     0     7     1410.00      621.00        0.00
     0     8     1536.00      741.00        0.00
     0     8     1516.00      739.00        0.00
     0     8     1510.00      737.00        0.00
     0     8     1504.00      733.00        0.00
     0     8     1500.00      729.00        0.00
     0     8     1496.00      725.00        0.00
     0     8     1492.00      719.00        0.00
     0     8     1488.00      713.00        0.00
     0     8     1484.00      709.00        0.00
     0     8     1478.00      703.00        0.00
     0     8     1474.00      697.00        0.00
     0     8     1470.00      693.00        0.00
     0     8     1466.00      685.00        0.00
     0     8     1462.00      681.00        0.00
     0     8     1460.00      673.00        0.00
     0     8     1456.00      667.00        0.00
     0     8     1454.00      661.00        0.00
     0     8     1450.00      655.00        0.00
     0     8     1448.00      649.00        0.00
     0     8     1446.00      643.00        0.00
     0     8     1444.00      637.00        0.00
     0     8     1442.00      631.00        0.00
     0     8     1440.00      625.00        0.00
     0     8     1438.00      619.00        0.00
     0     8     1438.00      611.00        0.00
     0     8     1442.00      603.00        0.00
     0     8     1446.00      599.00        0.00
     0     8     1450.00      595.00        0.00
     0     8     1454.00      591.00        0.00
     0     8     1458.00      587.00        0.00
     0     8     1464.00      583.00        0.00
     0     8     1470.00      579.00        0.00
     0     8     1476.00      575.00        0.00
     0     8     1482.00      571.00        0.00
     0     8     1490.00      567.00        0.00
     0     8     1496.00      565.00        0.00
     0     8     1502.00      561.00        0.00
     0     8     1508.00      557.00        0.00
     0     8     1516.00      555.00        0.00
     0     8     1524.00      553.00        0.00
     0     8     1530.00      553.00        0.00
     0     8     1540.00      549.00        0.00
     0     8     1548.00      549.00        0.00
     0     8     1554.00      549.00        0.00
     0     8     1560.00      549.00        0.00
     0     8     1568.00      549.00        0.00
     0     8     1574.00      551.00        0.00
     0     8     1580.00      555.00        0.00
     0     8     1586.00      557.00        0.00
     0     8     1594.00      563.00        0.00
     0     8     1600.00      567.00        0.00
     0     8     1606.00      573.00        0.00
     0     8     1612.00      577.00        0.00
     0     8     1618.00      581.00        0.00
     0     8     1622.00      587.00        0.00
     0     8     1626.00      595.00        0.00
     0     8     1630.00      601.00        0.00
     0     8     1632.00      607.00        0.00
     0     8     1634.00      613.00        0.00
     0     8     1636.00      619.00        0.00
     0     8     1638.00      627.00        0.00
     0     8     1638.00      633.00        0.00
     0     8     1638.00      641.00        0.00
     0     8     1640.00      647.00        0.00
     0     8     1642.00      653.00        0.00
     0     8     1644.00      659.00        0.00
     0     8     1646.00      667.00        0.00
     0     8     1648.00      673.00        0.00
     0     8     1648.00      679.00        0.00
     0     8     1650.00      685.00        0.00
     0     8     1650.00      695.00        0.00
     0     8     1650.00      703.00        0.00
     0     8     1648.00      709.00        0.00
     0     8     1646.00      715.00        0.00
     0     8     1642.00      719.00        0.00
     0     8     1640.00      725.00        0.00
     0     8     1634.00      729.00        0.00
     0     8     1630.00      733.00        0.00
     0     8     1624.00      735.00        0.00
     0     8     1616.00      737.00        0.00
     0     8     1610.00      737.00        0.00
     0     9     1540.00      483.00        0.00
     0     9     1544.00      517.00        0.00
     0     9     1544.00      525.00        0.00
     0     9     1544.00      531.00        0.00
     0     9     1542.00      537.00        0.00
     0     9     1536.00      539.00        0.00
     0     9     1530.00      539.00        0.00
     0     9     1524.00      539.00        0.00
     0     9     1518.00      537.00        0.00
     0     9     1512.00      541.00        0.00
     0     9     1508.00      547.00        0.00
     0     9     1502.00      549.00        0.00
     0     9     1496.00      549.00        0.00
     0     9     1490.00      551.00        0.00
     0     9     1484.00      553.00        0.00
     0     9     1476.00      557.00        0.00
     0     9     1470.00      557.00        0.00
     0     9     1464.00      557.00        0.00
     0     9     1460.00      551.00        0.00
     0     9     1460.00      543.00        0.00
     0     9     1460.00      537.00        0.00
     0     9     1458.00      531.00        0.00
     0     9     1458.00      525.00        0.00
     0     9     1456.00      519.00        0.00
     0     9     1456.00      511.00        0.00
     0     9     1460.00      507.00        0.00
     0     9     1464.00      501.00        0.00
     0     9     1468.00      495.00        0.00
     0     9     1472.00      487.00        0.00
     0     9     1476.00      483.00        0.00
     0     9     1480.00      477.00        0.00
     0     9     1484.00      471.00        0.00
     0     9     1488.00      463.00        0.00
     0     9     1492.00      455.00        0.00
     0     9     1494.00      449.00        0.00
     0     9     1496.00      443.00        0.00
     0     9     1498.00      437.00        0.00
     0     9     1502.00      427.00        0.00
     0     9     1506.00      421.00        0.00
     0     9     1508.00      413.00        0.00
     0     9     1510.00      407.00        0.00
     0     9     1512.00      399.00        0.00
     0     9     1512.00      393.00        0.00
     0     9     1514.00      385.00        0.00
     0     9     1516.00      379.00        0.00
     0     9     1520.00      371.00        0.00
     0     9     1522.00      365.00        0.00
     0     9     1526.00      359.00        0.00
     0     9     1528.00      353.00        0.00
     0     9     1532.00      345.00        0.00
     0     9     1536.00      341.00        0.00
     0     9     1540.00      337.00        0.00
     0     9     1544.00      333.00        0.00
     0     9     1548.00      327.00        0.00
     0     9     1554.00      323.00        0.00
     0     9     1560.00      321.00        0.00
     0     9     1564.00      317.00        0.00
     0     9     1568.00      313.00        0.00
     0     9     1572.00      309.00        0.00
     0     9     1576.00      305.00        0.00
     0     9     1580.00      301.00        0.00
     0     9     1584.00      297.00        0.00
     0     9     1590.00      297.00        0.00
     0     9     1596.00      293.00        0.00
     0     9     1600.00      289.00        0.00
     0     9     1606.00      287.00        0.00
     0     9     1610.00      283.00        0.00
     0     9     1616.00      281.00        0.00
     0     9     1622.00      281.00        0.00
     0     9     1626.00      277.00        0.00
     0     9     1630.00      273.00        0.00
     0     9     1636.00      269.00        0.00
     0     9     1642.00      267.00        0.00
     0     9     1648.00      265.00        0.00
     0     9     1654.00      263.00        0.00
     0     9     1660.00      261.00        0.00
     0     9     1666.00      261.00        0.00
     0     9     1654.00      279.00        0.00
     0     9     1654.00      285.00        0.00
     0     9     1650.00      291.00        0.00
     0     9     1646.00      297.00        0.00
     0     9     1644.00      303.00        0.00
     0     9     1642.00      309.00        0.00
     0     9     1638.00      313.00        0.00
     0     9     1636.00      319.00        0.00
     0     9     1632.00      325.00        0.00
     0     9     1630.00      331.00        0.00
     0     9     1628.00      337.00        0.00
     0     9     1626.00      343.00        0.00
     0     9     1624.00      349.00        0.00
     0     9     1622.00      355.00        0.00
     0     9     1620.00      361.00        0.00
     0     9     1618.00      367.00        0.00
     0     9     1614.00      373.00        0.00
     0     9     1610.00      379.00        0.00
     0     9     1608.00      385.00        0.00
     0     9     1604.00      391.00        0.00
     0     9     1600.00      397.00        0.00
     0     9     1596.00      401.00        0.00
     0     9     1592.00      407.00        0.00
     0     9     1588.00      413.00        0.00
     0     9     1584.00      417.00        0.00
     0     9     1584.00      423.00        0.00
     0     9     1580.00      427.00        0.00
     0     9     1576.00      433.00        0.00
     0     9     1572.00      437.00        0.00
     0     9     1568.00      441.00        0.00
     0     9     1564.00      447.00        0.00
     0    10     1846.00      623.00        0.00
     0    10     1836.00      625.00        0.00
     0    10     1828.00      627.00        0.00
     0    10     1820.00      627.00        0.00
     0    10     1812.00      629.00        0.00
     0    10     1806.00      631.00        0.00
     0    10     1800.00      631.00        0.00
     0    10     1792.00      635.00        0.00
     0    10     1786.00      637.00        0.00
     0    10     1780.00      637.00        0.00
     0    10     1772.00      637.00        0.00
     0    10     1766.00      637.00        0.00
     0    10     1760.00      639.00        0.00
     0    10     1754.00      639.00        0.00
     0    10     1752.00      633.00        0.00
     0    10     1748.00      627.00        0.00
     0    10     1748.00      619.00        0.00
     0    10     1748.00      613.00        0.00
     0    10     1746.00      605.00        0.00
     0    10     1746.00      597.00        0.00
     0    10     1746.00      589.00        0.00
     0    10     1746.00      583.00        0.00
     0    10     1746.00      573.00        0.00
     0    10     1746.00      565.00        0.00
     0    10     1746.00      559.00        0.00
     0    10     1746.00      549.00        0.00
     0    10     1748.00      543.00        0.00
     0    10     1750.00      535.00        0.00
     0    10     1752.00      529.00        0.00
     0    10     1752.00      523.00        0.00
     0    10     1754.00      517.00        0.00
     0    10     1758.00      511.00        0.00
     0    10     1762.00      507.00        0.00
     0    10     1766.00      503.00        0.00
     0    10     1770.00      499.00        0.00
     0    10     1776.00      497.00        0.00
     0    10     1786.00      491.00        0.00
     0    10     1792.00      487.00        0.00
     0    10     1800.00      483.00        0.00
     0    10     1806.00      479.00        0.00
     0    10     1812.00      477.00        0.00
     0    10     1818.00      475.00        0.00
     0    10     1826.00      473.00        0.00
     0    10     1834.00      473.00        0.00
     0    10     1842.00      471.00        0.00
     0    10     1848.00      471.00        0.00
     0    10     1854.00      471.00        0.00
     0    10     1860.00      471.00        0.00
     0    10     1866.00      473.00        0.00
     0    10     1870.00      477.00        0.00
     0    10     1876.00      479.00        0.00
     0    10     1880.00      483.00        0.00
     0    10     1884.00      489.00        0.00
     0    10     1888.00      493.00        0.00
     0    10     1892.00      499.00        0.00
     0    10     1896.00      505.00        0.00
     0    10     1900.00      511.00        0.00
     0    10     1902.00      517.00        0.00
     0    10     1904.00      523.00        0.00
     0    10     1906.00      531.00        0.00
     0    10     1908.00      537.00        0.00
     0    10     1908.00      545.00        0.00
     0    10     1908.00      551.00        0.00
     0    10     1908.00      557.00        0.00
     0    10     1908.00      563.00        0.00
     0    10     1910.00      569.00        0.00
     0    10     1910.00      575.00        0.00
     0    10     1912.00      581.00        0.00
     0    10     1916.00      587.00        0.00
     0    10     1918.00      593.00        0.00
     0    10     1922.00      601.00        0.00
     0    10     1924.00      607.00        0.00
     0    10     1926.00      613.00        0.00
     0    10     1930.00      617.00        0.00
     0    10     1932.00      623.00        0.00
     0    10     1932.00      629.00        0.00
     0    10     1928.00      633.00        0.00
     0    10     1922.00      633.00        0.00
     0    10     1916.00      629.00        0.00
     0    10     1910.00      627.00        0.00
     0    10     1904.00      623.00        0.00
     0    10     1896.00      621.00        0.00
     0    10     1890.00      619.00        0.00
     0    10     1884.00      619.00        0.00
     0    11     1872.00      437.00        0.00
     0    11     1854.00      453.00        0.00
     0    11     1846.00      459.00        0.00
     0    11     1840.00      463.00        0.00
     0    11     1834.00      465.00        0.00
     0    11     1828.00      467.00        0.00
     0    11     1822.00      469.00        0.00
     0    11     1816.00      471.00        0.00
     0    11     1810.00      475.00        0.00
     0    11     1804.00      477.00        0.00
     0    11     1800.00      481.00        0.00
     0    11     1794.00      483.00        0.00
     0    11     1788.00      487.00        0.00
     0    11     1782.00      489.00        0.00
     0    11     1776.00      493.00        0.00
     0    11     1770.00      495.00        0.00
     0    11     1766.00      499.00        0.00
     0    11     1760.00      501.00        0.00
     0    11     1754.00      503.00        0.00
     0    11     1746.00      507.00        0.00
     0    11     1740.00      509.00        0.00
     0    11     1736.00      513.00        0.00
     0    11     1730.00      517.00        0.00
     0    11     1724.00      521.00        0.00
     0    11     1720.00      525.00        0.00
     0    11     1714.00      529.00        0.00
     0    11     1708.00      533.00        0.00
     0    11     1704.00      539.00        0.00
     0    11     1700.00      545.00        0.00
     0    11     1696.00      549.00        0.00
     0    11     1694.00      555.00        0.00
     0    11     1690.00      559.00        0.00
     0    11     1686.00      563.00        0.00
     0    11     1682.00      567.00        0.00
     0    11     1678.00      571.00        0.00
     0    11     1672.00      573.00        0.00
     0    11     1666.00      571.00        0.00
     0    11     1664.00      563.00        0.00
     0    11     1664.00      555.00        0.00
     0    11     1664.00      547.00        0.00
     0    11     1666.00      539.00        0.00
     0    11     1668.00      531.00        0.00
     0    11     1672.00      525.00        0.00
     0    11     1674.00      517.00        0.00
     0    11     1678.00      511.00        0.00
     0    11     1684.00      503.00        0.00
     0    11     1688.00      497.00        0.00
     0    11     1694.00      495.00        0.00
     0    11     1700.00      491.00        0.00
     0    11     1704.00      487.00        0.00
     0    11     1712.00      485.00        0.00
     0    11     1718.00      481.00        0.00
     0    11     1724.00      479.00        0.00
     0    11     1730.00      475.00        0.00
     0    11     1736.00      471.00        0.00
     0    11     1740.00      467.00        0.00
     0    11     1746.00      465.00        0.00
     0    11     1752.00      461.00        0.00
     0    11     1758.00      457.00        0.00
     0    11     1762.00      453.00        0.00
     0    11     1768.00      449.00        0.00
     0    11     1774.00      447.00        0.00
     0    11     1780.00      443.00        0.00
     0    11     1784.00      439.00        0.00
     0    11     1790.00      435.00        0.00
     0    11     1796.00      431.00        0.00
     0    11     1802.00      427.00        0.00
     0    11     1808.00      425.00        0.00
     0    11     1814.00      423.00        0.00
     0    11     1820.00      419.00        0.00
     0    11     1828.00      415.00        0.00
     0    11     1834.00      413.00        0.00
     0    11     1840.00      411.00        0.00
     0    11     1846.00      407.00        0.00
     0    11     1854.00      403.00        0.00
     0    11     1860.00      401.00        0.00
     0    11     1868.00      397.00        0.00
     0    11     1874.00      393.00        0.00
     0    11     1878.00      389.00        0.00
     0    11     1882.00      383.00        0.00
     0    11     1886.00      379.00        0.00
     0    11     1890.00      375.00        0.00
     0    11     1894.00      371.00        0.00
     0    11     1900.00      367.00        0.00
     0    11     1906.00      365.00        0.00
     0    11     1910.00      361.00        0.00
     0    11     1916.00      361.00        0.00
     0    11     1922.00      359.00        0.00
     0    11     1928.00      359.00        0.00
     0    11     1934.00      359.00        0.00
     0    11     1938.00      363.00        0.00
     0    11     1940.00      369.00        0.00
     0    11     1940.00      377.00        0.00
     0    11     1940.00      383.00        0.00
     0    11     1936.00      389.00        0.00
     0    11     1932.00      393.00        0.00
     0    11     1928.00      397.00        0.00
     0    11     1924.00      401.00        0.00
     0    11     1920.00      405.00        0.00
     0    11     1914.00      409.00        0.00
     0    11     1908.00      411.00        0.00
     0    12     1646.00      253.00        0.00
     0    12     1640.00      257.00        0.00
     0    12     1634.00      261.00        0.00
     0    12     1628.00      265.00        0.00
     0    12     1622.00      269.00        0.00
     0    12     1618.00      273.00        0.00
     0    12     1612.00      275.00        0.00
     0    12     1606.00      277.00        0.00
     0    12     1602.00      281.00        0.00
     0    12     1596.00      281.00        0.00
     0    12     1590.00      283.00        0.00
     0    12     1590.00      277.00        0.00
     0    12     1590.00      271.00        0.00
     0    12     1590.00      265.00        0.00
     0    12     1590.00      259.00        0.00
     0    12     1590.00      253.00        0.00
     0    12     1590.00      247.00        0.00
     0    12     1590.00      241.00        0.00
     0    12     1592.00      235.00        0.00
     0    12     1592.00      229.00        0.00
     0    12     1594.00      223.00        0.00
     0    12     1596.00      217.00        0.00
     0    12     1600.00      213.00        0.00
     0    12     1602.00      207.00        0.00
     0    12     1606.00      201.00        0.00
     0    12     1608.00      195.00        0.00
     0    12     1612.00      191.00        0.00
     0    12     1616.00      187.00        0.00
     0    12     1620.00      183.00        0.00
     0    12     1624.00      179.00        0.00
     0    12     1628.00      173.00        0.00
     0    12     1632.00      169.00        0.00
     0    12     1638.00      165.00        0.00
     0    12     1644.00      161.00        0.00
     0    12     1652.00      157.00        0.00
     0    12     1658.00      155.00        0.00
     0    12     1664.00      153.00        0.00
     0    12     1668.00      149.00        0.00
     0    12     1672.00      145.00        0.00
     0    12     1678.00      143.00        0.00
     0    12     1684.00      139.00        0.00
     0    12     1690.00      137.00        0.00
     0    12     1696.00      137.00        0.00
     0    12     1702.00      139.00        0.00
     0    12     1708.00      143.00        0.00
     0    12     1712.00      149.00        0.00
     0    12     1716.00      153.00        0.00
     0    12     1720.00      161.00        0.00
     0    12     1720.00      167.00        0.00
     0    12     1722.00      175.00        0.00
     0    12     1722.00      181.00        0.00
     0    12     1722.00      187.00        0.00
     0    12     1724.00      193.00        0.00
     0    12     1724.00      199.00        0.00
     0    12     1724.00      205.00        0.00
     0    12     1722.00      211.00        0.00
     0    12     1720.00      217.00        0.00
     0    13     1552.00      301.00        0.00
     0    13     1540.00      307.00        0.00
     0    13     1534.00      309.00        0.00
     0    13     1528.00      309.00        0.00
     0    13     1522.00      309.00        0.00
     0    13     1516.00      309.00        0.00
     0    13     1510.00      307.00        0.00
     0    13     1504.00      303.00        0.00
     0    13     1498.00      295.00        0.00
     0    13     1494.00      289.00        0.00
     0    13     1492.00      283.00        0.00
     0    13     1488.00      279.00        0.00
     0    13     1484.00      273.00        0.00
     0    13     1480.00      267.00        0.00
     0    13     1478.00      261.00        0.00
     0    13     1478.00      255.00        0.00
     0    13     1478.00      249.00        0.00
     0    13     1478.00      241.00        0.00
     0    13     1478.00      235.00        0.00
     0    13     1478.00      229.00        0.00
     0    13     1480.00      223.00        0.00
     0    13     1482.00      217.00        0.00
     0    13     1482.00      211.00        0.00
     0    13     1484.00      205.00        0.00
     0    13     1484.00      199.00        0.00
     0    13     1486.00      193.00        0.00
     0    13     1486.00      187.00        0.00
     0    13     1486.00      181.00        0.00
     0    13     1486.00      175.00        0.00
     0    13     1486.00      167.00        0.00
     0    13     1488.00      159.00        0.00
     0    13     1490.00      153.00        0.00
     0    13     1494.00      147.00        0.00
     0    13     1498.00      143.00        0.00
     0    13     1502.00      137.00        0.00
     0    13     1506.00      131.00        0.00
     0    13     1510.00      125.00        0.00
     0    13     1516.00      121.00        0.00
     0    13     1522.00      119.00        0.00
     0    13     1532.00      117.00        0.00
     0    13     1538.00      117.00        0.00
     0    13     1546.00      117.00        0.00
     0    13     1552.00      117.00        0.00
     0    13     1560.00      117.00        0.00
     0    13     1566.00      119.00        0.00
     0    13     1572.00      121.00        0.00
     0    13     1580.00      125.00        0.00
     0    13     1586.00      127.00        0.00
     0    13     1594.00      129.00        0.00
     0    13     1600.00      133.00        0.00
     0    13     1606.00      135.00        0.00
     0    13     1610.00      139.00        0.00
     0    13     1616.00      141.00        0.00
     0    13     1620.00      145.00        0.00
     0    13     1624.00      151.00        0.00
     0    13     1628.00      155.00        0.00
     0    13     1630.00      161.00        0.00
     0    13     1632.00      167.00        0.00
     0    13     1632.00      173.00        0.00
     0    13     1630.00      179.00        0.00
     0    13     1626.00      183.00        0.00
     0    13     1622.00      187.00        0.00
     0    13     1618.00      193.00        0.00
     0    13     1616.00      199.00        0.00
     0    13     1612.00      203.00        0.00
     0    13     1608.00      207.00        0.00
     0    13     1606.00      213.00        0.00
     0    13     1602.00      219.00        0.00
     0    13     1600.00      225.00        0.00
     0    13     1598.00      231.00        0.00
     0    13     1596.00      237.00        0.00
     0    13     1596.00      243.00        0.00
     0    13     1594.00      249.00        0.00
     0    13     1594.00      255.00        0.00
     0    13     1594.00      261.00        0.00
     0    13     1594.00      267.00        0.00
     0    14      426.00      625.00        0.00
     0    14      434.00      629.00        0.00
     0    14      440.00      631.00        0.00
     0    14      446.00      633.00        0.00
     0    14      452.00      633.00        0.00
     0    14      458.00      633.00        0.00
     0    14      464.00      635.00        0.00
     0    14      470.00      637.00        0.00
     0    14      476.00      639.00        0.00
     0    14      480.00      643.00        0.00
     0    14      484.00      647.00        0.00
     0    14      486.00      655.00        0.00
     0    14      488.00      661.00        0.00
     0    14      490.00      667.00        0.00
     0    14      492.00      673.00        0.00
     0    14      494.00      679.00        0.00
     0    14      496.00      685.00        0.00
     0    14      500.00      691.00        0.00
     0    14      502.00      697.00        0.00
     0    14      508.00      701.00        0.00
     0    14      510.00      707.00        0.00
     0    14      514.00      713.00        0.00
     0    14      518.00      719.00        0.00
     0    14      520.00      727.00        0.00
     0    14      520.00      733.00        0.00
     0    14      522.00      739.00        0.00
     0    14      522.00      745.00        0.00
     0    14      524.00      751.00        0.00
     0    14      524.00      757.00        0.00
     0    14      526.00      763.00        0.00
     0    14      526.00      769.00        0.00
     0    14      528.00      775.00        0.00
     0    14      528.00      781.00        0.00
     0    14      524.00      785.00        0.00
     0    14      518.00      785.00        0.00
     0    14      512.00      783.00        0.00
     0    14      506.00      781.00        0.00
     0    14      500.00      781.00        0.00
     0    14      494.00      779.00        0.00
     0    14      488.00      779.00        0.00
     0    14      480.00      777.00        0.00
     0    14      474.00      777.00        0.00
     0    14      468.00      777.00        0.00
     0    14      462.00      777.00        0.00
     0    14      456.00      777.00        0.00
     0    14      448.00      777.00        0.00
     0    14      442.00      781.00        0.00
     0    14      436.00      785.00        0.00
     0    14      430.00      787.00        0.00
     0    14      424.00      789.00        0.00
     0    14      418.00      791.00        0.00
     0    14      412.00      791.00        0.00
     0    14      406.00      791.00        0.00
     0    14      398.00      791.00        0.00
     0    14      392.00      789.00        0.00
     0    14      386.00      787.00        0.00
     0    14      384.00      781.00        0.00
     0    14      384.00      775.00        0.00
     0    14      384.00      767.00        0.00
     0    14      386.00      761.00        0.00
     0    14      388.00      755.00        0.00
     0    14      392.00      751.00        0.00
     0    14      394.00      745.00        0.00
     0    14      396.00      739.00        0.00
     0    14      396.00      733.00        0.00
     0    14      398.00      725.00        0.00
     0    14      398.00      717.00        0.00
     0    14      398.00      709.00        0.00
     0    14      400.00      703.00        0.00
     0    14      400.00      697.00        0.00
     0    14      402.00      689.00        0.00
     0    14      404.00      681.00        0.00
     0    14      406.00      675.00        0.00
     0    14      408.00      669.00        0.00
     0    14      408.00      663.00        0.00
     0    14      408.00      655.00        0.00
     0    14      408.00      649.00        0.00
     0    14      408.00      643.00        0.00
     0    14      408.00      637.00        0.00
     0    15      334.00      823.00        0.00
     0    15      330.00      827.00        0.00
     0    15      326.00      831.00        0.00
     0    15      320.00      833.00        0.00
     0    15      314.00      835.00        0.00
     0    15      308.00      835.00        0.00
     0    15      302.00      831.00        0.00
     0    15      296.00      829.00        0.00
     0    15      290.00      825.00        0.00
     0    15      286.00      821.00        0.00
     0    15      280.00      819.00        0.00
     0    15      276.00      815.00        0.00
     0    15      272.00      811.00        0.00
     0    15      268.00      805.00        0.00
     0    15      266.00      799.00        0.00
     0    15      264.00      793.00        0.00
     0    15      260.00      789.00        0.00
     0    15      256.00      785.00        0.00
     0    15      252.00      779.00        0.00
     0    15      248.00      775.00        0.00
     0    15      244.00      771.00        0.00
     0    15      240.00      765.00        0.00
     0    15      240.00      759.00        0.00
     0    15      244.00      753.00        0.00
     0    15      248.00      749.00        0.00
     0    15      256.00      745.00        0.00
     0    15      262.00      741.00        0.00
     0    15      268.00      737.00        0.00
     0    15      274.00      735.00        0.00
     0    15      278.00      731.00        0.00
     0    15      284.00      729.00        0.00
     0    15      288.00      723.00        0.00
     0    15      292.00      719.00        0.00
     0    15      298.00      715.00        0.00
     0    15      304.00      711.00        0.00
     0    15      308.00      707.00        0.00
     0    15      314.00      701.00        0.00
     0    15      318.00      697.00        0.00
     0    15      322.00      693.00        0.00
     0    15      326.00      687.00        0.00
     0    15      328.00      681.00        0.00
     0    15      332.00      675.00        0.00
     0    15      334.00      669.00        0.00
     0    15      338.00      661.00        0.00
     0    15      338.00      655.00        0.00
     0    15      342.00      649.00        0.00
     0    15      344.00      643.00        0.00
     0    15      348.00      639.00        0.00
     0    15      352.00      635.00        0.00
     0    15      358.00      635.00        0.00
     0    15      364.00      637.00        0.00
     0    15      370.00      641.00        0.00
     0    15      372.00      647.00        0.00
     0    15      374.00      653.00        0.00
     0    15      376.00      659.00        0.00
     0    15      380.00      663.00        0.00
     0    15      386.00      663.00        0.00
     0    15      392.00      663.00        0.00
     0    15      396.00      667.00        0.00
     0    15      398.00      673.00        0.00
     0    15      398.00      681.00        0.00
     0    15      398.00      687.00        0.00
     0    15      398.00      693.00        0.00
     0    15      398.00      699.00        0.00
     0    15      398.00      707.00        0.00
     0    15      396.00      715.00        0.00
     0    15      394.00      721.00        0.00
     0    15      392.00      727.00        0.00
     0    15      390.00      733.00        0.00
     0    15      388.00      739.00        0.00
     0    15      386.00      745.00        0.00
     0    15      382.00      751.00        0.00
     0    15      380.00      759.00        0.00
     0    15      376.00      765.00        0.00
     0    15      374.00      771.00        0.00
     0    16      710.00     1053.00        0.00
     0    16      704.00     1063.00        0.00
     0    16      704.00     1069.00        0.00
     0    16      700.00     1075.00        0.00
     0    16      700.00     1081.00        0.00
     0    16      696.00     1089.00        0.00
     0    16      694.00     1095.00        0.00
     0    16      694.00     1101.00        0.00
     0    16      692.00     1107.00        0.00
     0    16      692.00     1115.00        0.00
     0    16      692.00     1121.00        0.00
     0    16      692.00     1127.00        0.00
     0    16      692.00     1133.00        0.00
     0    16      692.00     1139.00        0.00
     0    16      692.00     1145.00        0.00
     0    16      694.00     1153.00        0.00
     0    16      694.00     1159.00        0.00
     0    16      694.00     1165.00        0.00
     0    16      696.00     1171.00        0.00
     0    16      696.00     1177.00        0.00
     0    16      698.00     1183.00        0.00
     0    16      698.00     1189.00        0.00
     0    16      698.00     1195.00        0.00
     0    16      696.00     1201.00        0.00
     0    16      696.00     1207.00        0.00
     0    16      694.00     1213.00        0.00
     0    16      690.00     1217.00        0.00
     0    16      684.00     1217.00        0.00
     0    16      678.00     1217.00        0.00
     0    16      672.00     1215.00        0.00
     0    16      666.00     1211.00        0.00
     0    16      662.00     1207.00        0.00
     0    16      656.00     1203.00        0.00
     0    16      652.00     1199.00        0.00
     0    16      648.00     1193.00        0.00
     0    16      642.00     1183.00        0.00
     0    16      638.00     1175.00        0.00
     0    16      636.00     1167.00        0.00
     0    16      634.00     1157.00        0.00
     0    16      632.00     1149.00        0.00
     0    16      632.00     1143.00        0.00
     0    16      630.00     1135.00        0.00
     0    16      628.00     1129.00        0.00
     0    16      626.00     1121.00        0.00
     0    16      624.00     1115.00        0.00
     0    16      622.00     1109.00        0.00
     0    16      616.00     1105.00        0.00
     0    16      612.00     1099.00        0.00
     0    16      608.00     1095.00        0.00
     0    16      604.00     1089.00        0.00
     0    16      600.00     1085.00        0.00
     0    16      598.00     1079.00        0.00
     0    16      598.00     1071.00        0.00
     0    16      598.00     1065.00        0.00
     0    16      598.00     1057.00        0.00
     0    16      598.00     1047.00        0.00
     0    16      598.00     1037.00        0.00
     0    16      598.00     1031.00        0.00
     0    16      600.00     1025.00        0.00
     0    16      600.00     1017.00        0.00
     0    16      602.00     1009.00        0.00
     0    16      602.00     1003.00        0.00
     0    16      604.00      997.00        0.00
     0    16      604.00      991.00        0.00
     0    16      606.00      985.00        0.00
     0    16      608.00      975.00        0.00
     0    16      608.00      969.00        0.00
     0    16      610.00      963.00        0.00
     0    16      612.00      957.00        0.00
     0    16      616.00      951.00        0.00
     0    16      622.00      947.00        0.00
     0    16      626.00      941.00        0.00
     0    16      632.00      935.00        0.00
     0    16      636.00      929.00        0.00
     0    16      640.00      923.00        0.00
     0    16      644.00      919.00        0.00
     0    16      648.00      913.00        0.00
     0    16      652.00      905.00        0.00
     0    16      658.00      899.00        0.00
     0    16      662.00      895.00        0.00
     0    16      666.00      891.00        0.00
     0    16      672.00      887.00        0.00
     0    16      676.00      883.00        0.00
     0    16      680.00      879.00        0.00
     0    16      686.00      875.00        0.00
     0    16      692.00      871.00        0.00
     0    16      700.00      869.00        0.00
     0    16      706.00      867.00        0.00
     0    16      712.00      867.00        0.00
     0    16      718.00      867.00        0.00
     0    16      726.00      869.00        0.00
     0    16      732.00      871.00        0.00
     0    16      738.00      875.00        0.00
     0    16      744.00      879.00        0.00
     0    16      748.00      885.00        0.00
     0    16      752.00      893.00        0.00
     0    16      752.00      899.00        0.00
     0    16      754.00      905.00        0.00
     0    16      754.00      911.00        0.00
     0    16      756.00      919.00        0.00
     0    16      756.00      927.00        0.00
     0    16      756.00      933.00        0.00
     0    16      754.00      941.00        0.00
     0    16      754.00      947.00        0.00
     0    16      750.00      951.00        0.00
     0    16      748.00      957.00        0.00
     0    16      746.00      963.00        0.00
     0    16      740.00      969.00        0.00
     0    16      738.00      975.00        0.00
     0    16      734.00      979.00        0.00
     0    16      730.00      985.00        0.00
     0    16      726.00      991.00        0.00
     0    16      722.00      995.00        0.00
     0    16      718.00      999.00        0.00
     0    17      872.00     1055.00        0.00
     0    17      856.00     1059.00        0.00
     0    17      850.00     1059.00        0.00
     0    17      844.00     1057.00        0.00
     0    17      838.00     1055.00        0.00
     0    17      830.00     1053.00        0.00
     0    17      824.00     1049.00        0.00
     0    17      820.00     1045.00        0.00
     0    17      814.00     1043.00        0.00
     0    17      808.00     1039.00        0.00
     0    17      802.00     1037.00        0.00
     0    17      796.00     1033.00        0.00
     0    17      792.00     1029.00        0.00
     0    17      786.00     1023.00        0.00
     0    17      782.00     1019.00        0.00
     0    17      780.00     1013.00        0.00
     0    17      778.00     1007.00        0.00
     0    17      778.00      999.00        0.00
     0    17      778.00      993.00        0.00
     0    17      778.00      987.00        0.00
     0    17      776.00      981.00        0.00
     0    17      774.00      973.00        0.00
     0    17      770.00      969.00        0.00
     0    17      768.00      963.00        0.00
     0    17      764.00      959.00        0.00
     0    17      762.00      953.00        0.00
     0    17      758.00      949.00        0.00
     0    17      754.00      943.00        0.00
     0    17      754.00      937.00        0.00
     0    17      758.00      933.00        0.00
     0    17      760.00      927.00        0.00
     0    17      762.00      921.00        0.00
     0    17      766.00      917.00        0.00
     0    17      770.00      913.00        0.00
     0    17      774.00      909.00        0.00
     0    17      780.00      907.00        0.00
     0    17      786.00      905.00        0.00
     0    17      794.00      905.00        0.00
     0    17      800.00      905.00        0.00
     0    17      808.00      903.00        0.00
     0    17      816.00      903.00        0.00
     0    17      822.00      903.00        0.00
     0    17      828.00      903.00        0.00
     0    17      840.00      903.00        0.00
     0    17      846.00      903.00        0.00
     0    17      852.00      903.00        0.00
     0    17      858.00      903.00        0.00
     0    17      864.00      905.00        0.00
     0    17      868.00      909.00        0.00
     0    17      872.00      915.00        0.00
     0    17      876.00      919.00        0.00
     0    17      882.00      925.00        0.00
     0    17      886.00      933.00        0.00
     0    17      890.00      937.00        0.00
     0    17      894.00      943.00        0.00
     0    17      898.00      947.00        0.00
     0    17      902.00      953.00        0.00
     0    17      906.00      957.00        0.00
     0    17      910.00      961.00        0.00
     0    17      914.00      965.00        0.00
     0    17      918.00      971.00        0.00
     0    17      920.00      977.00        0.00
     0    17      922.00      985.00        0.00
     0    17      926.00      991.00        0.00
     0    17      926.00      997.00        0.00
     0    17      930.00     1003.00        0.00
     0    17      932.00     1009.00        0.00
     0    17      932.00     1015.00        0.00
     0    17      932.00     1021.00        0.00
     0    17      932.00     1027.00        0.00
     0    17      930.00     1033.00        0.00
     0    17      924.00     1033.00        0.00
     0    18     1562.00     1149.00        0.00
     0    18     1562.00     1155.00        0.00
     0    18     1562.00     1161.00        0.00
     0    18     1562.00     1167.00        0.00
     0    18     1560.00     1173.00        0.00
     0    18     1556.00     1177.00        0.00
     0    18     1550.00     1179.00        0.00
     0    18     1544.00     1179.00        0.00
     0    18     1538.00     1179.00        0.00
     0    18     1532.00     1179.00        0.00
     0    18     1526.00     1179.00        0.00
     0    18     1522.00     1175.00        0.00
     0    18     1516.00     1173.00        0.00
     0    18     1512.00     1167.00        0.00
     0    18     1508.00     1161.00        0.00
     0    18     1504.00     1157.00        0.00
     0    18     1500.00     1149.00        0.00
     0    18     1496.00     1145.00        0.00
     0    18     1492.00     1139.00        0.00
     0    18     1488.00     1135.00        0.00
     0    18     1484.00     1131.00        0.00
     0    18     1480.00     1127.00        0.00
     0    18     1474.00     1125.00        0.00
     0    18     1468.00     1121.00        0.00
     0    18     1462.00     1119.00        0.00
     0    18     1458.00     1115.00        0.00
     0    18     1452.00     1111.00        0.00
     0    18     1448.00     1107.00        0.00
     0    18     1448.00     1101.00        0.00
     0    18     1448.00     1095.00        0.00
     0    18     1448.00     1089.00        0.00
     0    18     1450.00     1083.00        0.00
     0    18     1452.00     1077.00        0.00
     0    18     1454.00     1069.00        0.00
     0    18     1456.00     1063.00        0.00
     0    18     1460.00     1057.00        0.00
     0    18     1464.00     1049.00        0.00
     0    18     1466.00     1043.00        0.00
     0    18     1468.00     1037.00        0.00
     0    18     1472.00     1031.00        0.00
     0    18     1476.00     1025.00        0.00
     0    18     1478.00     1019.00        0.00
     0    18     1484.00     1015.00        0.00
     0    18     1488.00     1011.00        0.00
     0    18     1494.00     1009.00        0.00
     0    18     1502.00     1003.00        0.00
     0    18     1508.00      999.00        0.00
     0    18     1518.00      995.00        0.00
     0    18     1526.00      991.00        0.00
     0    18     1534.00      987.00        0.00
     0    18     1540.00      983.00        0.00
     0    18     1546.00      981.00        0.00
     0    18     1554.00      977.00        0.00
     0    18     1560.00      977.00        0.00
     0    18     1566.00      975.00        0.00
     0    18     1572.00      975.00        0.00
     0    18     1580.00      975.00        0.00
     0    18     1588.00      975.00        0.00
     0    18     1594.00      975.00        0.00
     0    18     1600.00      975.00        0.00
     0    18     1606.00      975.00        0.00
     0    18     1612.00      975.00        0.00
     0    18     1618.00      975.00        0.00
     0    18     1624.00      975.00        0.00
     0    18     1630.00      975.00        0.00
     0    18     1636.00      975.00        0.00
     0    18     1642.00      975.00        0.00
     0    18     1648.00      975.00        0.00
     0    18     1654.00      975.00        0.00
     0    18     1660.00      975.00        0.00
     0    18     1666.00      975.00        0.00
     0    18     1672.00      975.00        0.00
     0    18     1678.00      973.00        0.00
     0    18     1684.00      973.00        0.00
     0    18     1684.00      979.00        0.00
     0    18     1680.00      985.00        0.00
     0    18     1676.00      989.00        0.00
     0    18     1668.00      993.00        0.00
     0    18     1662.00      999.00        0.00
     0    18     1656.00     1001.00        0.00
     0    18     1648.00     1005.00        0.00
     0    18     1642.00     1009.00        0.00
     0    18     1638.00     1013.00        0.00
     0    18     1632.00     1017.00        0.00
     0    18     1628.00     1023.00        0.00
     0    18     1624.00     1027.00        0.00
     0    18     1620.00     1033.00        0.00
     0    18     1616.00     1039.00        0.00
     0    18     1612.00     1043.00        0.00
     0    18     1608.00     1049.00        0.00
     0    18     1604.00     1053.00        0.00
     0    18     1600.00     1059.00        0.00
     0    18     1596.00     1063.00        0.00
     0    18     1592.00     1069.00        0.00
     0    18     1588.00     1075.00        0.00
     0    18     1582.00     1079.00        0.00
     0    18     1578.00     1083.00        0.00
     0    18     1572.00     1085.00        0.00
