     0     0      510.00      883.00        0.00
     0     0      500.00      889.00        0.00
     0     0      486.00      891.00        0.00
     0     0      478.00      895.00        0.00
     0     0      472.00      897.00        0.00
     0     0      464.00      897.00        0.00
     0     0      454.00      899.00        0.00
     0     0      446.00      901.00        0.00
     0     0      440.00      903.00        0.00
     0     0      434.00      903.00        0.00
     0     0      428.00      903.00        0.00
     0     0      422.00      905.00        0.00
     0     0      416.00      907.00        0.00
     0     0      410.00      907.00        0.00
     0     0      408.00      901.00        0.00
     0     0      408.00      893.00        0.00
     0     0      408.00      883.00        0.00
     0     0      408.00      877.00        0.00
     0     0      410.00      871.00        0.00
     0     0      410.00      861.00        0.00
     0     0      410.00      855.00        0.00
     0     0      412.00      847.00        0.00
     0     0      414.00      841.00        0.00
     0     0      416.00      833.00        0.00
     0     0      418.00      827.00        0.00
     0     0      420.00      821.00        0.00
     0     0      424.00      815.00        0.00
     0     0      426.00      809.00        0.00
     0     0      426.00      803.00        0.00
     0     0      428.00      795.00        0.00
     0     0      428.00      789.00        0.00
     0     0      424.00      783.00        0.00
     0     0      420.00      779.00        0.00
     0     0      418.00      773.00        0.00
     0     0      416.00      767.00        0.00
     0     0      412.00      761.00        0.00
     0     0      412.00      753.00        0.00
     0     0      410.00      745.00        0.00
     0     0      408.00      739.00        0.00
     0     0      406.00      731.00        0.00
     0     0      406.00      725.00        0.00
     0     0      406.00      719.00        0.00
     0     0      406.00      713.00        0.00
     0     0      408.00      707.00        0.00
     0     0      408.00      701.00        0.00
     0     0      408.00      695.00        0.00
     0     0      408.00      689.00        0.00
     0     0      410.00      683.00        0.00
     0     0      410.00      677.00        0.00
     0     0      414.00      671.00        0.00
     0     0      418.00      665.00        0.00
     0     0      422.00      659.00        0.00
     0     0      424.00      653.00        0.00
     0     0      426.00      647.00        0.00
     0     0      426.00      641.00        0.00
     0     0      428.00      635.00        0.00
     0     0      428.00      629.00        0.00
     0     0      428.00      623.00        0.00
     0     0      426.00      617.00        0.00
     0     0      426.00      611.00        0.00
     0     0      426.00      605.00        0.00
     0     0      424.00      597.00        0.00
     0     0      424.00      589.00        0.00
     0     0      424.00      583.00        0.00
     0     0      424.00      577.00        0.00
     0     0      422.00      569.00        0.00
     0     0      422.00      563.00        0.00
     0     0      422.00      555.00        0.00
     0     0      424.00      549.00        0.00
     0     0      424.00      543.00        0.00
     0     0      424.00      537.00        0.00
     0     0      424.00      529.00        0.00
     0     0      424.00      523.00        0.00
     0     0      424.00      517.00        0.00
     0     0      424.00      509.00        0.00
     0     0      424.00      503.00        0.00
     0     0      424.00      497.00        0.00
     0     0      424.00      489.00        0.00
     0     0      422.00      481.00        0.00
     0     0      422.00      475.00        0.00
     0     0      422.00      469.00        0.00
     0     0      422.00      463.00        0.00
     0     0      422.00      457.00        0.00
     0     0      422.00      451.00        0.00
     0     0      424.00      445.00        0.00
     0     0      426.00      439.00        0.00
     0     0      428.00      433.00        0.00
     0     0      430.00      427.00        0.00
     0     0      432.00      421.00        0.00
     0     0      434.00      413.00        0.00
     0     0      436.00      407.00        0.00
     0     0      438.00      401.00        0.00
     0     0      440.00      393.00        0.00
     0     0      440.00      387.00        0.00
     0     0      444.00      381.00        0.00
     0     0      448.00      377.00        0.00
     0     0      452.00      373.00        0.00
     0     0      456.00      369.00        0.00
     0     0      458.00      363.00        0.00
     0     0      462.00      359.00        0.00
     0     0      468.00      355.00        0.00
     0     0      474.00      351.00        0.00
     0     0      480.00      347.00        0.00
     0     0      476.00      353.00        0.00
     0     0      472.00      359.00        0.00
     0     0      468.00      363.00        0.00
     0     0      464.00      367.00        0.00
     0     0      458.00      369.00        0.00
     0     0      454.00      373.00        0.00
     0     0      450.00      377.00        0.00
     0     0      446.00      381.00        0.00
     0     0      444.00      387.00        0.00
     0     0      442.00      393.00        0.00
     0     0      442.00      399.00        0.00
     0     0      440.00      405.00        0.00
     0     0      438.00      411.00        0.00
     0     0      436.00      417.00        0.00
     0     0      436.00      423.00        0.00
     0     0      434.00      429.00        0.00
     0     0      434.00      435.00        0.00
     0     0      434.00      443.00        0.00
     0     0      434.00      449.00        0.00
     0     0      434.00      457.00        0.00
     0     0      436.00      463.00        0.00
     0     0      436.00      471.00        0.00
     0     0      438.00      477.00        0.00
     0     0      438.00      483.00        0.00
     0     0      438.00      489.00        0.00
     0     0      440.00      495.00        0.00
     0     0      440.00      501.00        0.00
     0     0      440.00      507.00        0.00
     0     0      442.00      513.00        0.00
     0     0      442.00      521.00        0.00
     0     0      442.00      527.00        0.00
     0     0      444.00      533.00        0.00
     0     0      444.00      539.00        0.00
     0     0      444.00      545.00        0.00
     0     0      444.00      551.00        0.00
     0     0      444.00      557.00        0.00
     0     0      446.00      563.00        0.00
     0     0      446.00      569.00        0.00
     0     0      448.00      575.00        0.00
     0     0      450.00      581.00        0.00
     0     0      454.00      589.00        0.00
     0     0      456.00      595.00        0.00
     0     0      458.00      601.00        0.00
     0     0      460.00      607.00        0.00
     0     0      460.00      613.00        0.00
     0     0      460.00      619.00        0.00
     0     0      462.00      625.00        0.00
     0     0      462.00      631.00        0.00
     0     0      464.00      637.00        0.00
     0     0      464.00      643.00        0.00
     0     0      464.00      649.00        0.00
     0     0      466.00      655.00        0.00
     0     0      466.00      663.00        0.00
     0     0      466.00      669.00        0.00
     0     0      468.00      675.00        0.00
     0     0      470.00      685.00        0.00
     0     0      472.00      691.00        0.00
     0     0      474.00      697.00        0.00
     0     0      478.00      701.00        0.00
     0     0      482.00      705.00        0.00
     0     0      486.00      709.00        0.00
     0     0      492.00      709.00        0.00
     0     0      498.00      711.00        0.00
     0     0      504.00      713.00        0.00
     0     0      508.00      717.00        0.00
     0     0      512.00      721.00        0.00
     0     0      514.00      727.00        0.00
     0     0      518.00      733.00        0.00
     0     0      520.00      739.00        0.00
     0     0      520.00      745.00        0.00
     0     0      522.00      751.00        0.00
     0     0      522.00      759.00        0.00
     0     0      524.00      765.00        0.00
     0     0      524.00      771.00        0.00
     0     0      526.00      777.00        0.00
     0     0      526.00      783.00        0.00
     0     0      526.00      789.00        0.00
     0     0      530.00      795.00        0.00
     0     0      532.00      803.00        0.00
     0     0      536.00      807.00        0.00
     0     0      538.00      813.00        0.00
     0     0      542.00      817.00        0.00
     0     0      546.00      821.00        0.00
     0     0      550.00      825.00        0.00
     0     0      554.00      831.00        0.00
     0     0      558.00      835.00        0.00
     0     0      562.00      841.00        0.00
     0     0      566.00      845.00        0.00
     0     0      570.00      849.00        0.00
     0     0      574.00      853.00        0.00
     0     0      576.00      859.00        0.00
     0     0      576.00      865.00        0.00
     0     0      578.00      871.00        0.00
     0     1      654.00      695.00        0.00
     0     1      638.00      701.00        0.00
     0     1      630.00      705.00        0.00
     0     1      626.00      709.00        0.00
     0     1      620.00      711.00        0.00
     0     1      612.00      715.00        0.00
     0     1      604.00      717.00        0.00
     0     1      598.00      719.00        0.00
     0     1      592.00      723.00        0.00
     0     1      586.00      725.00        0.00
     0     1      580.00      729.00        0.00
     0     1      576.00      733.00        0.00
     0     1      568.00      737.00        0.00
     0     1      564.00      741.00        0.00
     0     1      558.00      743.00        0.00
     0     1      554.00      747.00        0.00
     0     1      550.00      751.00        0.00
     0     1      544.00      753.00        0.00
     0     1      540.00      757.00        0.00
     0     1      534.00      761.00        0.00
     0     1      530.00      765.00        0.00
     0     1      536.00      761.00        0.00
     0     1      540.00      757.00        0.00
     0     1      544.00      753.00        0.00
     0     1      548.00      747.00        0.00
     0     1      550.00      741.00        0.00
     0     1      554.00      735.00        0.00
     0     1      556.00      727.00        0.00
     0     1      558.00      719.00        0.00
     0     1      562.00      713.00        0.00
     0     1      564.00      707.00        0.00
     0     1      566.00      699.00        0.00
     0     1      568.00      693.00        0.00
     0     1      572.00      687.00        0.00
     0     1      574.00      679.00        0.00
     0     1      576.00      673.00        0.00
     0     1      576.00      665.00        0.00
     0     1      578.00      659.00        0.00
     0     1      578.00      653.00        0.00
     0     1      578.00      647.00        0.00
     0     1      576.00      641.00        0.00
     0     1      572.00      633.00        0.00
     0     1      570.00      627.00        0.00
     0     1      566.00      623.00        0.00
     0     1      562.00      617.00        0.00
     0     1      556.00      613.00        0.00
     0     1      550.00      607.00        0.00
     0     1      546.00      601.00        0.00
     0     1      542.00      597.00        0.00
     0     1      538.00      591.00        0.00
     0     1      534.00      587.00        0.00
     0     1      530.00      583.00        0.00
     0     1      524.00      579.00        0.00
     0     1      520.00      575.00        0.00
     0     1      516.00      571.00        0.00
     0     1      510.00      569.00        0.00
     0     1      504.00      567.00        0.00
     0     1      500.00      563.00        0.00
     0     1      496.00      557.00        0.00
     0     1      492.00      551.00        0.00
     0     1      492.00      545.00        0.00
     0     1      492.00      537.00        0.00
     0     1      496.00      531.00        0.00
     0     1      500.00      525.00        0.00
     0     1      504.00      519.00        0.00
     0     1      512.00      515.00        0.00
     0     1      518.00      513.00        0.00
     0     1      524.00      511.00        0.00
     0     1      530.00      509.00        0.00
     0     1      536.00      509.00        0.00
     0     1      542.00      509.00        0.00
     0     1      550.00      509.00        0.00
     0     1      556.00      509.00        0.00
     0     1      566.00      509.00        0.00
     0     1      574.00      511.00        0.00
     0     1      580.00      513.00        0.00
     0     1      588.00      515.00        0.00
     0     1      594.00      517.00        0.00
     0     1      600.00      521.00        0.00
     0     1      608.00      525.00        0.00
     0     1      614.00      527.00        0.00
     0     1      620.00      531.00        0.00
     0     1      626.00      535.00        0.00
     0     1      634.00      539.00        0.00
     0     1      642.00      541.00        0.00
     0     1      648.00      543.00        0.00
     0     1      654.00      545.00        0.00
     0     1      660.00      547.00        0.00
     0     1      666.00      547.00        0.00
     0     1      672.00      547.00        0.00
     0     1      678.00      549.00        0.00
     0     1      686.00      551.00        0.00
     0     1      692.00      553.00        0.00
     0     1      698.00      555.00        0.00
     0     1      704.00      557.00        0.00
     0     1      712.00      561.00        0.00
     0     1      718.00      565.00        0.00
     0     1      724.00      569.00        0.00
     0     1      730.00      569.00        0.00
     0     1      738.00      569.00        0.00
     0     1      744.00      571.00        0.00
     0     1      750.00      571.00        0.00
     0     1      758.00      573.00        0.00
     0     1      764.00      573.00        0.00
     0     1      770.00      573.00        0.00
     0     1      776.00      575.00        0.00
     0     1      782.00      575.00        0.00
     0     1      788.00      577.00        0.00
     0     1      796.00      577.00        0.00
     0     1      804.00      579.00        0.00
     0     1      810.00      579.00        0.00
     0     1      816.00      581.00        0.00
     0     1      822.00      583.00        0.00
     0     1      824.00      589.00        0.00
     0     1      824.00      595.00        0.00
     0     1      818.00      597.00        0.00
     0     1      810.00      599.00        0.00
     0     1      806.00      603.00        0.00
     0     1      798.00      607.00        0.00
     0     1      792.00      611.00        0.00
     0     1      786.00      615.00        0.00
     0     1      782.00      619.00        0.00
     0     1      778.00      623.00        0.00
     0     1      774.00      629.00        0.00
     0     1      770.00      633.00        0.00
     0     1      766.00      637.00        0.00
     0     1      760.00      641.00        0.00
     0     1      754.00      645.00        0.00
     0     1      750.00      649.00        0.00
     0     1      744.00      653.00        0.00
     0     1      740.00      657.00        0.00
     0     1      736.00      661.00        0.00
     0     1      732.00      665.00        0.00
     0     1      726.00      671.00        0.00
     0     1      722.00      675.00        0.00
     0     1      716.00      679.00        0.00
     0     1      710.00      681.00        0.00
     0     2      568.00      353.00        0.00
     0     2      586.00      355.00        0.00
     0     2      592.00      355.00        0.00
     0     2      598.00      357.00        0.00
     0     2      604.00      357.00        0.00
     0     2      610.00      359.00        0.00
     0     2      616.00      361.00        0.00
     0     2      622.00      361.00        0.00
     0     2      628.00      363.00        0.00
     0     2      634.00      365.00        0.00
     0     2      642.00      369.00        0.00
     0     2      648.00      371.00        0.00
     0     2      654.00      375.00        0.00
     0     2      660.00      379.00        0.00
     0     2      666.00      385.00        0.00
     0     2      672.00      389.00        0.00
     0     2      678.00      393.00        0.00
     0     2      682.00      397.00        0.00
     0     2      688.00      403.00        0.00
     0     2      692.00      407.00        0.00
     0     2      696.00      413.00        0.00
     0     2      700.00      417.00        0.00
     0     2      702.00      423.00        0.00
     0     2      706.00      429.00        0.00
     0     2      710.00      435.00        0.00
     0     2      714.00      441.00        0.00
     0     2      718.00      445.00        0.00
     0     2      722.00      453.00        0.00
     0     2      726.00      457.00        0.00
     0     2      728.00      463.00        0.00
     0     2      728.00      469.00        0.00
     0     2      726.00      475.00        0.00
     0     2      722.00      479.00        0.00
     0     2      718.00      483.00        0.00
     0     2      714.00      487.00        0.00
     0     2      710.00      491.00        0.00
     0     2      704.00      495.00        0.00
     0     2      696.00      495.00        0.00
     0     2      690.00      495.00        0.00
     0     2      684.00      497.00        0.00
     0     2      678.00      497.00        0.00
     0     2      672.00      499.00        0.00
     0     2      666.00      501.00        0.00
     0     2      660.00      501.00        0.00
     0     2      654.00      503.00        0.00
     0     2      648.00      503.00        0.00
     0     2      642.00      505.00        0.00
     0     2      634.00      505.00        0.00
     0     2      626.00      505.00        0.00
     0     2      620.00      505.00        0.00
     0     2      614.00      505.00        0.00
     0     2      606.00      505.00        0.00
     0     2      600.00      505.00        0.00
     0     2      594.00      505.00        0.00
     0     2      588.00      505.00        0.00
     0     2      582.00      507.00        0.00
     0     2      576.00      507.00        0.00
     0     2      570.00      507.00        0.00
     0     2      564.00      507.00        0.00
     0     2      556.00      507.00        0.00
     0     2      550.00      505.00        0.00
     0     2      546.00      501.00        0.00
     0     2      540.00      497.00        0.00
     0     2      536.00      491.00        0.00
     0     2      532.00      485.00        0.00
     0     2      528.00      477.00        0.00
     0     2      526.00      471.00        0.00
     0     2      524.00      465.00        0.00
     0     2      522.00      457.00        0.00
     0     2      520.00      451.00        0.00
     0     2      520.00      445.00        0.00
     0     2      520.00      439.00        0.00
     0     2      520.00      433.00        0.00
     0     2      522.00      427.00        0.00
     0     2      522.00      421.00        0.00
     0     2      524.00      415.00        0.00
     0     2      528.00      409.00        0.00
     0     2      528.00      403.00        0.00
     0     2      532.00      399.00        0.00
     0     2      532.00      393.00        0.00
     0     2      534.00      387.00        0.00
     0     3     1332.00      939.00        0.00
     0     3     1340.00      939.00        0.00
     0     3     1346.00      939.00        0.00
     0     3     1352.00      939.00        0.00
     0     3     1358.00      939.00        0.00
     0     3     1364.00      937.00        0.00
     0     3     1370.00      935.00        0.00
     0     3     1376.00      933.00        0.00
     0     3     1382.00      933.00        0.00
     0     3     1388.00      933.00        0.00
     0     3     1394.00      935.00        0.00
     0     3     1400.00      935.00        0.00
     0     3     1406.00      937.00        0.00
     0     3     1412.00      939.00        0.00
     0     3     1418.00      941.00        0.00
     0     3     1424.00      943.00        0.00
     0     3     1430.00      947.00        0.00
     0     3     1438.00      949.00        0.00
     0     3     1442.00      953.00        0.00
     0     3     1448.00      955.00        0.00
     0     3     1454.00      957.00        0.00
     0     3     1460.00      959.00        0.00
     0     3     1466.00      961.00        0.00
     0     3     1472.00      965.00        0.00
     0     3     1478.00      967.00        0.00
     0     3     1484.00      969.00        0.00
     0     3     1488.00      973.00        0.00
     0     3     1494.00      975.00        0.00
     0     3     1502.00      979.00        0.00
     0     3     1506.00      985.00        0.00
     0     3     1512.00      989.00        0.00
     0     3     1516.00      993.00        0.00
     0     3     1522.00      999.00        0.00
     0     3     1526.00     1005.00        0.00
     0     3     1530.00     1011.00        0.00
     0     3     1532.00     1017.00        0.00
     0     3     1536.00     1023.00        0.00
     0     3     1538.00     1031.00        0.00
     0     3     1540.00     1037.00        0.00
     0     3     1544.00     1045.00        0.00
     0     3     1546.00     1051.00        0.00
     0     3     1548.00     1057.00        0.00
     0     3     1546.00     1063.00        0.00
     0     3     1540.00     1067.00        0.00
     0     3     1530.00     1069.00        0.00
     0     3     1524.00     1069.00        0.00
     0     3     1514.00     1069.00        0.00
     0     3     1504.00     1071.00        0.00
     0     3     1496.00     1073.00        0.00
     0     3     1488.00     1075.00        0.00
     0     3     1482.00     1077.00        0.00
     0     3     1474.00     1077.00        0.00
     0     3     1466.00     1079.00        0.00
     0     3     1460.00     1081.00        0.00
     0     3     1454.00     1083.00        0.00
     0     3     1448.00     1083.00        0.00
     0     3     1440.00     1085.00        0.00
     0     3     1432.00     1085.00        0.00
     0     3     1424.00     1085.00        0.00
     0     3     1416.00     1083.00        0.00
     0     3     1406.00     1079.00        0.00
     0     3     1400.00     1075.00        0.00
     0     3     1394.00     1073.00        0.00
     0     3     1386.00     1069.00        0.00
     0     3     1378.00     1063.00        0.00
     0     3     1370.00     1061.00        0.00
     0     3     1364.00     1057.00        0.00
     0     3     1358.00     1055.00        0.00
     0     3     1350.00     1053.00        0.00
     0     3     1342.00     1051.00        0.00
     0     3     1334.00     1049.00        0.00
     0     3     1324.00     1047.00        0.00
     0     3     1318.00     1045.00        0.00
     0     3     1310.00     1043.00        0.00
     0     3     1304.00     1043.00        0.00
     0     3     1296.00     1041.00        0.00
     0     3     1290.00     1041.00        0.00
     0     3     1284.00     1039.00        0.00
     0     3     1278.00     1037.00        0.00
     0     3     1272.00     1035.00        0.00
     0     3     1268.00     1031.00        0.00
     0     3     1264.00     1025.00        0.00
     0     3     1262.00     1019.00        0.00
     0     3     1262.00     1013.00        0.00
     0     3     1262.00     1007.00        0.00
     0     3     1262.00     1001.00        0.00
     0     3     1264.00      995.00        0.00
     0     3     1264.00      989.00        0.00
     0     3     1268.00      983.00        0.00
     0     3     1274.00      979.00        0.00
     0     3     1278.00      975.00        0.00
     0     3     1284.00      971.00        0.00
     0     3     1290.00      969.00        0.00
     0     4     1312.00      579.00        0.00
     0     4     1332.00      581.00        0.00
     0     4     1338.00      581.00        0.00
     0     4     1344.00      581.00        0.00
     0     4     1350.00      581.00        0.00
     0     4     1356.00      581.00        0.00
     0     4     1362.00      581.00        0.00
     0     4     1368.00      583.00        0.00
     0     4     1374.00      585.00        0.00
     0     4     1378.00      589.00        0.00
     0     4     1380.00      595.00        0.00
     0     4     1382.00      603.00        0.00
     0     4     1382.00      609.00        0.00
     0     4     1382.00      615.00        0.00
     0     4     1382.00      621.00        0.00
     0     4     1382.00      629.00        0.00
     0     4     1380.00      635.00        0.00
     0     4     1378.00      641.00        0.00
     0     4     1374.00      645.00        0.00
     0     4     1368.00      649.00        0.00
     0     4     1360.00      651.00        0.00
     0     4     1354.00      655.00        0.00
     0     4     1348.00      657.00        0.00
     0     4     1342.00      657.00        0.00
     0     4     1336.00      659.00        0.00
     0     4     1330.00      659.00        0.00
     0     4     1324.00      659.00        0.00
     0     4     1318.00      659.00        0.00
     0     4     1310.00      659.00        0.00
     0     4     1304.00      659.00        0.00
     0     4     1296.00      661.00        0.00
     0     4     1290.00      663.00        0.00
     0     4     1284.00      663.00        0.00
     0     4     1276.00      665.00        0.00
     0     4     1270.00      669.00        0.00
     0     4     1264.00      671.00        0.00
     0     4     1258.00      675.00        0.00
     0     4     1250.00      677.00        0.00
     0     4     1240.00      683.00        0.00
     0     4     1232.00      685.00        0.00
     0     4     1224.00      689.00        0.00
     0     4     1216.00      691.00        0.00
     0     4     1210.00      693.00        0.00
     0     4     1202.00      693.00        0.00
     0     4     1196.00      693.00        0.00
     0     4     1188.00      693.00        0.00
     0     4     1182.00      693.00        0.00
     0     4     1174.00      693.00        0.00
     0     4     1166.00      693.00        0.00
     0     4     1160.00      693.00        0.00
     0     4     1152.00      691.00        0.00
     0     4     1146.00      691.00        0.00
     0     4     1138.00      691.00        0.00
     0     4     1130.00      689.00        0.00
     0     4     1124.00      689.00        0.00
     0     4     1118.00      689.00        0.00
     0     4     1112.00      691.00        0.00
     0     4     1106.00      693.00        0.00
     0     4     1100.00      695.00        0.00
     0     4     1092.00      697.00        0.00
     0     4     1084.00      699.00        0.00
     0     4     1078.00      699.00        0.00
     0     4     1072.00      701.00        0.00
     0     4     1064.00      701.00        0.00
     0     4     1060.00      697.00        0.00
     0     4     1056.00      693.00        0.00
     0     4     1054.00      685.00        0.00
     0     4     1052.00      679.00        0.00
     0     4     1052.00      673.00        0.00
     0     4     1052.00      667.00        0.00
     0     4     1056.00      661.00        0.00
     0     4     1062.00      657.00        0.00
     0     4     1070.00      655.00        0.00
     0     4     1076.00      655.00        0.00
     0     4     1086.00      655.00        0.00
     0     4     1092.00      653.00        0.00
     0     4     1098.00      653.00        0.00
     0     4     1106.00      651.00        0.00
     0     4     1114.00      649.00        0.00
     0     4     1120.00      649.00        0.00
     0     4     1126.00      647.00        0.00
     0     4     1134.00      645.00        0.00
     0     4     1142.00      645.00        0.00
     0     4     1148.00      643.00        0.00
     0     4     1156.00      641.00        0.00
     0     4     1162.00      639.00        0.00
     0     4     1168.00      639.00        0.00
     0     4     1174.00      637.00        0.00
     0     4     1180.00      635.00        0.00
     0     4     1186.00      633.00        0.00
     0     4     1192.00      631.00        0.00
     0     4     1198.00      629.00        0.00
     0     4     1204.00      629.00        0.00
     0     4     1210.00      627.00        0.00
     0     4     1216.00      627.00        0.00
     0     4     1222.00      625.00        0.00
     0     4     1228.00      623.00        0.00
     0     4     1234.00      621.00        0.00
     0     4     1240.00      619.00        0.00
     0     4     1246.00      619.00        0.00
     0     4     1252.00      617.00        0.00
     0     4     1258.00      615.00        0.00
     0     4     1264.00      613.00        0.00
     0     4     1270.00      611.00        0.00
     0     4     1276.00      609.00        0.00
     0     4     1280.00      605.00        0.00
     0     4     1286.00      603.00        0.00
     0     5     1086.00      467.00        0.00
     0     5     1078.00      505.00        0.00
     0     5     1088.00      511.00        0.00
     0     5     1092.00      517.00        0.00
     0     5     1096.00      521.00        0.00
     0     5     1098.00      527.00        0.00
     0     5     1100.00      533.00        0.00
     0     5     1100.00      539.00        0.00
     0     5     1102.00      545.00        0.00
     0     5     1104.00      551.00        0.00
     0     5     1104.00      557.00        0.00
     0     5     1106.00      563.00        0.00
     0     5     1108.00      571.00        0.00
     0     5     1110.00      577.00        0.00
     0     5     1114.00      583.00        0.00
     0     5     1118.00      591.00        0.00
     0     5     1122.00      597.00        0.00
     0     5     1126.00      603.00        0.00
     0     5     1130.00      607.00        0.00
     0     5     1134.00      611.00        0.00
     0     5     1136.00      617.00        0.00
     0     5     1132.00      623.00        0.00
     0     5     1126.00      625.00        0.00
     0     5     1120.00      629.00        0.00
     0     5     1116.00      633.00        0.00
     0     5     1110.00      635.00        0.00
     0     5     1104.00      639.00        0.00
     0     5     1098.00      641.00        0.00
     0     5     1094.00      645.00        0.00
     0     5     1088.00      647.00        0.00
     0     5     1082.00      649.00        0.00
     0     5     1074.00      651.00        0.00
     0     5     1068.00      653.00        0.00
     0     5     1060.00      655.00        0.00
     0     5     1050.00      657.00        0.00
     0     5     1044.00      659.00        0.00
     0     5     1038.00      661.00        0.00
     0     5     1032.00      661.00        0.00
     0     5     1024.00      661.00        0.00
     0     5     1018.00      659.00        0.00
     0     5     1012.00      655.00        0.00
     0     5     1004.00      651.00        0.00
     0     5      996.00      649.00        0.00
     0     5      988.00      643.00        0.00
     0     5      980.00      639.00        0.00
     0     5      972.00      633.00        0.00
     0     5      966.00      629.00        0.00
     0     5      960.00      621.00        0.00
     0     5      954.00      617.00        0.00
     0     5      950.00      611.00        0.00
     0     5      944.00      605.00        0.00
     0     5      940.00      599.00        0.00
     0     5      936.00      595.00        0.00
     0     5      930.00      589.00        0.00
     0     5      926.00      585.00        0.00
     0     5      922.00      579.00        0.00
     0     5      918.00      575.00        0.00
     0     5      910.00      571.00        0.00
     0     5      904.00      567.00        0.00
     0     5      898.00      563.00        0.00
     0     5      892.00      559.00        0.00
     0     5      886.00      557.00        0.00
     0     5      880.00      553.00        0.00
     0     5      872.00      551.00        0.00
     0     5      862.00      549.00        0.00
     0     5      854.00      549.00        0.00
     0     5      846.00      547.00        0.00
     0     5      840.00      547.00        0.00
     0     5      830.00      545.00        0.00
     0     5      822.00      545.00        0.00
     0     5      812.00      545.00        0.00
     0     5      804.00      545.00        0.00
     0     5      800.00      541.00        0.00
     0     5      800.00      535.00        0.00
     0     5      802.00      529.00        0.00
     0     5      808.00      523.00        0.00
     0     5      814.00      517.00        0.00
     0     5      822.00      511.00        0.00
     0     5      828.00      507.00        0.00
     0     5      832.00      503.00        0.00
     0     5      836.00      499.00        0.00
     0     5      842.00      495.00        0.00
     0     5      848.00      491.00        0.00
     0     5      854.00      487.00        0.00
     0     5      860.00      483.00        0.00
     0     5      868.00      479.00        0.00
     0     5      872.00      475.00        0.00
     0     5      878.00      471.00        0.00
     0     5      884.00      469.00        0.00
     0     5      890.00      465.00        0.00
     0     5      896.00      463.00        0.00
     0     5      902.00      461.00        0.00
     0     5      908.00      457.00        0.00
     0     5      914.00      455.00        0.00
     0     5      922.00      453.00        0.00
     0     5      928.00      451.00        0.00
     0     5      934.00      449.00        0.00
     0     5      940.00      447.00        0.00
     0     5      948.00      443.00        0.00
     0     5      954.00      441.00        0.00
     0     5      960.00      441.00        0.00
     0     5      968.00      439.00        0.00
     0     5      974.00      439.00        0.00
     0     5      980.00      439.00        0.00
     0     5      988.00      439.00        0.00
     0     5      994.00      437.00        0.00
     0     5     1000.00      437.00        0.00
     0     5     1006.00      437.00        0.00
     0     5     1012.00      437.00        0.00
     0     5     1018.00      437.00        0.00
     0     5     1024.00      437.00        0.00
     0     5     1030.00      437.00        0.00
     0     5     1036.00      439.00        0.00
     0     5     1042.00      441.00        0.00
     0     5     1048.00      443.00        0.00
