     0     0     1332.00      939.00        0.00
     0     0     1314.00      917.00        0.00
     0     0     1314.00      905.00        0.00
     0     0     1314.00      899.00        0.00
     0     0     1314.00      893.00        0.00
     0     0     1314.00      887.00        0.00
     0     0     1314.00      881.00        0.00
     0     0     1314.00      875.00        0.00
     0     0     1310.00      871.00        0.00
     0     0     1306.00      865.00        0.00
     0     0     1302.00      861.00        0.00
     0     0     1296.00      855.00        0.00
     0     0     1292.00      851.00        0.00
     0     0     1288.00      843.00        0.00
     0     0     1282.00      839.00        0.00
     0     0     1280.00      833.00        0.00
     0     0     1276.00      827.00        0.00
     0     0     1272.00      821.00        0.00
     0     0     1266.00      815.00        0.00
     0     0     1264.00      809.00        0.00
     0     0     1260.00      803.00        0.00
     0     0     1260.00      797.00        0.00
     0     0     1260.00      789.00        0.00
     0     0     1260.00      781.00        0.00
     0     0     1262.00      775.00        0.00
     0     0     1262.00      769.00        0.00
     0     0     1262.00      763.00        0.00
     0     0     1266.00      759.00        0.00
     0     0     1270.00      755.00        0.00
     0     0     1276.00      751.00        0.00
     0     0     1280.00      743.00        0.00
     0     0     1284.00      735.00        0.00
     0     0     1286.00      729.00        0.00
     0     0     1288.00      723.00        0.00
     0     0     1290.00      717.00        0.00
     0     0     1290.00      711.00        0.00
     0     0     1290.00      705.00        0.00
     0     0     1290.00      699.00        0.00
     0     0     1290.00      693.00        0.00
     0     0     1290.00      685.00        0.00
     0     0     1290.00      679.00        0.00
     0     0     1294.00      671.00        0.00
     0     0     1298.00      665.00        0.00
     0     0     1302.00      659.00        0.00
     0     0     1306.00      655.00        0.00
     0     0     1310.00      651.00        0.00
     0     0     1312.00      645.00        0.00
     0     0     1316.00      639.00        0.00
     0     0     1320.00      635.00        0.00
     0     0     1326.00      631.00        0.00
     0     0     1332.00      627.00        0.00
     0     0     1340.00      625.00        0.00
     0     0     1348.00      623.00        0.00
     0     0     1354.00      621.00        0.00
     0     0     1360.00      617.00        0.00
     0     0     1364.00      611.00        0.00
     0     0     1368.00      605.00        0.00
     0     0     1372.00      599.00        0.00
     0     0     1378.00      595.00        0.00
     0     0     1382.00      591.00        0.00
     0     0     1386.00      587.00        0.00
     0     0     1394.00      583.00        0.00
     0     0     1400.00      579.00        0.00
     0     0     1406.00      577.00        0.00
     0     0     1412.00      573.00        0.00
     0     0     1416.00      569.00        0.00
     0     0     1422.00      567.00        0.00
     0     0     1430.00      563.00        0.00
     0     0     1436.00      563.00        0.00
     0     0     1446.00      561.00        0.00
     0     0     1454.00      561.00        0.00
     0     0     1466.00      561.00        0.00
     0     0     1476.00      561.00        0.00
     0     0     1488.00      565.00        0.00
     0     0     1496.00      565.00        0.00
     0     0     1512.00      567.00        0.00
     0     0     1522.00      569.00        0.00
     0     0     1528.00      571.00        0.00
     0     0     1538.00      575.00        0.00
     0     0     1544.00      577.00        0.00
     0     0     1550.00      579.00        0.00
     0     0     1556.00      583.00        0.00
     0     0     1564.00      587.00        0.00
     0     0     1570.00      593.00        0.00
     0     0     1576.00      597.00        0.00
     0     0     1582.00      605.00        0.00
     0     0     1588.00      609.00        0.00
     0     0     1594.00      613.00        0.00
     0     0     1600.00      619.00        0.00
     0     0     1606.00      623.00        0.00
     0     0     1610.00      627.00        0.00
     0     0     1616.00      631.00        0.00
     0     0     1622.00      633.00        0.00
     0     0     1630.00      637.00        0.00
     0     0     1636.00      641.00        0.00
     0     0     1642.00      645.00        0.00
     0     0     1648.00      647.00        0.00
     0     0     1654.00      653.00        0.00
     0     0     1660.00      655.00        0.00
     0     0     1668.00      659.00        0.00
     0     0     1678.00      661.00        0.00
     0     0     1684.00      663.00        0.00
     0     0     1692.00      665.00        0.00
     0     0     1700.00      667.00        0.00
     0     0     1706.00      669.00        0.00
     0     0     1714.00      671.00        0.00
     0     0     1720.00      673.00        0.00
     0     0     1728.00      675.00        0.00
     0     0     1734.00      675.00        0.00
     0     0     1742.00      677.00        0.00
     0     0     1748.00      677.00        0.00
     0     0     1754.00      677.00        0.00
     0     0     1762.00      677.00        0.00
     0     0     1770.00      679.00        0.00
     0     0     1778.00      679.00        0.00
     0     0     1784.00      679.00        0.00
     0     0     1790.00      681.00        0.00
     0     0     1798.00      681.00        0.00
     0     0     1806.00      681.00        0.00
     0     0     1814.00      681.00        0.00
     0     0     1820.00      683.00        0.00
     0     0     1826.00      687.00        0.00
     0     0     1834.00      691.00        0.00
     0     0     1840.00      695.00        0.00
     0     0     1844.00      699.00        0.00
     0     0     1848.00      703.00        0.00
     0     0     1848.00      709.00        0.00
     0     0     1842.00      711.00        0.00
     0     0     1836.00      713.00        0.00
     0     0     1830.00      715.00        0.00
     0     0     1826.00      719.00        0.00
     0     0     1818.00      721.00        0.00
     0     0     1810.00      725.00        0.00
     0     0     1802.00      727.00        0.00
     0     0     1794.00      727.00        0.00
     0     0     1786.00      727.00        0.00
     0     0     1778.00      727.00        0.00
     0     0     1770.00      727.00        0.00
     0     0     1762.00      727.00        0.00
     0     0     1756.00      727.00        0.00
     0     0     1748.00      725.00        0.00
     0     0     1740.00      723.00        0.00
     0     0     1732.00      723.00        0.00
     0     0     1724.00      721.00        0.00
     0     0     1714.00      721.00        0.00
     0     0     1702.00      719.00        0.00
     0     0     1696.00      719.00        0.00
     0     0     1686.00      719.00        0.00
     0     0     1676.00      719.00        0.00
     0     0     1664.00      719.00        0.00
     0     0     1658.00      719.00        0.00
     0     0     1652.00      719.00        0.00
     0     0     1646.00      719.00        0.00
     0     0     1638.00      719.00        0.00
     0     0     1632.00      721.00        0.00
     0     0     1626.00      723.00        0.00
     0     0     1622.00      727.00        0.00
     0     0     1616.00      731.00        0.00
     0     0     1612.00      735.00        0.00
     0     0     1610.00      741.00        0.00
     0     0     1614.00      745.00        0.00
     0     0     1622.00      749.00        0.00
     0     0     1630.00      753.00        0.00
     0     0     1638.00      753.00        0.00
     0     0     1644.00      757.00        0.00
     0     0     1650.00      759.00        0.00
     0     0     1658.00      761.00        0.00
     0     0     1666.00      765.00        0.00
     0     0     1676.00      767.00        0.00
     0     0     1684.00      769.00        0.00
     0     0     1694.00      771.00        0.00
     0     0     1700.00      771.00        0.00
     0     0     1710.00      775.00        0.00
     0     0     1718.00      777.00        0.00
     0     0     1724.00      779.00        0.00
     0     0     1730.00      781.00        0.00
     0     0     1736.00      783.00        0.00
     0     0     1740.00      787.00        0.00
     0     0     1746.00      791.00        0.00
     0     0     1750.00      795.00        0.00
     0     0     1752.00      801.00        0.00
     0     0     1754.00      809.00        0.00
     0     0     1756.00      815.00        0.00
     0     0     1758.00      821.00        0.00
     0     0     1758.00      827.00        0.00
     0     0     1758.00      833.00        0.00
     0     0     1754.00      837.00        0.00
     0     0     1748.00      839.00        0.00
     0     0     1742.00      841.00        0.00
     0     0     1736.00      843.00        0.00
     0     0     1732.00      847.00        0.00
     0     0     1728.00      851.00        0.00
     0     0     1722.00      853.00        0.00
     0     0     1716.00      855.00        0.00
     0     0     1710.00      855.00        0.00
     0     0     1704.00      855.00        0.00
     0     0     1698.00      855.00        0.00
     0     0     1690.00      855.00        0.00
     0     0     1684.00      855.00        0.00
     0     0     1678.00      857.00        0.00
     0     0     1672.00      857.00        0.00
     0     0     1666.00      857.00        0.00
     0     0     1660.00      857.00        0.00
     0     0     1652.00      857.00        0.00
     0     0     1646.00      857.00        0.00
     0     0     1640.00      857.00        0.00
     0     0     1634.00      857.00        0.00
     0     0     1626.00      859.00        0.00
     0     0     1622.00      863.00        0.00
     0     0     1618.00      867.00        0.00
     0     0     1614.00      873.00        0.00
     0     0     1614.00      879.00        0.00
     0     0     1612.00      887.00        0.00
     0     0     1610.00      893.00        0.00
     0     0     1610.00      899.00        0.00
     0     0     1606.00      903.00        0.00
     0     0     1598.00      903.00        0.00
     0     0     1592.00      899.00        0.00
     0     0     1584.00      895.00        0.00
     0     0     1580.00      891.00        0.00
     0     0     1572.00      887.00        0.00
     0     0     1564.00      885.00        0.00
     0     0     1556.00      885.00        0.00
     0     0     1550.00      885.00        0.00
     0     0     1542.00      885.00        0.00
     0     0     1530.00      885.00        0.00
     0     0     1520.00      887.00        0.00
     0     0     1512.00      889.00        0.00
     0     0     1502.00      893.00        0.00
     0     0     1496.00      895.00        0.00
     0     0     1490.00      897.00        0.00
     0     0     1484.00      897.00        0.00
     0     0     1478.00      901.00        0.00
     0     0     1472.00      905.00        0.00
     0     0     1468.00      909.00        0.00
     0     0     1464.00      913.00        0.00
     0     0     1460.00      917.00        0.00
     0     0     1456.00      921.00        0.00
     0     0     1450.00      923.00        0.00
     0     0     1446.00      927.00        0.00
     0     0     1440.00      929.00        0.00
     0     0     1434.00      933.00        0.00
     0     0     1428.00      935.00        0.00
     0     0     1422.00      937.00        0.00
     0     0     1416.00      937.00        0.00
     0     0     1410.00      941.00        0.00
     0     0     1404.00      945.00        0.00
     0     0     1398.00      947.00        0.00
     0     0     1390.00      949.00        0.00
     0     0     1384.00      949.00        0.00
     0     0     1378.00      949.00        0.00
     0     1      386.00      233.00        0.00
     0     1      400.00      243.00        0.00
     0     1      406.00      247.00        0.00
     0     1      410.00      251.00        0.00
     0     1      414.00      257.00        0.00
     0     1      414.00      263.00        0.00
     0     1      416.00      269.00        0.00
     0     1      416.00      275.00        0.00
     0     1      418.00      281.00        0.00
     0     1      418.00      287.00        0.00
     0     1      414.00      293.00        0.00
     0     1      408.00      295.00        0.00
     0     1      404.00      299.00        0.00
     0     1      400.00      303.00        0.00
     0     1      394.00      305.00        0.00
     0     1      388.00      307.00        0.00
     0     1      384.00      311.00        0.00
     0     1      378.00      315.00        0.00
     0     1      374.00      319.00        0.00
     0     1      370.00      323.00        0.00
     0     1      364.00      325.00        0.00
     0     1      358.00      329.00        0.00
     0     1      354.00      333.00        0.00
     0     1      350.00      337.00        0.00
     0     1      344.00      343.00        0.00
     0     1      338.00      347.00        0.00
     0     1      332.00      351.00        0.00
     0     1      326.00      355.00        0.00
     0     1      316.00      359.00        0.00
     0     1      310.00      359.00        0.00
     0     1      304.00      361.00        0.00
     0     1      302.00      367.00        0.00
     0     1      300.00      373.00        0.00
     0     1      298.00      381.00        0.00
     0     1      298.00      387.00        0.00
     0     1      292.00      391.00        0.00
     0     1      286.00      391.00        0.00
     0     1      280.00      395.00        0.00
     0     1      274.00      397.00        0.00
     0     1      266.00      399.00        0.00
     0     1      258.00      401.00        0.00
     0     1      252.00      401.00        0.00
     0     1      246.00      403.00        0.00
     0     1      240.00      403.00        0.00
     0     1      232.00      403.00        0.00
     0     1      224.00      403.00        0.00
     0     1      218.00      403.00        0.00
     0     1      212.00      403.00        0.00
     0     1      206.00      401.00        0.00
     0     1      198.00      399.00        0.00
     0     1      192.00      397.00        0.00
     0     1      186.00      397.00        0.00
     0     1      180.00      397.00        0.00
     0     1      174.00      395.00        0.00
     0     1      170.00      391.00        0.00
     0     1      162.00      387.00        0.00
     0     1      158.00      383.00        0.00
     0     1      154.00      379.00        0.00
     0     1      148.00      373.00        0.00
     0     1      144.00      367.00        0.00
     0     1      140.00      359.00        0.00
     0     1      136.00      351.00        0.00
     0     1      134.00      343.00        0.00
     0     1      130.00      333.00        0.00
     0     1      130.00      327.00        0.00
     0     1      130.00      317.00        0.00
     0     1      130.00      311.00        0.00
     0     1      132.00      303.00        0.00
     0     1      134.00      293.00        0.00
     0     1      136.00      283.00        0.00
     0     1      140.00      279.00        0.00
     0     1      144.00      271.00        0.00
     0     1      150.00      265.00        0.00
     0     1      156.00      259.00        0.00
     0     1      164.00      253.00        0.00
     0     1      170.00      249.00        0.00
     0     1      176.00      245.00        0.00
     0     1      182.00      243.00        0.00
     0     1      186.00      239.00        0.00
     0     1      192.00      237.00        0.00
     0     1      198.00      235.00        0.00
     0     1      206.00      233.00        0.00
     0     1      212.00      229.00        0.00
     0     1      218.00      227.00        0.00
     0     1      224.00      225.00        0.00
     0     1      230.00      223.00        0.00
     0     1      236.00      221.00        0.00
     0     1      240.00      217.00        0.00
     0     1      246.00      215.00        0.00
     0     1      250.00      211.00        0.00
     0     1      254.00      207.00        0.00
     0     1      258.00      203.00        0.00
     0     1      262.00      199.00        0.00
     0     1      266.00      195.00        0.00
     0     1      270.00      189.00        0.00
     0     1      270.00      183.00        0.00
     0     1      272.00      175.00        0.00
     0     1      274.00      169.00        0.00
     0     1      276.00      163.00        0.00
     0     1      276.00      157.00        0.00
     0     1      276.00      151.00        0.00
     0     1      276.00      145.00        0.00
     0     1      278.00      139.00        0.00
     0     1      284.00      137.00        0.00
     0     1      288.00      143.00        0.00
     0     1      294.00      147.00        0.00
     0     1      298.00      153.00        0.00
     0     1      302.00      159.00        0.00
     0     1      306.00      163.00        0.00
     0     1      312.00      165.00        0.00
     0     1      318.00      171.00        0.00
     0     1      322.00      175.00        0.00
