     0     0     1434.00     1065.00        0.00
     0     0     1422.00     1077.00        0.00
     0     0     1416.00     1079.00        0.00
     0     0     1410.00     1083.00        0.00
     0     0     1402.00     1085.00        0.00
     0     0     1396.00     1087.00        0.00
     0     0     1390.00     1089.00        0.00
     0     0     1384.00     1093.00        0.00
     0     0     1378.00     1095.00        0.00
     0     0     1372.00     1097.00        0.00
     0     0     1368.00     1103.00        0.00
     0     0     1360.00     1107.00        0.00
     0     0     1354.00     1111.00        0.00
     0     0     1348.00     1115.00        0.00
     0     0     1340.00     1119.00        0.00
     0     0     1334.00     1123.00        0.00
     0     0     1328.00     1127.00        0.00
     0     0     1322.00     1131.00        0.00
     0     0     1316.00     1135.00        0.00
     0     0     1310.00     1137.00        0.00
     0     0     1304.00     1137.00        0.00
     0     0     1300.00     1131.00        0.00
     0     0     1298.00     1121.00        0.00
     0     0     1296.00     1113.00        0.00
     0     0     1294.00     1107.00        0.00
     0     0     1290.00     1103.00        0.00
     0     0     1282.00     1103.00        0.00
     0     0     1276.00     1103.00        0.00
     0     0     1268.00     1103.00        0.00
     0     0     1262.00     1103.00        0.00
     0     0     1256.00     1105.00        0.00
     0     0     1250.00     1105.00        0.00
     0     0     1244.00     1105.00        0.00
     0     0     1238.00     1103.00        0.00
     0     0     1232.00     1101.00        0.00
     0     0     1226.00     1099.00        0.00
     0     0     1220.00     1095.00        0.00
     0     0     1216.00     1091.00        0.00
     0     0     1212.00     1087.00        0.00
     0     0     1208.00     1081.00        0.00
     0     0     1204.00     1077.00        0.00
     0     0     1202.00     1071.00        0.00
     0     0     1200.00     1065.00        0.00
     0     0     1198.00     1059.00        0.00
     0     0     1198.00     1053.00        0.00
     0     0     1198.00     1047.00        0.00
     0     0     1198.00     1039.00        0.00
     0     0     1200.00     1033.00        0.00
     0     0     1204.00     1025.00        0.00
     0     0     1206.00     1017.00        0.00
     0     0     1206.00     1011.00        0.00
     0     0     1208.00     1005.00        0.00
     0     0     1212.00      997.00        0.00
     0     0     1216.00      991.00        0.00
     0     0     1218.00      985.00        0.00
     0     0     1222.00      979.00        0.00
     0     0     1226.00      973.00        0.00
     0     0     1232.00      965.00        0.00
     0     0     1240.00      957.00        0.00
     0     0     1244.00      951.00        0.00
     0     0     1248.00      945.00        0.00
     0     0     1252.00      937.00        0.00
     0     0     1254.00      931.00        0.00
     0     0     1258.00      925.00        0.00
     0     0     1262.00      913.00        0.00
     0     0     1266.00      903.00        0.00
     0     0     1268.00      893.00        0.00
     0     0     1270.00      885.00        0.00
     0     0     1276.00      877.00        0.00
     0     0     1278.00      869.00        0.00
     0     0     1282.00      863.00        0.00
     0     0     1284.00      855.00        0.00
     0     0     1288.00      851.00        0.00
     0     0     1290.00      845.00        0.00
     0     0     1294.00      841.00        0.00
     0     0     1300.00      839.00        0.00
     0     0     1306.00      837.00        0.00
     0     0     1314.00      837.00        0.00
     0     0     1320.00      839.00        0.00
     0     0     1326.00      841.00        0.00
     0     0     1332.00      843.00        0.00
     0     0     1340.00      845.00        0.00
     0     0     1346.00      847.00        0.00
     0     0     1356.00      847.00        0.00
     0     0     1366.00      847.00        0.00
     0     0     1372.00      847.00        0.00
     0     0     1378.00      849.00        0.00
     0     0     1386.00      849.00        0.00
     0     0     1394.00      849.00        0.00
     0     0     1400.00      851.00        0.00
     0     0     1406.00      855.00        0.00
     0     0     1408.00      861.00        0.00
     0     0     1414.00      867.00        0.00
     0     0     1418.00      871.00        0.00
     0     0     1424.00      875.00        0.00
     0     0     1432.00      879.00        0.00
     0     0     1438.00      879.00        0.00
     0     0     1444.00      879.00        0.00
     0     0     1450.00      877.00        0.00
     0     0     1458.00      873.00        0.00
     0     0     1464.00      869.00        0.00
     0     0     1470.00      865.00        0.00
     0     0     1478.00      863.00        0.00
     0     0     1484.00      863.00        0.00
     0     0     1490.00      863.00        0.00
     0     0     1498.00      865.00        0.00
     0     0     1506.00      867.00        0.00
     0     0     1512.00      869.00        0.00
     0     0     1520.00      871.00        0.00
     0     0     1526.00      875.00        0.00
     0     0     1532.00      881.00        0.00
     0     0     1538.00      883.00        0.00
     0     0     1542.00      887.00        0.00
     0     0     1548.00      891.00        0.00
     0     0     1554.00      897.00        0.00
     0     0     1560.00      901.00        0.00
     0     0     1564.00      905.00        0.00
     0     0     1568.00      913.00        0.00
     0     0     1574.00      917.00        0.00
     0     0     1578.00      921.00        0.00
     0     0     1580.00      927.00        0.00
     0     0     1580.00      933.00        0.00
     0     0     1576.00      937.00        0.00
     0     0     1570.00      939.00        0.00
     0     0     1566.00      943.00        0.00
     0     0     1560.00      947.00        0.00
     0     0     1558.00      953.00        0.00
     0     0     1562.00      959.00        0.00
     0     0     1568.00      961.00        0.00
     0     0     1574.00      963.00        0.00
     0     0     1580.00      963.00        0.00
     0     0     1586.00      963.00        0.00
     0     0     1588.00      969.00        0.00
     0     0     1582.00      975.00        0.00
     0     0     1580.00      981.00        0.00
     0     0     1574.00      989.00        0.00
     0     0     1572.00      995.00        0.00
     0     0     1570.00     1001.00        0.00
     0     0     1570.00     1007.00        0.00
     0     0     1568.00     1013.00        0.00
     0     0     1568.00     1019.00        0.00
     0     0     1568.00     1025.00        0.00
     0     0     1568.00     1033.00        0.00
     0     0     1568.00     1039.00        0.00
     0     0     1568.00     1045.00        0.00
     0     0     1568.00     1051.00        0.00
     0     0     1566.00     1057.00        0.00
     0     0     1562.00     1063.00        0.00
     0     0     1558.00     1067.00        0.00
     0     0     1552.00     1069.00        0.00
     0     0     1546.00     1073.00        0.00
     0     0     1540.00     1073.00        0.00
     0     1     1602.00     1301.00        0.00
     0     1     1602.00     1295.00        0.00
     0     1     1604.00     1289.00        0.00
     0     1     1606.00     1283.00        0.00
     0     1     1606.00     1277.00        0.00
     0     1     1608.00     1269.00        0.00
     0     1     1608.00     1261.00        0.00
     0     1     1608.00     1253.00        0.00
     0     1     1608.00     1247.00        0.00
     0     1     1608.00     1241.00        0.00
     0     1     1610.00     1233.00        0.00
     0     1     1610.00     1225.00        0.00
     0     1     1612.00     1219.00        0.00
     0     1     1612.00     1213.00        0.00
     0     1     1614.00     1207.00        0.00
     0     1     1618.00     1201.00        0.00
     0     1     1620.00     1195.00        0.00
     0     1     1622.00     1189.00        0.00
     0     1     1626.00     1185.00        0.00
     0     1     1628.00     1179.00        0.00
     0     1     1630.00     1173.00        0.00
     0     1     1632.00     1165.00        0.00
     0     1     1636.00     1157.00        0.00
     0     1     1636.00     1151.00        0.00
     0     1     1638.00     1145.00        0.00
     0     1     1638.00     1139.00        0.00
     0     1     1638.00     1133.00        0.00
     0     1     1640.00     1127.00        0.00
     0     1     1640.00     1121.00        0.00
     0     1     1642.00     1113.00        0.00
     0     1     1642.00     1107.00        0.00
     0     1     1644.00     1101.00        0.00
     0     1     1646.00     1095.00        0.00
     0     1     1648.00     1089.00        0.00
     0     1     1652.00     1083.00        0.00
     0     1     1654.00     1077.00        0.00
     0     1     1660.00     1069.00        0.00
     0     1     1666.00     1061.00        0.00
     0     1     1670.00     1053.00        0.00
     0     1     1674.00     1047.00        0.00
     0     1     1680.00     1041.00        0.00
     0     1     1686.00     1035.00        0.00
     0     1     1692.00     1029.00        0.00
     0     1     1698.00     1021.00        0.00
     0     1     1702.00     1013.00        0.00
     0     1     1704.00     1005.00        0.00
     0     1     1704.00      999.00        0.00
     0     1     1704.00      991.00        0.00
     0     1     1702.00      983.00        0.00
     0     1     1700.00      973.00        0.00
     0     1     1698.00      967.00        0.00
     0     1     1696.00      961.00        0.00
     0     1     1696.00      953.00        0.00
     0     1     1696.00      947.00        0.00
     0     1     1696.00      941.00        0.00
     0     1     1698.00      935.00        0.00
     0     1     1702.00      929.00        0.00
     0     1     1706.00      923.00        0.00
     0     1     1710.00      917.00        0.00
     0     1     1714.00      909.00        0.00
     0     1     1718.00      905.00        0.00
     0     1     1722.00      897.00        0.00
     0     1     1726.00      893.00        0.00
     0     1     1726.00      887.00        0.00
     0     1     1726.00      881.00        0.00
     0     1     1724.00      875.00        0.00
     0     1     1720.00      871.00        0.00
     0     1     1714.00      869.00        0.00
     0     1     1708.00      869.00        0.00
     0     1     1700.00      867.00        0.00
     0     1     1694.00      867.00        0.00
     0     1     1688.00      867.00        0.00
     0     1     1680.00      867.00        0.00
     0     1     1674.00      867.00        0.00
     0     1     1668.00      867.00        0.00
     0     1     1660.00      865.00        0.00
     0     1     1654.00      865.00        0.00
     0     1     1648.00      861.00        0.00
     0     1     1642.00      859.00        0.00
     0     1     1636.00      857.00        0.00
     0     1     1630.00      855.00        0.00
     0     1     1624.00      853.00        0.00
     0     1     1618.00      851.00        0.00
     0     1     1610.00      851.00        0.00
     0     1     1600.00      851.00        0.00
     0     1     1594.00      851.00        0.00
     0     1     1588.00      853.00        0.00
     0     1     1582.00      857.00        0.00
     0     1     1576.00      861.00        0.00
     0     1     1570.00      863.00        0.00
     0     1     1564.00      869.00        0.00
     0     1     1560.00      875.00        0.00
     0     1     1558.00      881.00        0.00
     0     1     1554.00      887.00        0.00
     0     1     1554.00      893.00        0.00
     0     1     1560.00      901.00        0.00
     0     1     1564.00      905.00        0.00
     0     1     1570.00      911.00        0.00
     0     1     1576.00      915.00        0.00
     0     1     1578.00      921.00        0.00
     0     1     1582.00      925.00        0.00
     0     1     1586.00      931.00        0.00
     0     1     1590.00      935.00        0.00
     0     1     1594.00      941.00        0.00
     0     1     1596.00      947.00        0.00
     0     1     1600.00      953.00        0.00
     0     1     1604.00      957.00        0.00
     0     1     1606.00      963.00        0.00
     0     1     1610.00      967.00        0.00
     0     1     1612.00      973.00        0.00
     0     1     1616.00      981.00        0.00
     0     1     1620.00      985.00        0.00
     0     1     1620.00      991.00        0.00
     0     1     1622.00      997.00        0.00
     0     1     1624.00     1003.00        0.00
     0     1     1626.00     1009.00        0.00
     0     1     1626.00     1015.00        0.00
     0     1     1628.00     1021.00        0.00
     0     1     1630.00     1027.00        0.00
     0     1     1630.00     1033.00        0.00
     0     1     1630.00     1039.00        0.00
     0     1     1630.00     1045.00        0.00
     0     1     1630.00     1053.00        0.00
     0     1     1630.00     1059.00        0.00
     0     1     1630.00     1067.00        0.00
     0     1     1630.00     1073.00        0.00
     0     1     1628.00     1079.00        0.00
     0     1     1628.00     1085.00        0.00
     0     1     1628.00     1091.00        0.00
     0     1     1628.00     1097.00        0.00
     0     1     1628.00     1103.00        0.00
     0     1     1628.00     1109.00        0.00
     0     1     1630.00     1115.00        0.00
     0     1     1632.00     1121.00        0.00
     0     1     1634.00     1127.00        0.00
     0     1     1634.00     1133.00        0.00
     0     1     1636.00     1139.00        0.00
     0     1     1636.00     1145.00        0.00
     0     1     1636.00     1151.00        0.00
     0     1     1634.00     1157.00        0.00
     0     1     1634.00     1163.00        0.00
     0     1     1632.00     1169.00        0.00
     0     1     1628.00     1175.00        0.00
     0     1     1624.00     1179.00        0.00
     0     1     1620.00     1185.00        0.00
     0     1     1616.00     1191.00        0.00
     0     1     1614.00     1197.00        0.00
     0     1     1610.00     1205.00        0.00
     0     1     1608.00     1211.00        0.00
     0     1     1604.00     1219.00        0.00
     0     1     1600.00     1227.00        0.00
     0     1     1598.00     1233.00        0.00
     0     1     1596.00     1239.00        0.00
     0     1     1596.00     1245.00        0.00
     0     1     1592.00     1251.00        0.00
     0     1     1590.00     1257.00        0.00
     0     1     1588.00     1263.00        0.00
     0     1     1584.00     1267.00        0.00
     0     1     1580.00     1271.00        0.00
     0     1     1578.00     1277.00        0.00
     0     1     1576.00     1283.00        0.00
     0     1     1574.00     1289.00        0.00
     0     2     1810.00      369.00        0.00
     0     2     1792.00      377.00        0.00
     0     2     1786.00      379.00        0.00
     0     2     1780.00      381.00        0.00
     0     2     1774.00      385.00        0.00
     0     2     1768.00      385.00        0.00
     0     2     1762.00      387.00        0.00
     0     2     1756.00      387.00        0.00
     0     2     1748.00      389.00        0.00
     0     2     1742.00      391.00        0.00
     0     2     1736.00      393.00        0.00
     0     2     1724.00      395.00        0.00
     0     2     1714.00      395.00        0.00
     0     2     1708.00      397.00        0.00
     0     2     1702.00      399.00        0.00
     0     2     1696.00      403.00        0.00
     0     2     1692.00      407.00        0.00
     0     2     1686.00      409.00        0.00
     0     2     1680.00      413.00        0.00
     0     2     1672.00      417.00        0.00
     0     2     1666.00      419.00        0.00
     0     2     1660.00      417.00        0.00
     0     2     1656.00      411.00        0.00
     0     2     1652.00      407.00        0.00
     0     2     1650.00      401.00        0.00
     0     2     1646.00      391.00        0.00
     0     2     1644.00      383.00        0.00
     0     2     1642.00      377.00        0.00
     0     2     1640.00      367.00        0.00
     0     2     1638.00      359.00        0.00
     0     2     1634.00      351.00        0.00
     0     2     1630.00      345.00        0.00
     0     2     1626.00      339.00        0.00
     0     2     1622.00      335.00        0.00
     0     2     1618.00      331.00        0.00
     0     2     1610.00      329.00        0.00
     0     2     1604.00      325.00        0.00
     0     2     1598.00      325.00        0.00
     0     2     1592.00      321.00        0.00
     0     2     1584.00      319.00        0.00
     0     2     1578.00      317.00        0.00
     0     2     1570.00      315.00        0.00
     0     2     1564.00      313.00        0.00
     0     2     1558.00      313.00        0.00
     0     2     1550.00      309.00        0.00
     0     2     1542.00      307.00        0.00
     0     2     1536.00      305.00        0.00
     0     2     1530.00      303.00        0.00
     0     2     1524.00      299.00        0.00
     0     2     1518.00      295.00        0.00
     0     2     1514.00      291.00        0.00
     0     2     1510.00      285.00        0.00
     0     2     1508.00      279.00        0.00
     0     2     1506.00      273.00        0.00
     0     2     1506.00      267.00        0.00
     0     2     1508.00      261.00        0.00
     0     2     1512.00      257.00        0.00
     0     2     1520.00      253.00        0.00
     0     2     1524.00      249.00        0.00
     0     2     1530.00      245.00        0.00
     0     2     1538.00      243.00        0.00
     0     2     1546.00      243.00        0.00
     0     2     1552.00      243.00        0.00
     0     2     1558.00      243.00        0.00
     0     2     1564.00      243.00        0.00
     0     2     1570.00      243.00        0.00
     0     2     1578.00      243.00        0.00
     0     2     1586.00      243.00        0.00
     0     2     1592.00      245.00        0.00
     0     2     1598.00      245.00        0.00
     0     2     1604.00      245.00        0.00
     0     2     1610.00      247.00        0.00
     0     2     1616.00      247.00        0.00
     0     2     1624.00      249.00        0.00
     0     2     1630.00      251.00        0.00
     0     2     1636.00      251.00        0.00
     0     2     1644.00      251.00        0.00
     0     2     1652.00      251.00        0.00
     0     2     1660.00      247.00        0.00
     0     2     1666.00      247.00        0.00
     0     2     1672.00      245.00        0.00
     0     2     1678.00      243.00        0.00
     0     2     1684.00      243.00        0.00
     0     2     1694.00      241.00        0.00
     0     2     1702.00      241.00        0.00
     0     2     1708.00      241.00        0.00
     0     2     1714.00      241.00        0.00
     0     2     1722.00      239.00        0.00
     0     2     1730.00      237.00        0.00
     0     2     1736.00      237.00        0.00
     0     2     1742.00      235.00        0.00
     0     2     1748.00      231.00        0.00
     0     2     1754.00      227.00        0.00
     0     2     1760.00      221.00        0.00
     0     2     1764.00      217.00        0.00
     0     2     1768.00      213.00        0.00
     0     2     1772.00      209.00        0.00
     0     2     1778.00      205.00        0.00
     0     2     1786.00      203.00        0.00
     0     2     1792.00      199.00        0.00
     0     2     1798.00      197.00        0.00
     0     2     1806.00      195.00        0.00
     0     2     1812.00      193.00        0.00
     0     2     1818.00      191.00        0.00
     0     2     1824.00      187.00        0.00
     0     2     1830.00      183.00        0.00
     0     2     1836.00      181.00        0.00
     0     2     1842.00      177.00        0.00
     0     2     1852.00      173.00        0.00
     0     2     1860.00      169.00        0.00
     0     2     1864.00      165.00        0.00
     0     2     1870.00      161.00        0.00
     0     2     1876.00      157.00        0.00
     0     2     1882.00      153.00        0.00
     0     2     1888.00      149.00        0.00
     0     2     1892.00      143.00        0.00
     0     2     1898.00      137.00        0.00
     0     2     1902.00      131.00        0.00
     0     2     1908.00      127.00        0.00
     0     2     1912.00      121.00        0.00
     0     2     1916.00      117.00        0.00
     0     2     1920.00      113.00        0.00
     0     2     1924.00      109.00        0.00
     0     2     1928.00      105.00        0.00
     0     2     1932.00      101.00        0.00
     0     2     1936.00       97.00        0.00
     0     2     1936.00      103.00        0.00
     0     2     1936.00      109.00        0.00
     0     2     1936.00      117.00        0.00
     0     2     1936.00      123.00        0.00
     0     2     1936.00      129.00        0.00
     0     2     1936.00      137.00        0.00
     0     2     1934.00      145.00        0.00
     0     2     1930.00      149.00        0.00
     0     2     1926.00      155.00        0.00
     0     2     1920.00      161.00        0.00
     0     2     1916.00      167.00        0.00
     0     2     1910.00      171.00        0.00
     0     2     1904.00      175.00        0.00
     0     2     1900.00      179.00        0.00
     0     2     1894.00      185.00        0.00
     0     2     1888.00      189.00        0.00
     0     2     1884.00      193.00        0.00
     0     2     1880.00      197.00        0.00
     0     2     1874.00      203.00        0.00
     0     2     1868.00      207.00        0.00
     0     2     1864.00      215.00        0.00
     0     2     1858.00      221.00        0.00
     0     2     1854.00      229.00        0.00
     0     2     1850.00      235.00        0.00
     0     2     1848.00      241.00        0.00
     0     2     1846.00      247.00        0.00
     0     2     1842.00      251.00        0.00
     0     2     1842.00      257.00        0.00
     0     2     1840.00      263.00        0.00
     0     2     1836.00      271.00        0.00
     0     2     1834.00      277.00        0.00
     0     2     1832.00      285.00        0.00
     0     2     1828.00      291.00        0.00
     0     2     1826.00      297.00        0.00
     0     2     1824.00      303.00        0.00
     0     2     1822.00      311.00        0.00
     0     2     1820.00      317.00        0.00
     0     2     1820.00      323.00        0.00
     0     2     1818.00      329.00        0.00
     0     2     1818.00      335.00        0.00
     0     3     1456.00      861.00        0.00
     0     3     1456.00      853.00        0.00
     0     3     1458.00      847.00        0.00
     0     3     1462.00      839.00        0.00
     0     3     1464.00      833.00        0.00
     0     3     1466.00      827.00        0.00
     0     3     1468.00      821.00        0.00
     0     3     1472.00      813.00        0.00
     0     3     1474.00      805.00        0.00
     0     3     1478.00      799.00        0.00
     0     3     1482.00      793.00        0.00
     0     3     1486.00      789.00        0.00
     0     3     1488.00      783.00        0.00
     0     3     1492.00      779.00        0.00
     0     3     1496.00      773.00        0.00
     0     3     1502.00      767.00        0.00
     0     3     1506.00      759.00        0.00
     0     3     1510.00      755.00        0.00
     0     3     1516.00      749.00        0.00
     0     3     1520.00      743.00        0.00
     0     3     1526.00      735.00        0.00
     0     3     1530.00      731.00        0.00
     0     3     1534.00      725.00        0.00
     0     3     1538.00      719.00        0.00
     0     3     1542.00      713.00        0.00
     0     3     1546.00      705.00        0.00
     0     3     1550.00      701.00        0.00
     0     3     1554.00      697.00        0.00
     0     3     1558.00      691.00        0.00
     0     3     1564.00      687.00        0.00
     0     3     1570.00      683.00        0.00
     0     3     1574.00      679.00        0.00
     0     3     1580.00      673.00        0.00
     0     3     1584.00      669.00        0.00
     0     3     1590.00      665.00        0.00
     0     3     1594.00      661.00        0.00
     0     3     1598.00      657.00        0.00
     0     3     1602.00      653.00        0.00
     0     3     1610.00      649.00        0.00
     0     3     1618.00      645.00        0.00
     0     3     1624.00      645.00        0.00
     0     3     1632.00      641.00        0.00
     0     3     1638.00      639.00        0.00
     0     3     1644.00      639.00        0.00
     0     3     1650.00      639.00        0.00
     0     3     1656.00      641.00        0.00
     0     3     1658.00      647.00        0.00
     0     3     1660.00      655.00        0.00
     0     3     1660.00      661.00        0.00
     0     3     1660.00      667.00        0.00
     0     3     1660.00      673.00        0.00
     0     3     1658.00      679.00        0.00
     0     3     1658.00      685.00        0.00
     0     3     1656.00      691.00        0.00
     0     3     1654.00      697.00        0.00
     0     3     1650.00      703.00        0.00
     0     3     1650.00      709.00        0.00
     0     3     1648.00      717.00        0.00
     0     3     1646.00      723.00        0.00
     0     3     1644.00      729.00        0.00
     0     3     1640.00      735.00        0.00
     0     3     1638.00      741.00        0.00
     0     3     1636.00      749.00        0.00
     0     3     1632.00      753.00        0.00
     0     3     1630.00      763.00        0.00
     0     3     1628.00      769.00        0.00
     0     3     1630.00      775.00        0.00
     0     3     1636.00      775.00        0.00
     0     3     1644.00      775.00        0.00
     0     3     1654.00      771.00        0.00
     0     3     1660.00      767.00        0.00
     0     3     1668.00      765.00        0.00
     0     3     1680.00      759.00        0.00
     0     3     1690.00      755.00        0.00
     0     3     1700.00      749.00        0.00
     0     3     1708.00      745.00        0.00
     0     3     1714.00      739.00        0.00
     0     3     1724.00      733.00        0.00
     0     3     1730.00      733.00        0.00
     0     3     1740.00      731.00        0.00
     0     3     1748.00      731.00        0.00
     0     3     1756.00      731.00        0.00
     0     3     1764.00      731.00        0.00
     0     3     1770.00      731.00        0.00
     0     3     1778.00      733.00        0.00
     0     3     1784.00      735.00        0.00
     0     3     1792.00      735.00        0.00
     0     3     1800.00      733.00        0.00
     0     3     1804.00      729.00        0.00
     0     3     1804.00      723.00        0.00
     0     3     1804.00      715.00        0.00
     0     3     1804.00      709.00        0.00
     0     3     1804.00      701.00        0.00
     0     3     1812.00      699.00        0.00
     0     3     1820.00      699.00        0.00
     0     3     1826.00      701.00        0.00
     0     3     1830.00      705.00        0.00
     0     3     1836.00      707.00        0.00
     0     3     1844.00      705.00        0.00
     0     3     1854.00      701.00        0.00
     0     3     1858.00      695.00        0.00
     0     3     1862.00      685.00        0.00
     0     3     1866.00      675.00        0.00
     0     3     1870.00      667.00        0.00
     0     3     1878.00      659.00        0.00
     0     3     1882.00      653.00        0.00
     0     3     1888.00      649.00        0.00
     0     3     1896.00      643.00        0.00
     0     3     1902.00      637.00        0.00
     0     3     1906.00      633.00        0.00
     0     3     1910.00      629.00        0.00
     0     3     1912.00      623.00        0.00
     0     3     1918.00      619.00        0.00
     0     3     1922.00      613.00        0.00
     0     3     1926.00      605.00        0.00
     0     3     1926.00      599.00        0.00
     0     3     1926.00      593.00        0.00
     0     3     1926.00      587.00        0.00
     0     3     1926.00      581.00        0.00
     0     3     1920.00      573.00        0.00
     0     3     1914.00      569.00        0.00
     0     3     1910.00      565.00        0.00
     0     3     1902.00      563.00        0.00
     0     3     1898.00      559.00        0.00
     0     3     1894.00      555.00        0.00
     0     3     1890.00      547.00        0.00
     0     3     1886.00      537.00        0.00
     0     3     1884.00      527.00        0.00
     0     3     1882.00      515.00        0.00
     0     3     1880.00      507.00        0.00
     0     3     1876.00      497.00        0.00
     0     3     1872.00      489.00        0.00
     0     3     1870.00      483.00        0.00
     0     3     1868.00      477.00        0.00
     0     3     1864.00      473.00        0.00
     0     3     1860.00      469.00        0.00
     0     3     1856.00      465.00        0.00
     0     3     1850.00      463.00        0.00
     0     3     1844.00      463.00        0.00
     0     3     1838.00      461.00        0.00
     0     3     1832.00      461.00        0.00
     0     3     1826.00      461.00        0.00
     0     3     1820.00      461.00        0.00
     0     3     1814.00      459.00        0.00
     0     3     1808.00      457.00        0.00
     0     3     1808.00      449.00        0.00
     0     3     1810.00      443.00        0.00
     0     3     1814.00      437.00        0.00
     0     3     1818.00      429.00        0.00
     0     3     1822.00      425.00        0.00
     0     3     1828.00      421.00        0.00
     0     3     1834.00      415.00        0.00
     0     3     1840.00      411.00        0.00
     0     3     1844.00      405.00        0.00
     0     3     1848.00      399.00        0.00
     0     3     1854.00      391.00        0.00
     0     3     1856.00      385.00        0.00
     0     3     1858.00      379.00        0.00
     0     3     1858.00      373.00        0.00
     0     3     1858.00      365.00        0.00
     0     3     1858.00      359.00        0.00
     0     3     1856.00      353.00        0.00
     0     3     1850.00      351.00        0.00
     0     3     1842.00      351.00        0.00
     0     3     1836.00      353.00        0.00
     0     3     1830.00      357.00        0.00
     0     3     1826.00      361.00        0.00
     0     3     1822.00      367.00        0.00
     0     3     1816.00      375.00        0.00
     0     3     1812.00      379.00        0.00
     0     3     1806.00      383.00        0.00
     0     3     1800.00      385.00        0.00
     0     3     1794.00      387.00        0.00
     0     3     1788.00      389.00        0.00
     0     3     1782.00      391.00        0.00
     0     3     1776.00      393.00        0.00
     0     3     1770.00      395.00        0.00
     0     3     1764.00      399.00        0.00
     0     3     1758.00      401.00        0.00
     0     3     1750.00      403.00        0.00
     0     3     1742.00      405.00        0.00
     0     3     1734.00      407.00        0.00
     0     3     1728.00      409.00        0.00
     0     3     1722.00      409.00        0.00
     0     3     1714.00      411.00        0.00
     0     3     1706.00      413.00        0.00
     0     3     1698.00      415.00        0.00
     0     3     1690.00      417.00        0.00
     0     3     1684.00      417.00        0.00
     0     3     1676.00      419.00        0.00
     0     3     1668.00      421.00        0.00
     0     3     1660.00      421.00        0.00
     0     3     1654.00      417.00        0.00
     0     3     1650.00      413.00        0.00
     0     3     1648.00      407.00        0.00
     0     3     1646.00      401.00        0.00
     0     3     1644.00      407.00        0.00
     0     3     1642.00      415.00        0.00
     0     3     1640.00      421.00        0.00
     0     3     1640.00      427.00        0.00
     0     3     1640.00      433.00        0.00
     0     3     1640.00      439.00        0.00
     0     3     1640.00      445.00        0.00
     0     3     1638.00      451.00        0.00
     0     3     1636.00      459.00        0.00
     0     3     1632.00      465.00        0.00
     0     3     1630.00      471.00        0.00
     0     3     1626.00      477.00        0.00
     0     3     1622.00      485.00        0.00
     0     3     1616.00      493.00        0.00
     0     3     1612.00      499.00        0.00
     0     3     1610.00      505.00        0.00
     0     3     1608.00      511.00        0.00
     0     3     1602.00      519.00        0.00
     0     3     1598.00      527.00        0.00
     0     3     1594.00      535.00        0.00
     0     3     1592.00      541.00        0.00
     0     3     1588.00      549.00        0.00
     0     3     1586.00      555.00        0.00
     0     3     1582.00      563.00        0.00
     0     3     1580.00      569.00        0.00
     0     3     1586.00      575.00        0.00
     0     3     1594.00      581.00        0.00
     0     3     1598.00      585.00        0.00
     0     3     1602.00      589.00        0.00
     0     3     1606.00      593.00        0.00
     0     3     1614.00      597.00        0.00
     0     3     1618.00      601.00        0.00
     0     3     1620.00      607.00        0.00
     0     3     1620.00      613.00        0.00
     0     3     1616.00      619.00        0.00
     0     3     1612.00      623.00        0.00
     0     3     1608.00      627.00        0.00
     0     3     1604.00      631.00        0.00
     0     3     1600.00      635.00        0.00
     0     3     1596.00      639.00        0.00
     0     3     1592.00      647.00        0.00
     0     3     1588.00      651.00        0.00
     0     3     1584.00      657.00        0.00
     0     3     1580.00      661.00        0.00
     0     3     1576.00      665.00        0.00
     0     3     1572.00      669.00        0.00
     0     3     1566.00      673.00        0.00
     0     3     1562.00      677.00        0.00
     0     3     1558.00      683.00        0.00
     0     3     1554.00      687.00        0.00
     0     3     1550.00      693.00        0.00
     0     3     1546.00      699.00        0.00
     0     3     1540.00      705.00        0.00
     0     3     1534.00      711.00        0.00
     0     3     1530.00      717.00        0.00
     0     3     1526.00      721.00        0.00
     0     3     1522.00      725.00        0.00
     0     3     1518.00      731.00        0.00
     0     3     1514.00      735.00        0.00
     0     3     1510.00      741.00        0.00
     0     3     1506.00      745.00        0.00
     0     3     1502.00      749.00        0.00
     0     3     1498.00      755.00        0.00
     0     3     1494.00      759.00        0.00
     0     3     1490.00      763.00        0.00
     0     3     1488.00      769.00        0.00
     0     4     1138.00      651.00        0.00
     0     4     1152.00      655.00        0.00
     0     4     1160.00      655.00        0.00
     0     4     1168.00      657.00        0.00
     0     4     1176.00      659.00        0.00
     0     4     1182.00      661.00        0.00
     0     4     1186.00      665.00        0.00
     0     4     1194.00      667.00        0.00
     0     4     1200.00      667.00        0.00
     0     4     1208.00      669.00        0.00
     0     4     1214.00      669.00        0.00
     0     4     1220.00      669.00        0.00
     0     4     1226.00      669.00        0.00
     0     4     1232.00      671.00        0.00
     0     4     1236.00      675.00        0.00
     0     4     1238.00      681.00        0.00
     0     4     1236.00      689.00        0.00
     0     4     1230.00      697.00        0.00
     0     4     1214.00      707.00        0.00
     0     4     1202.00      713.00        0.00
     0     4     1198.00      717.00        0.00
     0     4     1192.00      725.00        0.00
     0     4     1180.00      731.00        0.00
     0     4     1166.00      739.00        0.00
     0     4     1158.00      743.00        0.00
     0     4     1150.00      747.00        0.00
     0     4     1142.00      751.00        0.00
     0     4     1128.00      757.00        0.00
     0     4     1120.00      763.00        0.00
     0     4     1110.00      769.00        0.00
     0     4     1094.00      779.00        0.00
     0     4     1086.00      785.00        0.00
     0     4     1078.00      789.00        0.00
     0     4     1072.00      793.00        0.00
     0     4     1066.00      799.00        0.00
     0     4     1060.00      803.00        0.00
     0     4     1056.00      809.00        0.00
     0     4     1052.00      813.00        0.00
     0     4     1048.00      817.00        0.00
     0     4     1042.00      821.00        0.00
     0     4     1038.00      827.00        0.00
     0     4     1032.00      833.00        0.00
     0     4     1026.00      839.00        0.00
     0     4     1016.00      845.00        0.00
     0     4     1008.00      851.00        0.00
     0     4      996.00      859.00        0.00
     0     4      986.00      865.00        0.00
     0     4      978.00      871.00        0.00
     0     4      968.00      875.00        0.00
     0     4      960.00      881.00        0.00
     0     4      946.00      887.00        0.00
     0     4      938.00      891.00        0.00
     0     4      932.00      891.00        0.00
     0     4      926.00      893.00        0.00
     0     4      916.00      895.00        0.00
     0     4      908.00      897.00        0.00
     0     4      900.00      899.00        0.00
     0     4      892.00      899.00        0.00
     0     4      884.00      899.00        0.00
     0     4      876.00      897.00        0.00
     0     4      868.00      895.00        0.00
     0     4      862.00      893.00        0.00
     0     4      856.00      889.00        0.00
     0     4      846.00      887.00        0.00
     0     4      840.00      883.00        0.00
     0     4      834.00      881.00        0.00
     0     4      828.00      879.00        0.00
     0     4      822.00      877.00        0.00
     0     4      814.00      873.00        0.00
     0     4      810.00      869.00        0.00
     0     4      804.00      861.00        0.00
     0     4      800.00      857.00        0.00
     0     4      796.00      849.00        0.00
     0     4      792.00      843.00        0.00
     0     4      788.00      837.00        0.00
     0     4      784.00      831.00        0.00
     0     4      776.00      825.00        0.00
     0     4      768.00      819.00        0.00
     0     4      764.00      815.00        0.00
     0     4      758.00      807.00        0.00
     0     4      754.00      799.00        0.00
     0     4      750.00      793.00        0.00
     0     4      750.00      787.00        0.00
     0     4      750.00      781.00        0.00
     0     4      754.00      773.00        0.00
     0     4      756.00      767.00        0.00
     0     4      762.00      761.00        0.00
     0     4      766.00      757.00        0.00
     0     4      772.00      755.00        0.00
     0     4      778.00      749.00        0.00
     0     4      786.00      745.00        0.00
     0     4      792.00      743.00        0.00
     0     4      800.00      741.00        0.00
     0     4      806.00      737.00        0.00
     0     4      816.00      735.00        0.00
     0     4      824.00      735.00        0.00
     0     4      834.00      735.00        0.00
     0     4      842.00      737.00        0.00
     0     4      850.00      737.00        0.00
     0     4      862.00      741.00        0.00
     0     4      872.00      743.00        0.00
     0     4      880.00      745.00        0.00
     0     4      886.00      749.00        0.00
     0     4      894.00      751.00        0.00
     0     4      902.00      753.00        0.00
     0     4      908.00      753.00        0.00
     0     4      916.00      755.00        0.00
     0     4      924.00      759.00        0.00
     0     4      932.00      761.00        0.00
     0     4      940.00      761.00        0.00
     0     4      948.00      763.00        0.00
     0     4      954.00      763.00        0.00
     0     4      960.00      763.00        0.00
     0     4      968.00      763.00        0.00
     0     4      974.00      763.00        0.00
     0     4      980.00      763.00        0.00
     0     4      986.00      763.00        0.00
     0     4      994.00      763.00        0.00
     0     4     1000.00      763.00        0.00
     0     4     1006.00      763.00        0.00
     0     4     1014.00      763.00        0.00
     0     4     1020.00      761.00        0.00
     0     4     1026.00      761.00        0.00
     0     4     1034.00      759.00        0.00
     0     4     1040.00      755.00        0.00
     0     4     1046.00      755.00        0.00
     0     4     1052.00      753.00        0.00
     0     4     1058.00      751.00        0.00
     0     4     1066.00      747.00        0.00
     0     4     1072.00      745.00        0.00
     0     4     1078.00      741.00        0.00
     0     4     1082.00      737.00        0.00
     0     4     1088.00      733.00        0.00
     0     4     1094.00      731.00        0.00
     0     4     1100.00      727.00        0.00
     0     4     1108.00      725.00        0.00
     0     4     1114.00      721.00        0.00
     0     4     1120.00      719.00        0.00
     0     4     1124.00      715.00        0.00
     0     4     1128.00      711.00        0.00
     0     4     1130.00      705.00        0.00
     0     4     1132.00      699.00        0.00
     0     4     1134.00      693.00        0.00
     0     4     1136.00      687.00        0.00
     0     5     1294.00      517.00        0.00
     0     5     1274.00      509.00        0.00
     0     5     1268.00      507.00        0.00
     0     5     1262.00      505.00        0.00
     0     5     1256.00      505.00        0.00
     0     5     1248.00      505.00        0.00
     0     5     1242.00      509.00        0.00
     0     5     1238.00      513.00        0.00
     0     5     1234.00      517.00        0.00
     0     5     1228.00      525.00        0.00
     0     5     1222.00      531.00        0.00
     0     5     1218.00      535.00        0.00
     0     5     1214.00      539.00        0.00
     0     5     1210.00      543.00        0.00
     0     5     1206.00      549.00        0.00
     0     5     1204.00      555.00        0.00
     0     5     1202.00      563.00        0.00
     0     5     1202.00      569.00        0.00
     0     5     1202.00      575.00        0.00
     0     5     1202.00      583.00        0.00
     0     5     1204.00      591.00        0.00
     0     5     1204.00      599.00        0.00
     0     5     1206.00      605.00        0.00
     0     5     1208.00      611.00        0.00
     0     5     1208.00      617.00        0.00
     0     5     1210.00      623.00        0.00
     0     5     1210.00      629.00        0.00
     0     5     1210.00      635.00        0.00
     0     5     1210.00      641.00        0.00
     0     5     1210.00      647.00        0.00
     0     5     1206.00      651.00        0.00
     0     5     1202.00      655.00        0.00
     0     5     1194.00      657.00        0.00
     0     5     1188.00      657.00        0.00
     0     5     1182.00      657.00        0.00
     0     5     1174.00      655.00        0.00
     0     5     1168.00      655.00        0.00
     0     5     1162.00      653.00        0.00
     0     5     1156.00      651.00        0.00
     0     5     1150.00      651.00        0.00
     0     5     1144.00      651.00        0.00
     0     5     1140.00      655.00        0.00
     0     5     1138.00      661.00        0.00
     0     5     1138.00      667.00        0.00
     0     5     1138.00      673.00        0.00
     0     5     1132.00      673.00        0.00
     0     5     1124.00      669.00        0.00
     0     5     1120.00      665.00        0.00
     0     5     1116.00      659.00        0.00
     0     5     1108.00      649.00        0.00
     0     5     1104.00      643.00        0.00
     0     5     1100.00      637.00        0.00
     0     5     1096.00      631.00        0.00
     0     5     1092.00      627.00        0.00
     0     5     1088.00      621.00        0.00
     0     5     1082.00      617.00        0.00
     0     5     1078.00      613.00        0.00
     0     5     1072.00      609.00        0.00
     0     5     1068.00      605.00        0.00
     0     5     1062.00      603.00        0.00
     0     5     1056.00      603.00        0.00
     0     5     1048.00      603.00        0.00
     0     5     1042.00      601.00        0.00
     0     5     1036.00      599.00        0.00
     0     5     1030.00      597.00        0.00
     0     5     1024.00      593.00        0.00
     0     5     1022.00      585.00        0.00
     0     5     1024.00      579.00        0.00
     0     5     1026.00      573.00        0.00
     0     5     1030.00      563.00        0.00
     0     5     1032.00      557.00        0.00
     0     5     1034.00      551.00        0.00
     0     5     1034.00      543.00        0.00
     0     5     1036.00      537.00        0.00
     0     5     1036.00      527.00        0.00
     0     5     1038.00      519.00        0.00
     0     5     1038.00      511.00        0.00
     0     5     1042.00      507.00        0.00
     0     5     1044.00      501.00        0.00
     0     5     1048.00      497.00        0.00
     0     5     1054.00      493.00        0.00
     0     5     1058.00      489.00        0.00
     0     5     1064.00      485.00        0.00
     0     5     1070.00      481.00        0.00
     0     5     1076.00      477.00        0.00
     0     5     1080.00      473.00        0.00
     0     5     1082.00      467.00        0.00
     0     5     1086.00      463.00        0.00
     0     5     1090.00      457.00        0.00
     0     5     1092.00      451.00        0.00
     0     5     1096.00      447.00        0.00
     0     5     1098.00      441.00        0.00
     0     5     1100.00      433.00        0.00
     0     5     1100.00      427.00        0.00
     0     5     1100.00      419.00        0.00
     0     5     1100.00      413.00        0.00
     0     5     1100.00      407.00        0.00
     0     5     1096.00      403.00        0.00
     0     5     1094.00      397.00        0.00
     0     5     1092.00      391.00        0.00
     0     5     1090.00      383.00        0.00
     0     5     1088.00      377.00        0.00
     0     5     1088.00      371.00        0.00
     0     5     1088.00      361.00        0.00
     0     5     1090.00      351.00        0.00
     0     5     1092.00      343.00        0.00
     0     5     1096.00      335.00        0.00
     0     5     1098.00      327.00        0.00
     0     5     1098.00      319.00        0.00
     0     5     1100.00      313.00        0.00
     0     5     1102.00      307.00        0.00
     0     5     1102.00      301.00        0.00
     0     5     1106.00      291.00        0.00
     0     5     1110.00      283.00        0.00
     0     5     1112.00      275.00        0.00
     0     5     1120.00      267.00        0.00
     0     5     1122.00      261.00        0.00
     0     5     1124.00      253.00        0.00
     0     5     1126.00      247.00        0.00
     0     5     1128.00      241.00        0.00
     0     5     1128.00      235.00        0.00
     0     5     1128.00      229.00        0.00
     0     5     1128.00      223.00        0.00
     0     5     1126.00      217.00        0.00
     0     5     1126.00      211.00        0.00
     0     5     1122.00      205.00        0.00
     0     5     1118.00      199.00        0.00
     0     5     1116.00      193.00        0.00
     0     5     1114.00      187.00        0.00
     0     5     1112.00      179.00        0.00
     0     5     1112.00      169.00        0.00
     0     5     1112.00      163.00        0.00
     0     5     1112.00      157.00        0.00
     0     5     1116.00      153.00        0.00
     0     5     1120.00      147.00        0.00
     0     5     1126.00      143.00        0.00
     0     5     1132.00      141.00        0.00
     0     5     1138.00      139.00        0.00
     0     5     1144.00      139.00        0.00
     0     5     1150.00      141.00        0.00
     0     5     1156.00      143.00        0.00
     0     5     1164.00      143.00        0.00
     0     5     1170.00      143.00        0.00
     0     5     1176.00      145.00        0.00
     0     5     1182.00      145.00        0.00
     0     5     1188.00      145.00        0.00
     0     5     1194.00      147.00        0.00
     0     5     1202.00      149.00        0.00
     0     5     1208.00      149.00        0.00
     0     5     1214.00      151.00        0.00
     0     5     1220.00      153.00        0.00
     0     5     1226.00      157.00        0.00
     0     5     1230.00      163.00        0.00
     0     5     1236.00      167.00        0.00
     0     5     1240.00      173.00        0.00
     0     5     1244.00      177.00        0.00
     0     5     1250.00      183.00        0.00
     0     5     1254.00      187.00        0.00
     0     5     1258.00      191.00        0.00
     0     5     1264.00      195.00        0.00
     0     5     1270.00      199.00        0.00
     0     5     1276.00      203.00        0.00
     0     5     1282.00      207.00        0.00
     0     5     1286.00      213.00        0.00
     0     5     1290.00      219.00        0.00
     0     5     1292.00      225.00        0.00
     0     5     1294.00      231.00        0.00
     0     5     1294.00      237.00        0.00
     0     5     1296.00      247.00        0.00
     0     5     1296.00      255.00        0.00
     0     5     1296.00      261.00        0.00
     0     5     1296.00      269.00        0.00
     0     5     1296.00      275.00        0.00
     0     5     1296.00      281.00        0.00
     0     5     1294.00      289.00        0.00
     0     5     1294.00      295.00        0.00
     0     5     1292.00      303.00        0.00
     0     5     1292.00      309.00        0.00
     0     5     1292.00      317.00        0.00
     0     5     1292.00      323.00        0.00
     0     5     1292.00      331.00        0.00
     0     5     1292.00      337.00        0.00
     0     5     1292.00      343.00        0.00
     0     5     1290.00      353.00        0.00
     0     5     1288.00      361.00        0.00
     0     5     1286.00      369.00        0.00
     0     5     1284.00      375.00        0.00
     0     5     1282.00      381.00        0.00
     0     5     1280.00      387.00        0.00
     0     5     1278.00      393.00        0.00
     0     5     1278.00      399.00        0.00
     0     5     1278.00      405.00        0.00
     0     5     1276.00      411.00        0.00
     0     5     1276.00      417.00        0.00
     0     5     1274.00      425.00        0.00
     0     5     1272.00      431.00        0.00
     0     5     1270.00      437.00        0.00
     0     5     1270.00      443.00        0.00
     0     5     1268.00      449.00        0.00
     0     5     1268.00      455.00        0.00
     0     5     1266.00      461.00        0.00
     0     5     1266.00      467.00        0.00
     0     5     1268.00      473.00        0.00
     0     6      672.00      197.00        0.00
     0     6      680.00      211.00        0.00
     0     6      686.00      217.00        0.00
     0     6      694.00      223.00        0.00
     0     6      698.00      227.00        0.00
     0     6      706.00      231.00        0.00
     0     6      712.00      235.00        0.00
     0     6      720.00      237.00        0.00
     0     6      726.00      239.00        0.00
     0     6      734.00      239.00        0.00
     0     6      742.00      239.00        0.00
     0     6      750.00      237.00        0.00
     0     6      756.00      237.00        0.00
     0     6      764.00      233.00        0.00
     0     6      772.00      231.00        0.00
     0     6      782.00      227.00        0.00
     0     6      788.00      225.00        0.00
     0     6      796.00      223.00        0.00
     0     6      806.00      221.00        0.00
     0     6      812.00      221.00        0.00
     0     6      818.00      221.00        0.00
     0     6      826.00      221.00        0.00
     0     6      834.00      225.00        0.00
     0     6      842.00      229.00        0.00
     0     6      848.00      233.00        0.00
     0     6      854.00      237.00        0.00
     0     6      858.00      241.00        0.00
     0     6      862.00      245.00        0.00
     0     6      870.00      249.00        0.00
     0     6      878.00      253.00        0.00
     0     6      884.00      257.00        0.00
     0     6      888.00      261.00        0.00
     0     6      894.00      265.00        0.00
     0     6      900.00      267.00        0.00
     0     6      906.00      271.00        0.00
     0     6      912.00      273.00        0.00
     0     6      916.00      277.00        0.00
     0     6      922.00      279.00        0.00
     0     6      926.00      283.00        0.00
     0     6      928.00      289.00        0.00
     0     6      934.00      293.00        0.00
     0     6      936.00      299.00        0.00
     0     6      938.00      305.00        0.00
     0     6      942.00      311.00        0.00
     0     6      944.00      317.00        0.00
     0     6      944.00      323.00        0.00
     0     6      944.00      329.00        0.00
     0     6      942.00      335.00        0.00
     0     6      938.00      341.00        0.00
     0     6      934.00      345.00        0.00
     0     6      930.00      349.00        0.00
     0     6      924.00      351.00        0.00
     0     6      918.00      353.00        0.00
     0     6      912.00      357.00        0.00
     0     6      906.00      357.00        0.00
     0     6      900.00      359.00        0.00
     0     6      892.00      359.00        0.00
     0     6      884.00      359.00        0.00
     0     6      878.00      359.00        0.00
     0     6      870.00      359.00        0.00
     0     6      864.00      359.00        0.00
     0     6      858.00      359.00        0.00
     0     6      852.00      359.00        0.00
     0     6      844.00      361.00        0.00
     0     6      838.00      361.00        0.00
     0     6      832.00      365.00        0.00
     0     6      826.00      367.00        0.00
     0     6      820.00      369.00        0.00
     0     6      812.00      369.00        0.00
     0     6      806.00      369.00        0.00
     0     6      798.00      369.00        0.00
     0     6      792.00      369.00        0.00
     0     6      786.00      369.00        0.00
     0     6      780.00      371.00        0.00
     0     6      774.00      373.00        0.00
     0     6      768.00      375.00        0.00
     0     6      762.00      377.00        0.00
     0     6      756.00      379.00        0.00
     0     6      750.00      379.00        0.00
     0     6      742.00      377.00        0.00
     0     6      738.00      373.00        0.00
     0     6      732.00      367.00        0.00
     0     6      728.00      363.00        0.00
     0     6      722.00      359.00        0.00
     0     6      716.00      353.00        0.00
     0     6      710.00      347.00        0.00
     0     6      706.00      343.00        0.00
     0     6      702.00      339.00        0.00
     0     6      694.00      335.00        0.00
     0     6      688.00      331.00        0.00
     0     6      682.00      327.00        0.00
     0     6      674.00      323.00        0.00
     0     6      670.00      317.00        0.00
     0     6      666.00      313.00        0.00
     0     6      664.00      307.00        0.00
     0     6      664.00      299.00        0.00
     0     6      662.00      293.00        0.00
     0     6      662.00      287.00        0.00
     0     6      662.00      281.00        0.00
     0     6      662.00      275.00        0.00
     0     6      662.00      267.00        0.00
     0     6      662.00      259.00        0.00
     0     6      662.00      253.00        0.00
     0     6      662.00      247.00        0.00
     0     6      660.00      241.00        0.00
     0     6      658.00      235.00        0.00
     0     6      654.00      227.00        0.00
     0     6      652.00      221.00        0.00
     0     6      650.00      215.00        0.00
     0     6      646.00      207.00        0.00
     0     6      644.00      201.00        0.00
     0     6      648.00      205.00        0.00
     0     6      654.00      213.00        0.00
     0     6      658.00      217.00        0.00
     0     6      664.00      225.00        0.00
     0     6      672.00      231.00        0.00
     0     6      676.00      235.00        0.00
     0     6      680.00      241.00        0.00
     0     6      684.00      245.00        0.00
     0     6      688.00      249.00        0.00
     0     6      694.00      251.00        0.00
     0     6      698.00      247.00        0.00
     0     6      698.00      241.00        0.00
     0     6      698.00      235.00        0.00
     0     6      696.00      229.00        0.00
