     0     0      206.00     1105.00        0.00
     0     0      192.00     1107.00        0.00
     0     0      186.00     1107.00        0.00
     0     0      180.00     1107.00        0.00
     0     0      174.00     1107.00        0.00
     0     0      168.00     1105.00        0.00
     0     0      162.00     1103.00        0.00
     0     0      156.00     1103.00        0.00
     0     0      150.00     1101.00        0.00
     0     0      144.00     1101.00        0.00
     0     0      138.00     1101.00        0.00
     0     0      132.00     1101.00        0.00
     0     0      124.00     1101.00        0.00
     0     0      118.00     1101.00        0.00
     0     0      112.00     1101.00        0.00
     0     0      106.00     1101.00        0.00
     0     0      100.00     1097.00        0.00
     0     0       94.00     1095.00        0.00
     0     0       90.00     1091.00        0.00
     0     0       86.00     1087.00        0.00
     0     0       82.00     1081.00        0.00
     0     0       82.00     1075.00        0.00
     0     0       78.00     1069.00        0.00
     0     0       78.00     1063.00        0.00
     0     0       78.00     1057.00        0.00
     0     0       72.00     1055.00        0.00
     0     0       66.00     1051.00        0.00
     0     0       58.00     1047.00        0.00
     0     0       54.00     1043.00        0.00
     0     0       48.00     1039.00        0.00
     0     0       44.00     1033.00        0.00
     0     0       42.00     1027.00        0.00
     0     0       40.00     1021.00        0.00
     0     0       36.00     1013.00        0.00
     0     0       36.00     1007.00        0.00
     0     0       34.00     1001.00        0.00
     0     0       32.00      995.00        0.00
     0     0       30.00      989.00        0.00
     0     0       28.00      983.00        0.00
     0     0       26.00      977.00        0.00
     0     0       22.00      971.00        0.00
     0     0       20.00      965.00        0.00
     0     0       20.00      959.00        0.00
     0     0       20.00      953.00        0.00
     0     0       18.00      947.00        0.00
     0     0       18.00      941.00        0.00
     0     0       18.00      935.00        0.00
     0     0       18.00      929.00        0.00
     0     0       18.00      923.00        0.00
     0     0       20.00      917.00        0.00
     0     0       24.00      913.00        0.00
     0     0       28.00      907.00        0.00
     0     0       30.00      901.00        0.00
     0     0       34.00      897.00        0.00
     0     0       36.00      891.00        0.00
     0     0       40.00      887.00        0.00
     0     0       42.00      879.00        0.00
     0     0       46.00      873.00        0.00
     0     0       50.00      869.00        0.00
     0     0       52.00      863.00        0.00
     0     0       56.00      857.00        0.00
     0     0       58.00      851.00        0.00
     0     0       62.00      847.00        0.00
     0     0       66.00      843.00        0.00
     0     0       72.00      841.00        0.00
     0     0       78.00      839.00        0.00
     0     0       84.00      839.00        0.00
     0     0       90.00      843.00        0.00
     0     0       96.00      847.00        0.00
     0     0      102.00      851.00        0.00
     0     0      108.00      855.00        0.00
     0     0      114.00      857.00        0.00
     0     0      118.00      861.00        0.00
     0     0      124.00      865.00        0.00
     0     0      128.00      869.00        0.00
     0     0      134.00      871.00        0.00
     0     0      142.00      877.00        0.00
     0     0      148.00      881.00        0.00
     0     0      152.00      885.00        0.00
     0     0      160.00      891.00        0.00
     0     0      166.00      895.00        0.00
     0     0      172.00      899.00        0.00
     0     0      176.00      903.00        0.00
     0     0      182.00      905.00        0.00
     0     0      188.00      909.00        0.00
     0     0      192.00      913.00        0.00
     0     0      198.00      915.00        0.00
     0     0      204.00      917.00        0.00
     0     0      210.00      921.00        0.00
     0     0      216.00      923.00        0.00
     0     0      222.00      925.00        0.00
     0     0      228.00      927.00        0.00
     0     0      234.00      929.00        0.00
     0     0      240.00      933.00        0.00
     0     0      244.00      937.00        0.00
     0     0      248.00      941.00        0.00
     0     0      250.00      947.00        0.00
     0     0      252.00      953.00        0.00
     0     0      252.00      959.00        0.00
     0     0      252.00      965.00        0.00
     0     0      252.00      971.00        0.00
     0     0      252.00      977.00        0.00
     0     0      252.00      983.00        0.00
     0     0      252.00      989.00        0.00
     0     0      250.00      995.00        0.00
     0     0      250.00     1001.00        0.00
     0     0      250.00     1007.00        0.00
     0     0      252.00     1013.00        0.00
     0     0      254.00     1021.00        0.00
     0     0      258.00     1027.00        0.00
     0     0      260.00     1033.00        0.00
     0     0      264.00     1041.00        0.00
     0     0      268.00     1045.00        0.00
     0     0      272.00     1049.00        0.00
     0     0      276.00     1053.00        0.00
     0     0      282.00     1057.00        0.00
     0     0      286.00     1061.00        0.00
     0     0      290.00     1065.00        0.00
     0     0      292.00     1071.00        0.00
     0     0      294.00     1077.00        0.00
     0     0      288.00     1077.00        0.00
     0     0      282.00     1077.00        0.00
     0     0      244.00     1079.00        0.00
     0     1      368.00      383.00        0.00
     0     1      376.00      383.00        0.00
     0     1      382.00      385.00        0.00
     0     1      388.00      385.00        0.00
     0     1      394.00      385.00        0.00
     0     1      400.00      385.00        0.00
     0     1      408.00      383.00        0.00
     0     1      414.00      383.00        0.00
     0     1      422.00      383.00        0.00
     0     1      428.00      381.00        0.00
     0     1      434.00      381.00        0.00
     0     1      440.00      381.00        0.00
     0     1      446.00      381.00        0.00
     0     1      452.00      379.00        0.00
     0     1      460.00      379.00        0.00
     0     1      466.00      377.00        0.00
     0     1      472.00      377.00        0.00
     0     1      478.00      375.00        0.00
     0     1      484.00      375.00        0.00
     0     1      490.00      373.00        0.00
     0     1      496.00      373.00        0.00
     0     1      502.00      371.00        0.00
     0     1      508.00      369.00        0.00
     0     1      514.00      367.00        0.00
     0     1      520.00      369.00        0.00
     0     1      528.00      373.00        0.00
     0     1      532.00      377.00        0.00
     0     1      536.00      381.00        0.00
     0     1      540.00      385.00        0.00
     0     1      540.00      391.00        0.00
     0     1      540.00      397.00        0.00
     0     1      536.00      401.00        0.00
     0     1      532.00      405.00        0.00
     0     1      526.00      409.00        0.00
     0     1      520.00      411.00        0.00
     0     1      516.00      415.00        0.00
     0     1      510.00      419.00        0.00
     0     1      504.00      423.00        0.00
     0     1      498.00      427.00        0.00
     0     1      490.00      431.00        0.00
     0     1      486.00      435.00        0.00
     0     1      482.00      439.00        0.00
     0     1      474.00      443.00        0.00
     0     1      470.00      447.00        0.00
     0     1      464.00      449.00        0.00
     0     1      460.00      453.00        0.00
     0     1      454.00      459.00        0.00
     0     1      450.00      463.00        0.00
     0     1      444.00      467.00        0.00
     0     1      438.00      471.00        0.00
     0     1      432.00      473.00        0.00
     0     1      426.00      477.00        0.00
     0     1      422.00      481.00        0.00
     0     1      416.00      485.00        0.00
     0     1      412.00      489.00        0.00
     0     1      408.00      495.00        0.00
     0     1      404.00      499.00        0.00
     0     1      400.00      503.00        0.00
     0     1      396.00      507.00        0.00
     0     1      392.00      511.00        0.00
     0     1      388.00      515.00        0.00
     0     1      384.00      523.00        0.00
     0     1      380.00      527.00        0.00
     0     1      376.00      531.00        0.00
     0     1      372.00      535.00        0.00
     0     1      366.00      539.00        0.00
     0     1      360.00      541.00        0.00
     0     1      354.00      543.00        0.00
     0     1      348.00      543.00        0.00
     0     1      342.00      543.00        0.00
     0     1      338.00      537.00        0.00
     0     1      334.00      533.00        0.00
     0     1      330.00      529.00        0.00
     0     1      326.00      525.00        0.00
     0     1      324.00      519.00        0.00
     0     1      320.00      513.00        0.00
     0     1      320.00      507.00        0.00
     0     1      320.00      499.00        0.00
     0     1      324.00      493.00        0.00
     0     1      326.00      487.00        0.00
     0     1      330.00      481.00        0.00
     0     1      334.00      477.00        0.00
     0     1      336.00      471.00        0.00
     0     1      340.00      465.00        0.00
     0     1      342.00      459.00        0.00
     0     1      344.00      453.00        0.00
     0     1      348.00      447.00        0.00
     0     1      350.00      441.00        0.00
     0     1      352.00      435.00        0.00
     0     1      354.00      429.00        0.00
     0     1      356.00      421.00        0.00
     0     1      358.00      415.00        0.00
     0     1      358.00      409.00        0.00
     0     1      358.00      403.00        0.00
     0     1      358.00      397.00        0.00
     0     1      358.00      391.00        0.00
     0     1      356.00      385.00        0.00
     0     1      354.00      379.00        0.00
     0     1      354.00      373.00        0.00
     0     1      350.00      369.00        0.00
     0     1      348.00      363.00        0.00
     0     1      346.00      357.00        0.00
     0     1      344.00      351.00        0.00
     0     1      344.00      357.00        0.00
     0     1      346.00      363.00        0.00
     0     1      350.00      369.00        0.00
     0     1      352.00      375.00        0.00
     0     2      594.00      477.00        0.00
     0     2      590.00      481.00        0.00
     0     2      586.00      485.00        0.00
     0     2      582.00      489.00        0.00
     0     2      578.00      493.00        0.00
     0     2      572.00      497.00        0.00
     0     2      568.00      501.00        0.00
     0     2      564.00      505.00        0.00
     0     2      560.00      511.00        0.00
     0     2      556.00      515.00        0.00
     0     2      552.00      519.00        0.00
     0     2      548.00      525.00        0.00
     0     2      544.00      529.00        0.00
     0     2      540.00      533.00        0.00
     0     2      536.00      537.00        0.00
     0     2      530.00      541.00        0.00
     0     2      524.00      543.00        0.00
     0     2      518.00      547.00        0.00
     0     2      510.00      549.00        0.00
     0     2      504.00      549.00        0.00
     0     2      498.00      551.00        0.00
     0     2      490.00      551.00        0.00
     0     2      484.00      551.00        0.00
     0     2      478.00      551.00        0.00
     0     2      472.00      551.00        0.00
     0     2      464.00      549.00        0.00
     0     2      458.00      545.00        0.00
     0     2      452.00      543.00        0.00
     0     2      446.00      541.00        0.00
     0     2      440.00      539.00        0.00
     0     2      434.00      537.00        0.00
     0     2      428.00      537.00        0.00
     0     2      420.00      535.00        0.00
     0     2      414.00      535.00        0.00
     0     2      406.00      535.00        0.00
     0     2      398.00      533.00        0.00
     0     2      392.00      533.00        0.00
     0     2      386.00      533.00        0.00
     0     2      390.00      525.00        0.00
     0     2      396.00      521.00        0.00
     0     2      400.00      517.00        0.00
     0     2      406.00      513.00        0.00
     0     2      410.00      507.00        0.00
     0     2      416.00      503.00        0.00
     0     2      420.00      499.00        0.00
     0     2      426.00      495.00        0.00
     0     2      432.00      491.00        0.00
     0     2      438.00      487.00        0.00
     0     2      446.00      481.00        0.00
     0     2      452.00      477.00        0.00
     0     2      458.00      475.00        0.00
     0     2      466.00      473.00        0.00
     0     2      474.00      469.00        0.00
     0     2      480.00      467.00        0.00
     0     2      488.00      465.00        0.00
     0     2      494.00      463.00        0.00
     0     2      500.00      459.00        0.00
     0     2      506.00      457.00        0.00
     0     2      512.00      453.00        0.00
     0     2      516.00      449.00        0.00
     0     2      520.00      445.00        0.00
     0     2      524.00      441.00        0.00
     0     2      528.00      435.00        0.00
     0     2      532.00      431.00        0.00
     0     2      536.00      427.00        0.00
     0     2      542.00      425.00        0.00
     0     2      548.00      421.00        0.00
     0     2      554.00      419.00        0.00
     0     2      560.00      417.00        0.00
     0     2      566.00      421.00        0.00
     0     2      568.00      427.00        0.00
     0     2      574.00      429.00        0.00
     0     2      580.00      431.00        0.00
     0     2      586.00      433.00        0.00
     0     2      592.00      435.00        0.00
     0     2      598.00      437.00        0.00
     0     2      604.00      441.00        0.00
     0     2      608.00      445.00        0.00
     0     2      610.00      451.00        0.00
     0     3      734.00      359.00        0.00
     0     3      742.00      371.00        0.00
     0     3      748.00      375.00        0.00
     0     3      754.00      377.00        0.00
     0     3      760.00      377.00        0.00
     0     3      766.00      379.00        0.00
     0     3      772.00      379.00        0.00
     0     3      778.00      381.00        0.00
     0     3      784.00      383.00        0.00
     0     3      790.00      385.00        0.00
     0     3      794.00      389.00        0.00
     0     3      798.00      393.00        0.00
     0     3      800.00      399.00        0.00
     0     3      802.00      405.00        0.00
     0     3      802.00      411.00        0.00
     0     3      802.00      417.00        0.00
     0     3      800.00      423.00        0.00
     0     3      796.00      429.00        0.00
     0     3      794.00      435.00        0.00
     0     3      790.00      439.00        0.00
     0     3      786.00      445.00        0.00
     0     3      784.00      451.00        0.00
     0     3      782.00      457.00        0.00
     0     3      782.00      463.00        0.00
     0     3      780.00      469.00        0.00
     0     3      782.00      475.00        0.00
     0     3      782.00      481.00        0.00
     0     3      784.00      487.00        0.00
     0     3      786.00      493.00        0.00
     0     3      786.00      499.00        0.00
     0     3      780.00      501.00        0.00
     0     3      774.00      501.00        0.00
     0     3      768.00      501.00        0.00
     0     3      762.00      501.00        0.00
     0     3      756.00      505.00        0.00
     0     3      750.00      507.00        0.00
     0     3      744.00      509.00        0.00
     0     3      740.00      513.00        0.00
     0     3      736.00      517.00        0.00
     0     3      732.00      521.00        0.00
     0     3      728.00      527.00        0.00
     0     3      724.00      533.00        0.00
     0     3      722.00      539.00        0.00
     0     3      718.00      545.00        0.00
     0     3      714.00      549.00        0.00
     0     3      710.00      553.00        0.00
     0     3      706.00      559.00        0.00
     0     3      704.00      565.00        0.00
     0     3      702.00      571.00        0.00
     0     3      698.00      577.00        0.00
     0     3      698.00      583.00        0.00
     0     3      696.00      591.00        0.00
     0     3      696.00      597.00        0.00
     0     3      694.00      603.00        0.00
     0     3      692.00      609.00        0.00
     0     3      690.00      615.00        0.00
     0     3      690.00      621.00        0.00
     0     3      688.00      627.00        0.00
     0     3      688.00      621.00        0.00
     0     3      690.00      613.00        0.00
     0     3      692.00      605.00        0.00
     0     3      694.00      597.00        0.00
     0     3      694.00      591.00        0.00
     0     3      694.00      583.00        0.00
     0     3      694.00      575.00        0.00
     0     3      694.00      569.00        0.00
     0     3      692.00      563.00        0.00
     0     3      690.00      557.00        0.00
     0     3      688.00      551.00        0.00
     0     3      684.00      545.00        0.00
     0     3      682.00      539.00        0.00
     0     3      678.00      535.00        0.00
     0     3      674.00      529.00        0.00
     0     3      672.00      523.00        0.00
     0     3      670.00      517.00        0.00
     0     3      670.00      511.00        0.00
     0     3      670.00      505.00        0.00
     0     3      672.00      499.00        0.00
     0     3      674.00      493.00        0.00
     0     3      676.00      487.00        0.00
     0     3      676.00      481.00        0.00
     0     3      676.00      475.00        0.00
     0     3      678.00      469.00        0.00
     0     3      678.00      463.00        0.00
     0     3      682.00      457.00        0.00
     0     3      686.00      451.00        0.00
     0     3      692.00      447.00        0.00
     0     3      696.00      443.00        0.00
     0     3      700.00      439.00        0.00
     0     3      704.00      435.00        0.00
     0     3      708.00      429.00        0.00
     0     3      710.00      423.00        0.00
     0     3      710.00      417.00        0.00
     0     3      710.00      411.00        0.00
     0     3      710.00      405.00        0.00
     0     3      710.00      397.00        0.00
     0     3      712.00      391.00        0.00
     0     3      714.00      385.00        0.00
     0     3      714.00      377.00        0.00
     0     4      748.00      687.00        0.00
     0     4      750.00      701.00        0.00
     0     4      754.00      707.00        0.00
     0     4      760.00      709.00        0.00
     0     4      766.00      711.00        0.00
     0     4      772.00      711.00        0.00
     0     4      778.00      711.00        0.00
     0     4      782.00      715.00        0.00
     0     4      782.00      721.00        0.00
     0     4      782.00      727.00        0.00
     0     4      780.00      733.00        0.00
     0     4      776.00      741.00        0.00
     0     4      772.00      745.00        0.00
     0     4      768.00      751.00        0.00
     0     4      766.00      757.00        0.00
     0     4      764.00      763.00        0.00
     0     4      762.00      769.00        0.00
     0     4      762.00      775.00        0.00
     0     4      760.00      781.00        0.00
     0     4      760.00      787.00        0.00
     0     4      758.00      793.00        0.00
     0     4      758.00      799.00        0.00
     0     4      758.00      807.00        0.00
     0     4      758.00      813.00        0.00
     0     4      758.00      819.00        0.00
     0     4      758.00      825.00        0.00
     0     4      756.00      831.00        0.00
     0     4      756.00      839.00        0.00
     0     4      756.00      845.00        0.00
     0     4      756.00      851.00        0.00
     0     4      754.00      857.00        0.00
     0     4      754.00      863.00        0.00
     0     4      754.00      869.00        0.00
     0     4      752.00      875.00        0.00
     0     4      752.00      883.00        0.00
     0     4      752.00      889.00        0.00
     0     4      746.00      891.00        0.00
     0     4      742.00      887.00        0.00
     0     4      736.00      885.00        0.00
     0     4      732.00      881.00        0.00
     0     4      726.00      877.00        0.00
     0     4      720.00      875.00        0.00
     0     4      714.00      873.00        0.00
     0     4      708.00      871.00        0.00
     0     4      702.00      871.00        0.00
     0     4      696.00      869.00        0.00
     0     4      692.00      865.00        0.00
     0     4      686.00      863.00        0.00
     0     4      682.00      859.00        0.00
     0     4      678.00      855.00        0.00
     0     4      672.00      853.00        0.00
     0     4      668.00      849.00        0.00
     0     4      664.00      845.00        0.00
     0     4      658.00      843.00        0.00
     0     4      654.00      839.00        0.00
     0     4      650.00      835.00        0.00
     0     4      646.00      831.00        0.00
     0     4      644.00      825.00        0.00
     0     4      644.00      819.00        0.00
     0     4      644.00      811.00        0.00
     0     4      644.00      805.00        0.00
     0     4      644.00      799.00        0.00
     0     4      644.00      793.00        0.00
     0     4      644.00      787.00        0.00
     0     4      646.00      781.00        0.00
     0     4      646.00      775.00        0.00
     0     4      648.00      769.00        0.00
     0     4      650.00      761.00        0.00
     0     4      650.00      753.00        0.00
     0     4      654.00      747.00        0.00
     0     4      658.00      739.00        0.00
     0     4      660.00      733.00        0.00
     0     4      664.00      727.00        0.00
     0     4      666.00      721.00        0.00
     0     4      668.00      715.00        0.00
     0     4      672.00      711.00        0.00
     0     4      676.00      707.00        0.00
     0     4      682.00      705.00        0.00
     0     4      688.00      705.00        0.00
     0     4      694.00      705.00        0.00
     0     4      700.00      703.00        0.00
     0     4      706.00      703.00        0.00
     0     4      712.00      701.00        0.00
     0     5     1098.00     1041.00        0.00
     0     5     1092.00     1037.00        0.00
     0     5     1086.00     1035.00        0.00
     0     5     1082.00     1029.00        0.00
     0     5     1078.00     1023.00        0.00
     0     5     1072.00     1017.00        0.00
     0     5     1068.00     1011.00        0.00
     0     5     1064.00     1005.00        0.00
     0     5     1058.00      999.00        0.00
     0     5     1054.00      995.00        0.00
     0     5     1050.00      989.00        0.00
     0     5     1044.00      983.00        0.00
     0     5     1040.00      979.00        0.00
     0     5     1036.00      975.00        0.00
     0     5     1028.00      967.00        0.00
     0     5     1024.00      963.00        0.00
     0     5     1020.00      959.00        0.00
     0     5     1014.00      955.00        0.00
     0     5     1010.00      951.00        0.00
     0     5     1004.00      945.00        0.00
     0     5      998.00      939.00        0.00
     0     5      992.00      935.00        0.00
     0     5      986.00      929.00        0.00
     0     5      980.00      923.00        0.00
     0     5      976.00      919.00        0.00
     0     5      970.00      913.00        0.00
     0     5      966.00      905.00        0.00
     0     5      958.00      897.00        0.00
     0     5      954.00      889.00        0.00
     0     5      948.00      883.00        0.00
     0     5      942.00      875.00        0.00
     0     5      938.00      869.00        0.00
     0     5      936.00      861.00        0.00
     0     5      932.00      853.00        0.00
     0     5      930.00      847.00        0.00
     0     5      928.00      841.00        0.00
     0     5      924.00      833.00        0.00
     0     5      920.00      827.00        0.00
     0     5      918.00      819.00        0.00
     0     5      914.00      813.00        0.00
     0     5      912.00      807.00        0.00
     0     5      908.00      801.00        0.00
     0     5      904.00      795.00        0.00
     0     5      898.00      791.00        0.00
     0     5      892.00      787.00        0.00
     0     5      886.00      783.00        0.00
     0     5      882.00      779.00        0.00
     0     5      878.00      773.00        0.00
     0     5      876.00      767.00        0.00
     0     5      874.00      761.00        0.00
     0     5      876.00      753.00        0.00
     0     5      878.00      747.00        0.00
     0     5      880.00      741.00        0.00
     0     5      880.00      733.00        0.00
     0     5      876.00      729.00        0.00
     0     5      874.00      723.00        0.00
     0     5      872.00      717.00        0.00
     0     5      870.00      711.00        0.00
     0     5      868.00      705.00        0.00
     0     5      868.00      699.00        0.00
     0     5      868.00      693.00        0.00
     0     5      868.00      687.00        0.00
     0     5      868.00      681.00        0.00
     0     5      868.00      675.00        0.00
     0     5      866.00      669.00        0.00
     0     5      864.00      663.00        0.00
     0     5      864.00      657.00        0.00
     0     5      864.00      651.00        0.00
     0     5      864.00      645.00        0.00
     0     5      864.00      639.00        0.00
     0     5      864.00      633.00        0.00
     0     5      864.00      625.00        0.00
     0     5      864.00      619.00        0.00
     0     5      866.00      613.00        0.00
     0     5      866.00      607.00        0.00
     0     5      868.00      601.00        0.00
     0     5      870.00      593.00        0.00
     0     5      872.00      587.00        0.00
     0     5      872.00      581.00        0.00
     0     5      874.00      575.00        0.00
     0     5      878.00      569.00        0.00
     0     5      880.00      563.00        0.00
     0     5      882.00      557.00        0.00
     0     5      884.00      549.00        0.00
     0     5      886.00      541.00        0.00
     0     5      890.00      537.00        0.00
     0     5      892.00      529.00        0.00
     0     5      894.00      521.00        0.00
     0     5      898.00      513.00        0.00
     0     5      898.00      507.00        0.00
     0     5      900.00      501.00        0.00
     0     5      902.00      495.00        0.00
     0     5      906.00      491.00        0.00
     0     5      910.00      485.00        0.00
     0     5      916.00      481.00        0.00
     0     5      922.00      479.00        0.00
     0     5      928.00      477.00        0.00
     0     5      934.00      477.00        0.00
     0     5      942.00      477.00        0.00
     0     5      946.00      483.00        0.00
     0     5      946.00      489.00        0.00
     0     5      948.00      497.00        0.00
     0     5      948.00      505.00        0.00
     0     5      948.00      513.00        0.00
     0     5      948.00      525.00        0.00
     0     5      948.00      533.00        0.00
     0     5      948.00      543.00        0.00
     0     5      950.00      553.00        0.00
     0     5      952.00      561.00        0.00
     0     5      954.00      569.00        0.00
     0     5      958.00      577.00        0.00
     0     5      960.00      583.00        0.00
     0     5      964.00      591.00        0.00
     0     5      966.00      599.00        0.00
     0     5      970.00      605.00        0.00
     0     5      972.00      615.00        0.00
     0     5      976.00      621.00        0.00
     0     5      978.00      629.00        0.00
     0     5      984.00      637.00        0.00
     0     5      988.00      645.00        0.00
     0     5      992.00      651.00        0.00
     0     5      998.00      655.00        0.00
     0     5     1006.00      661.00        0.00
     0     5     1010.00      665.00        0.00
     0     5     1016.00      671.00        0.00
     0     5     1020.00      675.00        0.00
     0     5     1026.00      683.00        0.00
     0     5     1030.00      691.00        0.00
     0     5     1034.00      699.00        0.00
     0     5     1036.00      705.00        0.00
     0     5     1038.00      715.00        0.00
     0     5     1038.00      727.00        0.00
     0     5     1038.00      735.00        0.00
     0     5     1038.00      743.00        0.00
     0     5     1038.00      751.00        0.00
     0     5     1038.00      757.00        0.00
     0     5     1038.00      765.00        0.00
     0     5     1038.00      773.00        0.00
     0     5     1038.00      779.00        0.00
     0     5     1036.00      789.00        0.00
     0     5     1036.00      795.00        0.00
     0     5     1036.00      803.00        0.00
     0     5     1036.00      811.00        0.00
     0     5     1036.00      819.00        0.00
     0     5     1036.00      829.00        0.00
     0     5     1036.00      837.00        0.00
     0     5     1036.00      845.00        0.00
     0     5     1038.00      853.00        0.00
     0     5     1038.00      859.00        0.00
     0     5     1040.00      865.00        0.00
     0     5     1042.00      875.00        0.00
     0     5     1044.00      885.00        0.00
     0     5     1044.00      891.00        0.00
     0     5     1046.00      899.00        0.00
     0     5     1048.00      907.00        0.00
     0     5     1050.00      915.00        0.00
     0     5     1052.00      921.00        0.00
     0     5     1054.00      927.00        0.00
     0     5     1056.00      933.00        0.00
     0     5     1060.00      937.00        0.00
     0     6      832.00      719.00        0.00
     0     6      834.00      709.00        0.00
     0     6      838.00      701.00        0.00
     0     6      840.00      695.00        0.00
     0     6      842.00      687.00        0.00
     0     6      844.00      679.00        0.00
     0     6      846.00      669.00        0.00
     0     6      848.00      659.00        0.00
     0     6      850.00      651.00        0.00
     0     6      852.00      641.00        0.00
     0     6      854.00      633.00        0.00
     0     6      854.00      627.00        0.00
     0     6      854.00      619.00        0.00
     0     6      854.00      613.00        0.00
     0     6      854.00      605.00        0.00
     0     6      854.00      599.00        0.00
     0     6      854.00      593.00        0.00
     0     6      854.00      587.00        0.00
     0     6      854.00      581.00        0.00
     0     6      854.00      575.00        0.00
     0     6      854.00      567.00        0.00
     0     6      854.00      561.00        0.00
     0     6      852.00      553.00        0.00
     0     6      850.00      547.00        0.00
     0     6      850.00      541.00        0.00
     0     6      850.00      533.00        0.00
     0     6      850.00      527.00        0.00
     0     6      850.00      521.00        0.00
     0     6      844.00      523.00        0.00
     0     6      840.00      529.00        0.00
     0     6      836.00      535.00        0.00
     0     6      832.00      539.00        0.00
     0     6      826.00      543.00        0.00
     0     6      818.00      543.00        0.00
     0     6      812.00      543.00        0.00
     0     6      810.00      537.00        0.00
     0     6      810.00      531.00        0.00
     0     6      812.00      523.00        0.00
     0     6      812.00      517.00        0.00
     0     6      812.00      509.00        0.00
     0     6      812.00      503.00        0.00
     0     6      812.00      497.00        0.00
     0     6      814.00      489.00        0.00
     0     6      814.00      483.00        0.00
     0     6      814.00      477.00        0.00
     0     6      816.00      471.00        0.00
     0     6      818.00      465.00        0.00
     0     6      818.00      457.00        0.00
     0     6      820.00      451.00        0.00
     0     6      820.00      443.00        0.00
     0     6      822.00      437.00        0.00
     0     6      824.00      429.00        0.00
     0     6      826.00      423.00        0.00
     0     6      828.00      417.00        0.00
     0     6      828.00      411.00        0.00
     0     6      830.00      405.00        0.00
     0     6      834.00      399.00        0.00
     0     6      836.00      393.00        0.00
     0     6      838.00      387.00        0.00
     0     6      840.00      381.00        0.00
     0     6      842.00      375.00        0.00
     0     6      846.00      369.00        0.00
     0     6      848.00      363.00        0.00
     0     6      850.00      357.00        0.00
     0     6      852.00      351.00        0.00
     0     6      854.00      345.00        0.00
     0     6      856.00      339.00        0.00
     0     6      862.00      337.00        0.00
     0     6      868.00      333.00        0.00
     0     6      874.00      329.00        0.00
     0     6      880.00      327.00        0.00
     0     6      886.00      325.00        0.00
     0     6      892.00      321.00        0.00
     0     6      900.00      321.00        0.00
     0     6      906.00      321.00        0.00
     0     6      912.00      321.00        0.00
     0     6      918.00      321.00        0.00
     0     6      924.00      321.00        0.00
     0     6      930.00      321.00        0.00
     0     6      936.00      321.00        0.00
     0     6      942.00      323.00        0.00
     0     6      948.00      325.00        0.00
     0     6      954.00      327.00        0.00
     0     6      958.00      331.00        0.00
     0     6      962.00      337.00        0.00
     0     6      964.00      343.00        0.00
     0     6      968.00      349.00        0.00
     0     6      970.00      355.00        0.00
     0     6      974.00      363.00        0.00
     0     6      974.00      373.00        0.00
     0     6      976.00      379.00        0.00
     0     6      976.00      387.00        0.00
     0     6      976.00      395.00        0.00
     0     6      976.00      403.00        0.00
     0     6      978.00      409.00        0.00
     0     6      978.00      417.00        0.00
     0     6      978.00      425.00        0.00
     0     6      978.00      431.00        0.00
     0     6      978.00      437.00        0.00
     0     6      976.00      443.00        0.00
     0     6      974.00      449.00        0.00
     0     6      972.00      455.00        0.00
     0     6      970.00      461.00        0.00
     0     6      966.00      465.00        0.00
     0     6      962.00      469.00        0.00
     0     6      956.00      471.00        0.00
     0     6      950.00      473.00        0.00
     0     6      944.00      473.00        0.00
     0     6      938.00      473.00        0.00
     0     6      932.00      473.00        0.00
     0     6      926.00      473.00        0.00
     0     6      920.00      475.00        0.00
     0     6      914.00      479.00        0.00
     0     6      910.00      483.00        0.00
     0     6      906.00      487.00        0.00
     0     6      904.00      495.00        0.00
     0     6      900.00      499.00        0.00
     0     6      898.00      505.00        0.00
     0     6      894.00      513.00        0.00
     0     6      890.00      517.00        0.00
     0     6      886.00      523.00        0.00
     0     6      886.00      529.00        0.00
     0     6      884.00      535.00        0.00
     0     6      882.00      541.00        0.00
     0     6      878.00      547.00        0.00
     0     6      876.00      553.00        0.00
     0     6      874.00      559.00        0.00
     0     6      874.00      565.00        0.00
     0     6      872.00      571.00        0.00
     0     6      870.00      577.00        0.00
     0     6      868.00      583.00        0.00
     0     6      866.00      589.00        0.00
     0     6      866.00      595.00        0.00
     0     6      864.00      601.00        0.00
     0     6      862.00      607.00        0.00
     0     6      862.00      613.00        0.00
     0     6      862.00      619.00        0.00
     0     7     1066.00      437.00        0.00
     0     7     1070.00      453.00        0.00
     0     7     1074.00      457.00        0.00
     0     7     1078.00      463.00        0.00
     0     7     1080.00      469.00        0.00
     0     7     1082.00      475.00        0.00
     0     7     1082.00      481.00        0.00
     0     7     1082.00      487.00        0.00
     0     7     1082.00      493.00        0.00
     0     7     1082.00      499.00        0.00
     0     7     1080.00      505.00        0.00
     0     7     1078.00      513.00        0.00
     0     7     1076.00      519.00        0.00
     0     7     1074.00      525.00        0.00
     0     7     1068.00      531.00        0.00
     0     7     1064.00      537.00        0.00
     0     7     1060.00      541.00        0.00
     0     7     1056.00      545.00        0.00
     0     7     1050.00      549.00        0.00
     0     7     1042.00      553.00        0.00
     0     7     1034.00      555.00        0.00
     0     7     1028.00      555.00        0.00
     0     7     1022.00      553.00        0.00
     0     7     1016.00      551.00        0.00
     0     7     1010.00      549.00        0.00
     0     7     1004.00      549.00        0.00
     0     7      998.00      547.00        0.00
     0     7      992.00      545.00        0.00
     0     7      986.00      545.00        0.00
     0     7      980.00      543.00        0.00
     0     7      974.00      541.00        0.00
     0     7      970.00      535.00        0.00
     0     7      966.00      531.00        0.00
     0     7      964.00      525.00        0.00
     0     7      960.00      519.00        0.00
     0     7      960.00      513.00        0.00
     0     7      960.00      507.00        0.00
     0     7      962.00      499.00        0.00
     0     7      964.00      489.00        0.00
     0     7      964.00      483.00        0.00
     0     7      968.00      477.00        0.00
     0     7      970.00      471.00        0.00
     0     7      970.00      465.00        0.00
     0     7      974.00      459.00        0.00
     0     7      978.00      451.00        0.00
     0     7      982.00      447.00        0.00
     0     7      986.00      443.00        0.00
     0     7      990.00      437.00        0.00
     0     7      996.00      433.00        0.00
     0     7     1002.00      427.00        0.00
     0     7     1008.00      423.00        0.00
     0     7     1012.00      417.00        0.00
     0     7     1018.00      411.00        0.00
     0     7     1022.00      407.00        0.00
     0     7     1026.00      401.00        0.00
     0     7     1026.00      395.00        0.00
     0     7     1028.00      389.00        0.00
     0     7     1028.00      383.00        0.00
     0     7     1028.00      377.00        0.00
     0     7     1028.00      369.00        0.00
     0     7     1030.00      363.00        0.00
     0     7     1030.00      357.00        0.00
     0     7     1032.00      351.00        0.00
     0     7     1032.00      345.00        0.00
     0     7     1032.00      339.00        0.00
     0     7     1034.00      333.00        0.00
     0     7     1034.00      327.00        0.00
     0     7     1034.00      321.00        0.00
     0     7     1034.00      315.00        0.00
     0     7     1034.00      309.00        0.00
     0     7     1038.00      305.00        0.00
     0     7     1044.00      307.00        0.00
     0     7     1050.00      307.00        0.00
     0     7     1054.00      303.00        0.00
     0     7     1058.00      299.00        0.00
     0     7     1064.00      295.00        0.00
     0     7     1068.00      291.00        0.00
     0     7     1072.00      287.00        0.00
     0     7     1078.00      283.00        0.00
     0     7     1084.00      279.00        0.00
     0     7     1090.00      277.00        0.00
     0     7     1098.00      273.00        0.00
     0     7     1102.00      269.00        0.00
     0     7     1108.00      267.00        0.00
     0     7     1114.00      265.00        0.00
     0     7     1120.00      263.00        0.00
     0     7     1118.00      269.00        0.00
     0     7     1114.00      273.00        0.00
     0     7     1110.00      277.00        0.00
     0     7     1106.00      283.00        0.00
     0     7     1100.00      287.00        0.00
     0     7     1094.00      291.00        0.00
     0     7     1088.00      293.00        0.00
     0     7     1084.00      297.00        0.00
     0     7     1080.00      301.00        0.00
     0     7     1076.00      305.00        0.00
     0     7     1072.00      309.00        0.00
     0     7     1068.00      313.00        0.00
     0     7     1064.00      317.00        0.00
     0     7     1058.00      321.00        0.00
     0     7     1054.00      325.00        0.00
     0     7     1050.00      329.00        0.00
     0     7     1046.00      333.00        0.00
     0     7     1046.00      339.00        0.00
     0     7     1044.00      345.00        0.00
     0     7     1042.00      351.00        0.00
     0     7     1040.00      359.00        0.00
     0     7     1038.00      365.00        0.00
     0     7     1038.00      373.00        0.00
     0     7     1038.00      379.00        0.00
     0     7     1042.00      385.00        0.00
     0     7     1046.00      391.00        0.00
     0     8     1002.00      313.00        0.00
     0     8      982.00      317.00        0.00
     0     8      976.00      319.00        0.00
     0     8      968.00      321.00        0.00
     0     8      960.00      323.00        0.00
     0     8      954.00      323.00        0.00
     0     8      948.00      323.00        0.00
     0     8      942.00      323.00        0.00
     0     8      934.00      321.00        0.00
     0     8      928.00      319.00        0.00
     0     8      922.00      319.00        0.00
     0     8      914.00      317.00        0.00
     0     8      908.00      317.00        0.00
     0     8      902.00      317.00        0.00
     0     8      896.00      317.00        0.00
     0     8      890.00      319.00        0.00
     0     8      884.00      319.00        0.00
     0     8      878.00      315.00        0.00
     0     8      872.00      311.00        0.00
     0     8      868.00      307.00        0.00
     0     8      864.00      299.00        0.00
     0     8      862.00      293.00        0.00
     0     8      860.00      285.00        0.00
     0     8      854.00      277.00        0.00
     0     8      850.00      273.00        0.00
     0     8      844.00      271.00        0.00
     0     8      836.00      267.00        0.00
     0     8      828.00      265.00        0.00
     0     8      820.00      261.00        0.00
     0     8      814.00      255.00        0.00
     0     8      810.00      251.00        0.00
     0     8      810.00      245.00        0.00
     0     8      810.00      239.00        0.00
     0     8      812.00      231.00        0.00
     0     8      816.00      223.00        0.00
     0     8      818.00      217.00        0.00
     0     8      824.00      211.00        0.00
     0     8      828.00      205.00        0.00
     0     8      832.00      199.00        0.00
     0     8      838.00      195.00        0.00
     0     8      846.00      193.00        0.00
     0     8      854.00      191.00        0.00
     0     8      862.00      191.00        0.00
     0     8      868.00      189.00        0.00
     0     8      876.00      185.00        0.00
     0     8      882.00      181.00        0.00
     0     8      890.00      179.00        0.00
     0     8      896.00      177.00        0.00
     0     8      902.00      173.00        0.00
     0     8      908.00      171.00        0.00
     0     8      918.00      167.00        0.00
     0     8      926.00      165.00        0.00
     0     8      932.00      163.00        0.00
     0     8      938.00      161.00        0.00
     0     8      946.00      161.00        0.00
     0     8      952.00      159.00        0.00
     0     8      960.00      159.00        0.00
     0     8      966.00      157.00        0.00
     0     8      974.00      155.00        0.00
     0     8      980.00      153.00        0.00
     0     8      986.00      153.00        0.00
     0     8      992.00      151.00        0.00
     0     8      998.00      149.00        0.00
     0     8     1004.00      149.00        0.00
     0     8     1010.00      149.00        0.00
     0     8     1016.00      149.00        0.00
     0     8     1022.00      149.00        0.00
     0     8     1028.00      151.00        0.00
     0     8     1032.00      155.00        0.00
     0     8     1034.00      163.00        0.00
     0     8     1038.00      169.00        0.00
     0     8     1040.00      177.00        0.00
     0     8     1042.00      183.00        0.00
     0     8     1044.00      191.00        0.00
     0     8     1046.00      197.00        0.00
     0     8     1050.00      201.00        0.00
     0     8     1054.00      205.00        0.00
     0     8     1058.00      211.00        0.00
     0     8     1062.00      217.00        0.00
     0     8     1066.00      223.00        0.00
     0     8     1070.00      229.00        0.00
     0     8     1072.00      235.00        0.00
     0     8     1078.00      237.00        0.00
     0     8     1082.00      241.00        0.00
     0     8     1086.00      245.00        0.00
     0     8     1092.00      247.00        0.00
     0     8     1098.00      249.00        0.00
     0     8     1104.00      253.00        0.00
     0     8     1112.00      255.00        0.00
     0     8     1118.00      255.00        0.00
     0     8     1126.00      257.00        0.00
     0     8     1134.00      259.00        0.00
     0     8     1142.00      263.00        0.00
     0     8     1150.00      265.00        0.00
     0     8     1156.00      265.00        0.00
     0     8     1162.00      267.00        0.00
     0     8     1168.00      269.00        0.00
     0     8     1174.00      271.00        0.00
     0     8     1168.00      273.00        0.00
     0     8     1158.00      273.00        0.00
     0     8     1146.00      273.00        0.00
     0     8     1140.00      271.00        0.00
     0     8     1134.00      271.00        0.00
     0     8     1128.00      271.00        0.00
     0     8     1122.00      271.00        0.00
     0     8     1116.00      269.00        0.00
     0     8     1110.00      269.00        0.00
     0     8     1104.00      269.00        0.00
     0     8     1098.00      267.00        0.00
     0     8     1092.00      267.00        0.00
     0     8     1086.00      267.00        0.00
     0     8     1080.00      269.00        0.00
     0     8     1074.00      273.00        0.00
     0     8     1068.00      277.00        0.00
     0     8     1062.00      281.00        0.00
     0     8     1056.00      285.00        0.00
     0     8     1050.00      287.00        0.00
     0     8     1046.00      291.00        0.00
     0     8     1040.00      293.00        0.00
     0     8     1034.00      295.00        0.00
     0     9     1324.00      449.00        0.00
     0     9     1320.00      467.00        0.00
     0     9     1320.00      475.00        0.00
     0     9     1320.00      483.00        0.00
     0     9     1320.00      491.00        0.00
     0     9     1320.00      497.00        0.00
     0     9     1320.00      505.00        0.00
     0     9     1320.00      511.00        0.00
     0     9     1320.00      519.00        0.00
     0     9     1320.00      525.00        0.00
     0     9     1320.00      531.00        0.00
     0     9     1320.00      537.00        0.00
     0     9     1320.00      543.00        0.00
     0     9     1322.00      551.00        0.00
     0     9     1322.00      557.00        0.00
     0     9     1324.00      563.00        0.00
     0     9     1324.00      569.00        0.00
     0     9     1326.00      575.00        0.00
     0     9     1326.00      581.00        0.00
     0     9     1326.00      587.00        0.00
     0     9     1326.00      593.00        0.00
     0     9     1322.00      599.00        0.00
     0     9     1322.00      605.00        0.00
     0     9     1320.00      613.00        0.00
     0     9     1320.00      619.00        0.00
     0     9     1322.00      625.00        0.00
     0     9     1324.00      631.00        0.00
     0     9     1328.00      637.00        0.00
     0     9     1334.00      643.00        0.00
     0     9     1340.00      647.00        0.00
     0     9     1344.00      651.00        0.00
     0     9     1350.00      657.00        0.00
     0     9     1354.00      663.00        0.00
     0     9     1358.00      669.00        0.00
     0     9     1362.00      673.00        0.00
     0     9     1366.00      677.00        0.00
     0     9     1370.00      685.00        0.00
     0     9     1376.00      689.00        0.00
     0     9     1380.00      693.00        0.00
     0     9     1386.00      697.00        0.00
     0     9     1392.00      699.00        0.00
     0     9     1400.00      701.00        0.00
     0     9     1408.00      703.00        0.00
     0     9     1414.00      703.00        0.00
     0     9     1420.00      699.00        0.00
     0     9     1426.00      693.00        0.00
     0     9     1432.00      689.00        0.00
     0     9     1440.00      683.00        0.00
     0     9     1446.00      677.00        0.00
     0     9     1450.00      671.00        0.00
     0     9     1456.00      665.00        0.00
     0     9     1458.00      659.00        0.00
     0     9     1462.00      653.00        0.00
     0     9     1464.00      645.00        0.00
     0     9     1466.00      639.00        0.00
     0     9     1466.00      633.00        0.00
     0     9     1464.00      627.00        0.00
     0     9     1462.00      621.00        0.00
     0     9     1460.00      615.00        0.00
     0     9     1458.00      609.00        0.00
     0     9     1454.00      601.00        0.00
     0     9     1452.00      595.00        0.00
     0     9     1450.00      589.00        0.00
     0     9     1450.00      581.00        0.00
     0     9     1448.00      573.00        0.00
     0     9     1446.00      565.00        0.00
     0     9     1444.00      557.00        0.00
     0     9     1440.00      551.00        0.00
     0     9     1434.00      549.00        0.00
     0     9     1428.00      549.00        0.00
     0     9     1422.00      549.00        0.00
     0     9     1416.00      547.00        0.00
     0     9     1410.00      543.00        0.00
     0     9     1404.00      537.00        0.00
     0     9     1400.00      533.00        0.00
     0     9     1396.00      527.00        0.00
     0     9     1392.00      523.00        0.00
     0     9     1388.00      517.00        0.00
     0     9     1384.00      511.00        0.00
     0     9     1380.00      505.00        0.00
     0     9     1376.00      501.00        0.00
     0     9     1372.00      497.00        0.00
     0     9     1366.00      489.00        0.00
     0     9     1362.00      485.00        0.00
     0     9     1358.00      481.00        0.00
     0     9     1354.00      477.00        0.00
     0     9     1352.00      471.00        0.00
     0     9     1346.00      467.00        0.00
     0     9     1342.00      463.00        0.00
     0     9     1338.00      457.00        0.00
     0     9     1334.00      453.00        0.00
     0     9     1332.00      447.00        0.00
     0     9     1330.00      441.00        0.00
     0     9     1326.00      435.00        0.00
     0     9     1326.00      429.00        0.00
     0     9     1340.00      181.00        0.00
     0     9     1328.00      415.00        0.00
     0    10     1630.00      417.00        0.00
     0    10     1648.00      437.00        0.00
     0    10     1658.00      449.00        0.00
     0    10     1662.00      453.00        0.00
     0    10     1664.00      459.00        0.00
     0    10     1664.00      465.00        0.00
     0    10     1660.00      469.00        0.00
     0    10     1656.00      473.00        0.00
     0    10     1650.00      475.00        0.00
     0    10     1644.00      475.00        0.00
     0    10     1638.00      473.00        0.00
     0    10     1630.00      469.00        0.00
     0    10     1624.00      469.00        0.00
     0    10     1618.00      467.00        0.00
     0    10     1610.00      465.00        0.00
     0    10     1604.00      463.00        0.00
     0    10     1598.00      461.00        0.00
     0    10     1592.00      459.00        0.00
     0    10     1586.00      457.00        0.00
     0    10     1580.00      457.00        0.00
     0    10     1572.00      457.00        0.00
     0    10     1564.00      457.00        0.00
     0    10     1556.00      457.00        0.00
     0    10     1548.00      457.00        0.00
     0    10     1542.00      457.00        0.00
     0    10     1536.00      457.00        0.00
     0    10     1530.00      455.00        0.00
     0    10     1524.00      453.00        0.00
     0    10     1518.00      449.00        0.00
     0    10     1514.00      445.00        0.00
     0    10     1508.00      439.00        0.00
     0    10     1504.00      435.00        0.00
     0    10     1500.00      429.00        0.00
     0    10     1494.00      419.00        0.00
     0    10     1492.00      413.00        0.00
     0    10     1490.00      405.00        0.00
     0    10     1488.00      395.00        0.00
     0    10     1486.00      389.00        0.00
     0    10     1486.00      381.00        0.00
     0    10     1486.00      375.00        0.00
     0    10     1486.00      367.00        0.00
     0    10     1486.00      361.00        0.00
     0    10     1486.00      353.00        0.00
     0    10     1486.00      347.00        0.00
     0    10     1486.00      341.00        0.00
     0    10     1490.00      335.00        0.00
     0    10     1494.00      329.00        0.00
     0    10     1498.00      325.00        0.00
     0    10     1502.00      321.00        0.00
     0    10     1510.00      321.00        0.00
     0    10     1516.00      323.00        0.00
     0    10     1522.00      325.00        0.00
     0    10     1528.00      329.00        0.00
     0    10     1534.00      331.00        0.00
     0    10     1538.00      335.00        0.00
     0    10     1544.00      337.00        0.00
     0    10     1550.00      339.00        0.00
     0    10     1556.00      341.00        0.00
     0    10     1562.00      343.00        0.00
     0    10     1568.00      343.00        0.00
     0    10     1576.00      345.00        0.00
     0    10     1582.00      347.00        0.00
     0    10     1586.00      351.00        0.00
     0    10     1590.00      355.00        0.00
     0    10     1596.00      359.00        0.00
     0    10     1600.00      363.00        0.00
     0    10     1604.00      367.00        0.00
     0    10     1608.00      373.00        0.00
     0    10     1612.00      379.00        0.00
     0    10     1614.00      385.00        0.00
     0    11     1684.00      763.00        0.00
     0    11     1686.00      779.00        0.00
     0    11     1686.00      785.00        0.00
     0    11     1682.00      789.00        0.00
     0    11     1678.00      793.00        0.00
     0    11     1674.00      799.00        0.00
     0    11     1670.00      803.00        0.00
     0    11     1664.00      807.00        0.00
     0    11     1660.00      811.00        0.00
     0    11     1654.00      815.00        0.00
     0    11     1648.00      819.00        0.00
     0    11     1642.00      819.00        0.00
     0    11     1636.00      821.00        0.00
     0    11     1630.00      821.00        0.00
     0    11     1622.00      819.00        0.00
     0    11     1616.00      815.00        0.00
     0    11     1612.00      811.00        0.00
     0    11     1606.00      807.00        0.00
     0    11     1602.00      801.00        0.00
     0    11     1598.00      795.00        0.00
     0    11     1594.00      787.00        0.00
     0    11     1590.00      783.00        0.00
     0    11     1586.00      779.00        0.00
     0    11     1582.00      773.00        0.00
     0    11     1578.00      767.00        0.00
     0    11     1572.00      759.00        0.00
     0    11     1568.00      753.00        0.00
     0    11     1562.00      745.00        0.00
     0    11     1558.00      739.00        0.00
     0    11     1550.00      727.00        0.00
     0    11     1544.00      719.00        0.00
     0    11     1538.00      707.00        0.00
     0    11     1534.00      699.00        0.00
     0    11     1530.00      693.00        0.00
     0    11     1526.00      687.00        0.00
     0    11     1522.00      681.00        0.00
     0    11     1516.00      675.00        0.00
     0    11     1510.00      671.00        0.00
     0    11     1504.00      667.00        0.00
     0    11     1498.00      663.00        0.00
     0    11     1492.00      657.00        0.00
     0    11     1486.00      653.00        0.00
     0    11     1482.00      647.00        0.00
     0    11     1480.00      641.00        0.00
     0    11     1478.00      635.00        0.00
     0    11     1478.00      627.00        0.00
     0    11     1476.00      621.00        0.00
     0    11     1476.00      615.00        0.00
     0    11     1476.00      609.00        0.00
     0    11     1478.00      603.00        0.00
     0    11     1480.00      597.00        0.00
     0    11     1482.00      591.00        0.00
     0    11     1484.00      585.00        0.00
     0    11     1486.00      577.00        0.00
     0    11     1486.00      571.00        0.00
     0    11     1490.00      565.00        0.00
     0    11     1492.00      559.00        0.00
     0    11     1494.00      553.00        0.00
     0    11     1498.00      549.00        0.00
     0    11     1504.00      547.00        0.00
     0    11     1512.00      543.00        0.00
     0    11     1520.00      539.00        0.00
     0    11     1526.00      537.00        0.00
     0    11     1532.00      535.00        0.00
     0    11     1538.00      535.00        0.00
     0    11     1546.00      533.00        0.00
     0    11     1552.00      533.00        0.00
     0    11     1558.00      535.00        0.00
     0    11     1564.00      539.00        0.00
     0    11     1568.00      543.00        0.00
     0    11     1574.00      545.00        0.00
     0    11     1578.00      549.00        0.00
     0    11     1582.00      553.00        0.00
     0    11     1588.00      557.00        0.00
     0    11     1594.00      561.00        0.00
     0    11     1598.00      565.00        0.00
     0    11     1604.00      569.00        0.00
     0    11     1610.00      571.00        0.00
     0    11     1614.00      575.00        0.00
     0    11     1620.00      577.00        0.00
     0    11     1626.00      577.00        0.00
     0    11     1632.00      579.00        0.00
     0    11     1638.00      579.00        0.00
     0    11     1644.00      581.00        0.00
     0    11     1650.00      585.00        0.00
     0    11     1654.00      589.00        0.00
     0    11     1660.00      593.00        0.00
     0    11     1664.00      597.00        0.00
     0    11     1668.00      601.00        0.00
     0    11     1672.00      605.00        0.00
     0    11     1674.00      611.00        0.00
     0    11     1674.00      617.00        0.00
     0    11     1674.00      623.00        0.00
     0    11     1674.00      629.00        0.00
     0    11     1674.00      635.00        0.00
     0    11     1674.00      641.00        0.00
     0    11     1674.00      647.00        0.00
     0    11     1674.00      653.00        0.00
     0    11     1672.00      659.00        0.00
     0    11     1672.00      665.00        0.00
     0    11     1672.00      671.00        0.00
     0    11     1672.00      677.00        0.00
     0    11     1674.00      685.00        0.00
     0    11     1676.00      693.00        0.00
     0    11     1678.00      699.00        0.00
     0    11     1678.00      705.00        0.00
     0    11     1680.00      711.00        0.00
     0    11     1684.00      717.00        0.00
     0    11     1686.00      723.00        0.00
     0    12     1424.00      925.00        0.00
     0    12     1446.00      925.00        0.00
     0    12     1454.00      925.00        0.00
     0    12     1462.00      925.00        0.00
     0    12     1470.00      925.00        0.00
     0    12     1478.00      927.00        0.00
     0    12     1484.00      929.00        0.00
     0    12     1490.00      931.00        0.00
     0    12     1496.00      933.00        0.00
     0    12     1500.00      939.00        0.00
     0    12     1504.00      945.00        0.00
     0    12     1508.00      951.00        0.00
     0    12     1512.00      955.00        0.00
     0    12     1514.00      961.00        0.00
     0    12     1518.00      967.00        0.00
     0    12     1522.00      973.00        0.00
     0    12     1524.00      979.00        0.00
     0    12     1526.00      985.00        0.00
     0    12     1530.00      991.00        0.00
     0    12     1534.00      999.00        0.00
     0    12     1536.00     1005.00        0.00
     0    12     1538.00     1011.00        0.00
     0    12     1540.00     1019.00        0.00
     0    12     1540.00     1027.00        0.00
     0    12     1540.00     1037.00        0.00
     0    12     1540.00     1045.00        0.00
     0    12     1540.00     1053.00        0.00
     0    12     1540.00     1061.00        0.00
     0    12     1540.00     1067.00        0.00
     0    12     1536.00     1075.00        0.00
     0    12     1532.00     1083.00        0.00
     0    12     1526.00     1087.00        0.00
     0    12     1518.00     1091.00        0.00
     0    12     1510.00     1093.00        0.00
     0    12     1502.00     1095.00        0.00
     0    12     1496.00     1097.00        0.00
     0    12     1490.00     1099.00        0.00
     0    12     1484.00     1103.00        0.00
     0    12     1476.00     1103.00        0.00
     0    12     1470.00     1105.00        0.00
     0    12     1462.00     1105.00        0.00
     0    12     1454.00     1105.00        0.00
     0    12     1448.00     1103.00        0.00
     0    12     1442.00     1103.00        0.00
     0    12     1436.00     1103.00        0.00
     0    12     1428.00     1103.00        0.00
     0    12     1422.00     1105.00        0.00
     0    12     1416.00     1107.00        0.00
     0    12     1410.00     1109.00        0.00
     0    12     1404.00     1111.00        0.00
     0    12     1400.00     1115.00        0.00
     0    12     1394.00     1119.00        0.00
     0    12     1386.00     1121.00        0.00
     0    12     1380.00     1121.00        0.00
     0    12     1374.00     1121.00        0.00
     0    12     1368.00     1121.00        0.00
     0    12     1362.00     1119.00        0.00
     0    12     1356.00     1115.00        0.00
     0    12     1350.00     1111.00        0.00
     0    12     1346.00     1107.00        0.00
     0    12     1342.00     1101.00        0.00
     0    12     1342.00     1095.00        0.00
     0    12     1342.00     1089.00        0.00
     0    12     1342.00     1081.00        0.00
     0    12     1342.00     1075.00        0.00
     0    12     1346.00     1069.00        0.00
     0    12     1350.00     1063.00        0.00
     0    12     1352.00     1057.00        0.00
     0    12     1354.00     1049.00        0.00
     0    12     1354.00     1043.00        0.00
     0    12     1356.00     1037.00        0.00
     0    12     1356.00     1029.00        0.00
     0    12     1356.00     1021.00        0.00
     0    12     1354.00     1015.00        0.00
     0    12     1352.00     1007.00        0.00
     0    12     1352.00     1001.00        0.00
     0    12     1350.00      995.00        0.00
     0    12     1346.00      989.00        0.00
     0    12     1344.00      983.00        0.00
     0    12     1344.00      977.00        0.00
     0    12     1344.00      971.00        0.00
     0    12     1344.00      963.00        0.00
     0    12     1348.00      959.00        0.00
     0    12     1352.00      953.00        0.00
     0    12     1358.00      953.00        0.00
     0    12     1364.00      951.00        0.00
     0    12     1368.00      947.00        0.00
     0    12     1374.00      943.00        0.00
     0    12     1380.00      941.00        0.00
     0    13      242.00      659.00        0.00
     0    13      240.00      671.00        0.00
     0    13      238.00      677.00        0.00
     0    13      234.00      681.00        0.00
     0    13      230.00      685.00        0.00
     0    13      224.00      685.00        0.00
     0    13      218.00      685.00        0.00
     0    13      208.00      683.00        0.00
     0    13      202.00      683.00        0.00
     0    13      194.00      679.00        0.00
     0    13      186.00      677.00        0.00
     0    13      180.00      673.00        0.00
     0    13      174.00      671.00        0.00
     0    13      166.00      669.00        0.00
     0    13      160.00      669.00        0.00
     0    13      154.00      669.00        0.00
     0    13      146.00      669.00        0.00
     0    13      140.00      669.00        0.00
     0    13      132.00      671.00        0.00
     0    13      124.00      673.00        0.00
     0    13      118.00      675.00        0.00
     0    13      112.00      677.00        0.00
     0    13      106.00      679.00        0.00
     0    13      100.00      681.00        0.00
     0    13       94.00      681.00        0.00
     0    13       88.00      681.00        0.00
     0    13       82.00      681.00        0.00
     0    13       76.00      681.00        0.00
     0    13       72.00      677.00        0.00
     0    13       66.00      673.00        0.00
     0    13       60.00      669.00        0.00
     0    13       54.00      667.00        0.00
     0    13       48.00      665.00        0.00
     0    13       42.00      661.00        0.00
     0    13       38.00      657.00        0.00
     0    13       36.00      651.00        0.00
     0    13       34.00      645.00        0.00
     0    13       32.00      639.00        0.00
     0    13       30.00      633.00        0.00
     0    13       30.00      627.00        0.00
     0    13       30.00      621.00        0.00
     0    13       32.00      615.00        0.00
     0    13       36.00      611.00        0.00
     0    13       40.00      607.00        0.00
     0    13       44.00      601.00        0.00
     0    13       48.00      597.00        0.00
     0    13       52.00      593.00        0.00
     0    13       56.00      589.00        0.00
     0    13       58.00      583.00        0.00
     0    13       62.00      577.00        0.00
     0    13       64.00      571.00        0.00
     0    13       68.00      565.00        0.00
     0    13       72.00      559.00        0.00
     0    13       74.00      551.00        0.00
     0    13       78.00      547.00        0.00
     0    13       80.00      541.00        0.00
     0    13       82.00      535.00        0.00
     0    13       84.00      529.00        0.00
     0    13       86.00      523.00        0.00
     0    13       86.00      517.00        0.00
     0    13       90.00      513.00        0.00
     0    13       92.00      507.00        0.00
     0    13       94.00      501.00        0.00
     0    13       98.00      497.00        0.00
     0    13      104.00      493.00        0.00
     0    13      108.00      489.00        0.00
     0    13      112.00      483.00        0.00
     0    13      114.00      477.00        0.00
     0    13      114.00      471.00        0.00
     0    13      116.00      465.00        0.00
     0    13      118.00      459.00        0.00
     0    13      122.00      453.00        0.00
     0    13      124.00      447.00        0.00
     0    13      126.00      441.00        0.00
     0    13      128.00      435.00        0.00
     0    13      130.00      429.00        0.00
     0    13      134.00      425.00        0.00
     0    13      136.00      419.00        0.00
     0    13      138.00      413.00        0.00
     0    13      140.00      407.00        0.00
     0    13      142.00      401.00        0.00
     0    13      144.00      395.00        0.00
     0    13      146.00      389.00        0.00
     0    13      150.00      385.00        0.00
     0    13      154.00      381.00        0.00
     0    13      158.00      377.00        0.00
     0    13      164.00      373.00        0.00
     0    13      170.00      371.00        0.00
     0    13      174.00      367.00        0.00
     0    13      180.00      363.00        0.00
     0    13      186.00      361.00        0.00
     0    13      190.00      357.00        0.00
     0    13      196.00      357.00        0.00
     0    13      202.00      353.00        0.00
     0    13      208.00      353.00        0.00
     0    13      214.00      351.00        0.00
     0    13      220.00      351.00        0.00
     0    13      228.00      351.00        0.00
     0    13      234.00      351.00        0.00
     0    13      240.00      353.00        0.00
     0    13      248.00      355.00        0.00
     0    13      254.00      357.00        0.00
     0    13      260.00      361.00        0.00
     0    13      266.00      363.00        0.00
     0    13      270.00      367.00        0.00
     0    13      264.00      365.00        0.00
     0    13      258.00      361.00        0.00
     0    13      254.00      357.00        0.00
     0    13      248.00      355.00        0.00
     0    13      242.00      355.00        0.00
     0    13      236.00      355.00        0.00
     0    13      230.00      355.00        0.00
     0    13      224.00      355.00        0.00
     0    13      218.00      355.00        0.00
     0    13      212.00      355.00        0.00
     0    13      206.00      355.00        0.00
     0    13      200.00      355.00        0.00
     0    13      194.00      355.00        0.00
     0    13      188.00      357.00        0.00
     0    13      184.00      361.00        0.00
     0    13      178.00      365.00        0.00
     0    13      174.00      369.00        0.00
     0    13      168.00      371.00        0.00
     0    13      164.00      375.00        0.00
     0    13      158.00      377.00        0.00
     0    13      154.00      381.00        0.00
     0    13      150.00      385.00        0.00
     0    13      144.00      389.00        0.00
     0    13      140.00      393.00        0.00
     0    13      136.00      401.00        0.00
     0    13      136.00      407.00        0.00
     0    13      134.00      413.00        0.00
     0    13      132.00      419.00        0.00
     0    13      130.00      425.00        0.00
     0    13      130.00      431.00        0.00
     0    13      128.00      437.00        0.00
     0    13      126.00      443.00        0.00
     0    13      122.00      449.00        0.00
     0    13      122.00      457.00        0.00
     0    13      122.00      463.00        0.00
     0    13      122.00      469.00        0.00
     0    13      122.00      475.00        0.00
     0    13      124.00      481.00        0.00
     0    13      128.00      485.00        0.00
     0    13      134.00      489.00        0.00
     0    13      140.00      491.00        0.00
     0    13      146.00      495.00        0.00
     0    13      152.00      497.00        0.00
     0    13      158.00      499.00        0.00
     0    13      162.00      503.00        0.00
     0    13      166.00      507.00        0.00
     0    13      170.00      511.00        0.00
     0    13      174.00      517.00        0.00
     0    13      178.00      521.00        0.00
     0    13      182.00      527.00        0.00
     0    13      188.00      529.00        0.00
     0    13      194.00      533.00        0.00
     0    13      200.00      535.00        0.00
     0    13      206.00      535.00        0.00
     0    13      212.00      537.00        0.00
     0    13      220.00      537.00        0.00
     0    13      226.00      537.00        0.00
     0    13      232.00      537.00        0.00
     0    13      238.00      537.00        0.00
     0    13      244.00      535.00        0.00
     0    13      250.00      533.00        0.00
     0    13      258.00      529.00        0.00
     0    13      264.00      527.00        0.00
     0    13      270.00      525.00        0.00
     0    13      276.00      523.00        0.00
     0    13      282.00      521.00        0.00
     0    13      286.00      517.00        0.00
     0    13      290.00      513.00        0.00
     0    13      296.00      513.00        0.00
     0    13      302.00      513.00        0.00
     0    13      308.00      513.00        0.00
     0    13      314.00      513.00        0.00
     0    13      320.00      517.00        0.00
     0    13      322.00      523.00        0.00
     0    13      318.00      527.00        0.00
     0    13      314.00      531.00        0.00
     0    13      306.00      535.00        0.00
     0    13      300.00      539.00        0.00
     0    13      294.00      541.00        0.00
     0    13      288.00      545.00        0.00
     0    13      282.00      545.00        0.00
     0    13      276.00      547.00        0.00
     0    13      270.00      549.00        0.00
     0    13      264.00      551.00        0.00
     0    13      258.00      553.00        0.00
     0    13      254.00      557.00        0.00
     0    13      248.00      561.00        0.00
     0    13      244.00      567.00        0.00
     0    13      242.00      573.00        0.00
     0    13      240.00      581.00        0.00
     0    14      652.00      861.00        0.00
     0    14      622.00      823.00        0.00
     0    14      620.00      801.00        0.00
     0    14      620.00      793.00        0.00
     0    14      620.00      785.00        0.00
     0    14      620.00      773.00        0.00
     0    14      622.00      763.00        0.00
     0    14      622.00      753.00        0.00
     0    14      622.00      743.00        0.00
     0    14      622.00      735.00        0.00
     0    14      622.00      727.00        0.00
     0    14      622.00      719.00        0.00
     0    14      622.00      713.00        0.00
     0    14      622.00      707.00        0.00
     0    14      620.00      701.00        0.00
     0    14      620.00      695.00        0.00
     0    14      620.00      689.00        0.00
     0    14      618.00      683.00        0.00
     0    14      616.00      677.00        0.00
     0    14      614.00      671.00        0.00
     0    14      614.00      665.00        0.00
     0    14      610.00      661.00        0.00
     0    14      606.00      657.00        0.00
     0    14      602.00      651.00        0.00
     0    14      596.00      647.00        0.00
     0    14      592.00      643.00        0.00
     0    14      588.00      639.00        0.00
     0    14      582.00      635.00        0.00
     0    14      578.00      629.00        0.00
     0    14      574.00      625.00        0.00
     0    14      568.00      621.00        0.00
     0    14      564.00      617.00        0.00
     0    14      560.00      613.00        0.00
     0    14      554.00      609.00        0.00
     0    14      550.00      605.00        0.00
     0    14      544.00      601.00        0.00
     0    14      540.00      595.00        0.00
     0    14      536.00      591.00        0.00
     0    14      532.00      585.00        0.00
     0    14      528.00      581.00        0.00
     0    14      526.00      575.00        0.00
     0    14      524.00      569.00        0.00
     0    14      526.00      563.00        0.00
     0    14      530.00      557.00        0.00
     0    14      534.00      551.00        0.00
     0    14      540.00      545.00        0.00
     0    14      544.00      537.00        0.00
     0    14      548.00      531.00        0.00
     0    14      552.00      527.00        0.00
     0    14      556.00      523.00        0.00
     0    14      560.00      519.00        0.00
     0    14      564.00      513.00        0.00
     0    14      568.00      509.00        0.00
     0    14      570.00      503.00        0.00
     0    14      574.00      499.00        0.00
     0    14      578.00      493.00        0.00
     0    14      582.00      489.00        0.00
     0    14      586.00      485.00        0.00
     0    14      590.00      479.00        0.00
     0    14      594.00      473.00        0.00
     0    14      598.00      467.00        0.00
     0    14      602.00      461.00        0.00
     0    14      606.00      457.00        0.00
     0    14      610.00      453.00        0.00
     0    14      614.00      449.00        0.00
     0    14      620.00      445.00        0.00
     0    14      624.00      441.00        0.00
     0    14      632.00      439.00        0.00
     0    14      638.00      437.00        0.00
     0    14      646.00      437.00        0.00
     0    14      654.00      435.00        0.00
     0    14      660.00      439.00        0.00
     0    14      666.00      443.00        0.00
     0    14      668.00      449.00        0.00
     0    14      670.00      455.00        0.00
     0    14      672.00      461.00        0.00
     0    14      672.00      467.00        0.00
     0    14      674.00      473.00        0.00
     0    14      674.00      481.00        0.00
     0    14      674.00      491.00        0.00
     0    14      674.00      497.00        0.00
     0    14      674.00      505.00        0.00
     0    14      672.00      513.00        0.00
     0    14      672.00      521.00        0.00
     0    14      674.00      529.00        0.00
     0    14      676.00      539.00        0.00
     0    14      678.00      545.00        0.00
     0    14      680.00      551.00        0.00
     0    14      682.00      559.00        0.00
     0    14      684.00      565.00        0.00
     0    14      686.00      573.00        0.00
     0    14      686.00      579.00        0.00
     0    14      686.00      587.00        0.00
     0    14      686.00      593.00        0.00
     0    14      686.00      599.00        0.00
     0    14      686.00      605.00        0.00
     0    14      684.00      611.00        0.00
     0    14      680.00      615.00        0.00
     0    14      678.00      621.00        0.00
     0    14      674.00      627.00        0.00
     0    14      672.00      633.00        0.00
     0    14      670.00      639.00        0.00
     0    14      666.00      643.00        0.00
     0    14      662.00      647.00        0.00
     0    14      656.00      649.00        0.00
     0    14      650.00      651.00        0.00
     0    14      644.00      653.00        0.00
     0    14      638.00      657.00        0.00
     0    14      634.00      661.00        0.00
     0    14      634.00      667.00        0.00
     0    14      632.00      673.00        0.00
     0    14      632.00      681.00        0.00
     0    14      630.00      687.00        0.00
     0    14      630.00      693.00        0.00
     0    14      630.00      699.00        0.00
     0    14      630.00      705.00        0.00
     0    14      630.00      713.00        0.00
     0    14      630.00      719.00        0.00
     0    14      630.00      727.00        0.00
     0    14      632.00      735.00        0.00
     0    14      634.00      741.00        0.00
