     0     0      256.00      955.00        0.00
     0     0      252.00      949.00        0.00
     0     0      246.00      945.00        0.00
     0     0      242.00      941.00        0.00
     0     0      236.00      937.00        0.00
     0     0      230.00      935.00        0.00
     0     0      224.00      931.00        0.00
     0     0      218.00      929.00        0.00
     0     0      212.00      925.00        0.00
     0     0      206.00      925.00        0.00
     0     0      198.00      921.00        0.00
     0     0      192.00      919.00        0.00
     0     0      186.00      917.00        0.00
     0     0      180.00      915.00        0.00
     0     0      174.00      913.00        0.00
     0     0      168.00      911.00        0.00
     0     0      162.00      911.00        0.00
     0     0      156.00      909.00        0.00
     0     0      150.00      909.00        0.00
     0     0      144.00      907.00        0.00
     0     0      138.00      907.00        0.00
     0     0      130.00      907.00        0.00
     0     0      124.00      909.00        0.00
     0     0      118.00      909.00        0.00
     0     0      112.00      911.00        0.00
     0     0      106.00      913.00        0.00
     0     0      100.00      913.00        0.00
     0     0       94.00      917.00        0.00
     0     0       88.00      919.00        0.00
     0     0       82.00      921.00        0.00
     0     0       76.00      923.00        0.00
     0     0       70.00      925.00        0.00
     0     0       64.00      927.00        0.00
     0     0       56.00      929.00        0.00
     0     0       48.00      931.00        0.00
     0     0       42.00      933.00        0.00
     0     0       36.00      935.00        0.00
     0     0       30.00      937.00        0.00
     0     0       24.00      937.00        0.00
     0     0       18.00      939.00        0.00
     0     0       12.00      939.00        0.00
     0     0        6.00      941.00        0.00
     0     0        6.00      935.00        0.00
     0     0       12.00      933.00        0.00
     0     0       18.00      933.00        0.00
     0     0       24.00      931.00        0.00
     0     0       30.00      931.00        0.00
     0     0       36.00      931.00        0.00
     0     0       42.00      929.00        0.00
     0     0       48.00      929.00        0.00
     0     0       54.00      927.00        0.00
     0     0       60.00      925.00        0.00
     0     0       66.00      923.00        0.00
     0     0       72.00      921.00        0.00
     0     0       76.00      917.00        0.00
     0     0       82.00      915.00        0.00
     0     0       88.00      913.00        0.00
     0     0       92.00      909.00        0.00
     0     0       98.00      907.00        0.00
     0     0      104.00      905.00        0.00
     0     0      110.00      903.00        0.00
     0     0      114.00      899.00        0.00
     0     0      120.00      897.00        0.00
     0     0      126.00      893.00        0.00
     0     0      132.00      891.00        0.00
     0     0      138.00      889.00        0.00
     0     0      144.00      887.00        0.00
     0     0      150.00      885.00        0.00
     0     0      156.00      881.00        0.00
     0     0      160.00      877.00        0.00
     0     0      166.00      875.00        0.00
     0     0      170.00      871.00        0.00
     0     0      176.00      869.00        0.00
     0     0      182.00      865.00        0.00
     0     0      186.00      861.00        0.00
     0     0      192.00      857.00        0.00
     0     0      194.00      851.00        0.00
     0     0      192.00      845.00        0.00
     0     0      190.00      839.00        0.00
     0     0      188.00      831.00        0.00
     0     0      186.00      825.00        0.00
     0     0      186.00      819.00        0.00
     0     0      186.00      813.00        0.00
     0     0      186.00      807.00        0.00
     0     0      188.00      801.00        0.00
     0     0      190.00      793.00        0.00
     0     0      192.00      787.00        0.00
     0     0      194.00      781.00        0.00
     0     0      200.00      779.00        0.00
     0     0      206.00      777.00        0.00
     0     0      214.00      777.00        0.00
     0     0      220.00      777.00        0.00
     0     0      226.00      777.00        0.00
     0     0      232.00      777.00        0.00
     0     0      238.00      775.00        0.00
     0     0      242.00      771.00        0.00
     0     0      246.00      767.00        0.00
     0     0      252.00      765.00        0.00
     0     0      256.00      761.00        0.00
     0     0      264.00      757.00        0.00
     0     0      268.00      753.00        0.00
     0     0      274.00      749.00        0.00
     0     0      280.00      745.00        0.00
     0     0      286.00      743.00        0.00
     0     0      290.00      739.00        0.00
     0     0      296.00      735.00        0.00
     0     0      300.00      731.00        0.00
     0     0      304.00      725.00        0.00
     0     0      304.00      719.00        0.00
     0     0      306.00      711.00        0.00
     0     0      308.00      703.00        0.00
     0     0      310.00      693.00        0.00
     0     0      312.00      683.00        0.00
     0     0      312.00      673.00        0.00
     0     0      314.00      665.00        0.00
     0     0      316.00      659.00        0.00
     0     0      318.00      653.00        0.00
     0     0      322.00      647.00        0.00
     0     0      326.00      641.00        0.00
     0     0      328.00      635.00        0.00
     0     0      328.00      629.00        0.00
     0     0      330.00      623.00        0.00
     0     0      334.00      619.00        0.00
     0     0      338.00      611.00        0.00
     0     0      342.00      605.00        0.00
     0     0      348.00      603.00        0.00
     0     0      354.00      601.00        0.00
     0     0      360.00      601.00        0.00
     0     0      368.00      603.00        0.00
     0     0      372.00      607.00        0.00
     0     0      376.00      611.00        0.00
     0     0      380.00      617.00        0.00
     0     0      384.00      621.00        0.00
     0     0      388.00      629.00        0.00
     0     0      392.00      635.00        0.00
     0     0      394.00      641.00        0.00
     0     0      396.00      647.00        0.00
     0     0      396.00      653.00        0.00
     0     0      396.00      659.00        0.00
     0     0      398.00      665.00        0.00
     0     0      398.00      673.00        0.00
     0     0      398.00      681.00        0.00
     0     0      398.00      689.00        0.00
     0     0      398.00      697.00        0.00
     0     0      398.00      703.00        0.00
     0     0      398.00      709.00        0.00
     0     0      398.00      715.00        0.00
     0     0      398.00      721.00        0.00
     0     0      398.00      727.00        0.00
     0     0      398.00      733.00        0.00
     0     0      398.00      741.00        0.00
     0     0      400.00      749.00        0.00
     0     0      400.00      755.00        0.00
     0     0      400.00      761.00        0.00
     0     0      402.00      767.00        0.00
     0     0      402.00      773.00        0.00
     0     0      402.00      779.00        0.00
     0     0      402.00      785.00        0.00
     0     0      402.00      791.00        0.00
     0     0      396.00      793.00        0.00
     0     0      390.00      795.00        0.00
     0     0      384.00      799.00        0.00
     0     0      378.00      801.00        0.00
     0     0      372.00      803.00        0.00
     0     0      366.00      807.00        0.00
     0     0      360.00      813.00        0.00
     0     0      356.00      817.00        0.00
     0     0      352.00      821.00        0.00
     0     0      348.00      827.00        0.00
     0     0      344.00      833.00        0.00
     0     0      342.00      839.00        0.00
     0     0      340.00      845.00        0.00
     0     0      336.00      849.00        0.00
     0     0      328.00      851.00        0.00
     0     0      322.00      853.00        0.00
     0     0      318.00      857.00        0.00
     0     0      312.00      861.00        0.00
     0     0      306.00      867.00        0.00
     0     0      300.00      871.00        0.00
     0     0      294.00      877.00        0.00
     0     0      290.00      883.00        0.00
     0     0      286.00      887.00        0.00
     0     0      282.00      891.00        0.00
     0     0      278.00      895.00        0.00
     0     0      274.00      901.00        0.00
     0     0      272.00      907.00        0.00
     0     0      272.00      913.00        0.00
     0     0      272.00      919.00        0.00
     0     0      272.00      925.00        0.00
     0     0      270.00      931.00        0.00
     0     0      270.00      937.00        0.00
     0     0      270.00      943.00        0.00
     0     0      270.00      949.00        0.00
     0     1      808.00      333.00        0.00
     0     1      820.00      331.00        0.00
     0     1      826.00      329.00        0.00
     0     1      832.00      327.00        0.00
     0     1      838.00      327.00        0.00
     0     1      846.00      325.00        0.00
     0     1      852.00      325.00        0.00
     0     1      862.00      321.00        0.00
     0     1      868.00      319.00        0.00
     0     1      874.00      315.00        0.00
     0     1      878.00      311.00        0.00
     0     1      882.00      307.00        0.00
     0     1      886.00      301.00        0.00
     0     1      890.00      293.00        0.00
     0     1      894.00      289.00        0.00
     0     1      898.00      283.00        0.00
     0     1      904.00      277.00        0.00
     0     1      906.00      271.00        0.00
     0     1      908.00      265.00        0.00
     0     1      910.00      257.00        0.00
     0     1      914.00      251.00        0.00
     0     1      918.00      243.00        0.00
     0     1      920.00      235.00        0.00
     0     1      920.00      227.00        0.00
     0     1      920.00      215.00        0.00
     0     1      920.00      207.00        0.00
     0     1      920.00      197.00        0.00
     0     1      920.00      189.00        0.00
     0     1      920.00      181.00        0.00
     0     1      920.00      175.00        0.00
     0     1      920.00      169.00        0.00
     0     1      916.00      161.00        0.00
     0     1      912.00      153.00        0.00
     0     1      908.00      147.00        0.00
     0     1      906.00      141.00        0.00
     0     1      902.00      137.00        0.00
     0     1      898.00      133.00        0.00
     0     1      892.00      125.00        0.00
     0     1      888.00      121.00        0.00
     0     1      884.00      115.00        0.00
     0     1      882.00      109.00        0.00
     0     1      878.00      103.00        0.00
     0     1      874.00       99.00        0.00
     0     1      870.00       95.00        0.00
     0     1      864.00       91.00        0.00
     0     1      860.00       87.00        0.00
     0     1      856.00       83.00        0.00
     0     1      850.00       81.00        0.00
     0     1      844.00       77.00        0.00
     0     1      838.00       73.00        0.00
     0     1      832.00       71.00        0.00
     0     1      826.00       69.00        0.00
     0     1      820.00       67.00        0.00
     0     1      816.00       63.00        0.00
     0     1      810.00       61.00        0.00
     0     1      804.00       59.00        0.00
     0     1      796.00       55.00        0.00
     0     1      790.00       53.00        0.00
     0     1      784.00       51.00        0.00
     0     1      778.00       49.00        0.00
     0     1      772.00       49.00        0.00
     0     1      766.00       49.00        0.00
     0     1      760.00       51.00        0.00
     0     1      754.00       53.00        0.00
     0     1      748.00       53.00        0.00
     0     1      742.00       53.00        0.00
     0     1      734.00       55.00        0.00
     0     1      728.00       55.00        0.00
     0     1      720.00       57.00        0.00
     0     1      714.00       57.00        0.00
     0     1      710.00       61.00        0.00
     0     1      704.00       65.00        0.00
     0     1      700.00       69.00        0.00
     0     1      694.00       73.00        0.00
     0     1      690.00       79.00        0.00
     0     1      686.00       85.00        0.00
     0     1      686.00       93.00        0.00
     0     1      686.00      101.00        0.00
     0     1      688.00      109.00        0.00
     0     1      692.00      113.00        0.00
     0     1      694.00      119.00        0.00
     0     1      698.00      127.00        0.00
     0     1      700.00      135.00        0.00
     0     1      702.00      143.00        0.00
     0     1      704.00      149.00        0.00
     0     1      704.00      155.00        0.00
     0     1      706.00      161.00        0.00
     0     1      706.00      167.00        0.00
     0     1      706.00      173.00        0.00
     0     1      706.00      179.00        0.00
     0     1      708.00      187.00        0.00
     0     1      710.00      195.00        0.00
     0     1      712.00      201.00        0.00
     0     1      716.00      209.00        0.00
     0     1      720.00      215.00        0.00
     0     1      724.00      219.00        0.00
     0     1      728.00      223.00        0.00
     0     1      732.00      229.00        0.00
     0     1      738.00      235.00        0.00
     0     1      744.00      237.00        0.00
     0     1      748.00      241.00        0.00
     0     1      752.00      245.00        0.00
     0     1      756.00      249.00        0.00
     0     1      762.00      251.00        0.00
     0     1      766.00      255.00        0.00
     0     1      772.00      259.00        0.00
     0     1      776.00      263.00        0.00
     0     1      780.00      267.00        0.00
     0     1      784.00      273.00        0.00
     0     1      786.00      279.00        0.00
     0     1      790.00      287.00        0.00
     0     1      794.00      291.00        0.00
     0     1      798.00      295.00        0.00
     0     1      798.00      301.00        0.00
     0     2     1088.00      571.00        0.00
     0     2     1078.00      577.00        0.00
     0     2     1074.00      581.00        0.00
     0     2     1074.00      587.00        0.00
     0     2     1080.00      591.00        0.00
     0     2     1084.00      595.00        0.00
     0     2     1088.00      599.00        0.00
     0     2     1090.00      605.00        0.00
     0     2     1090.00      611.00        0.00
     0     2     1086.00      617.00        0.00
     0     2     1084.00      623.00        0.00
     0     2     1082.00      629.00        0.00
     0     2     1078.00      637.00        0.00
     0     2     1076.00      647.00        0.00
     0     2     1074.00      655.00        0.00
     0     2     1072.00      661.00        0.00
     0     2     1072.00      667.00        0.00
     0     2     1078.00      669.00        0.00
     0     2     1086.00      673.00        0.00
     0     2     1090.00      677.00        0.00
     0     2     1094.00      683.00        0.00
     0     2     1096.00      691.00        0.00
     0     2     1100.00      697.00        0.00
     0     2     1102.00      703.00        0.00
     0     2     1102.00      711.00        0.00
     0     2     1104.00      721.00        0.00
     0     2     1104.00      729.00        0.00
     0     2     1104.00      739.00        0.00
     0     2     1104.00      749.00        0.00
     0     2     1102.00      755.00        0.00
     0     2     1100.00      761.00        0.00
     0     2     1098.00      769.00        0.00
     0     2     1096.00      775.00        0.00
     0     2     1092.00      779.00        0.00
     0     2     1096.00      775.00        0.00
     0     2     1100.00      771.00        0.00
     0     2     1104.00      763.00        0.00
     0     2     1110.00      755.00        0.00
     0     2     1116.00      747.00        0.00
     0     2     1120.00      739.00        0.00
     0     2     1124.00      731.00        0.00
     0     2     1126.00      725.00        0.00
     0     2     1130.00      719.00        0.00
     0     2     1134.00      713.00        0.00
     0     2     1138.00      709.00        0.00
     0     2     1140.00      703.00        0.00
     0     2     1148.00      699.00        0.00
     0     2     1154.00      699.00        0.00
     0     2     1162.00      701.00        0.00
     0     2     1166.00      707.00        0.00
     0     2     1168.00      713.00        0.00
     0     2     1176.00      713.00        0.00
     0     2     1180.00      709.00        0.00
     0     2     1182.00      703.00        0.00
     0     2     1186.00      695.00        0.00
     0     2     1190.00      691.00        0.00
     0     2     1194.00      687.00        0.00
     0     2     1198.00      681.00        0.00
     0     2     1202.00      677.00        0.00
     0     2     1204.00      671.00        0.00
     0     2     1206.00      665.00        0.00
     0     2     1206.00      657.00        0.00
     0     2     1206.00      647.00        0.00
     0     2     1208.00      641.00        0.00
     0     2     1208.00      635.00        0.00
     0     2     1210.00      627.00        0.00
     0     2     1210.00      621.00        0.00
     0     2     1214.00      611.00        0.00
     0     2     1216.00      605.00        0.00
     0     2     1218.00      597.00        0.00
     0     2     1220.00      591.00        0.00
     0     2     1222.00      583.00        0.00
     0     2     1224.00      577.00        0.00
     0     2     1228.00      571.00        0.00
     0     2     1230.00      563.00        0.00
     0     2     1232.00      555.00        0.00
     0     2     1240.00      547.00        0.00
     0     2     1244.00      541.00        0.00
     0     2     1252.00      537.00        0.00
     0     2     1258.00      531.00        0.00
     0     2     1264.00      529.00        0.00
     0     2     1268.00      525.00        0.00
     0     2     1274.00      521.00        0.00
     0     2     1280.00      519.00        0.00
     0     2     1288.00      517.00        0.00
     0     2     1296.00      515.00        0.00
     0     2     1302.00      513.00        0.00
     0     2     1308.00      509.00        0.00
     0     2     1316.00      507.00        0.00
     0     2     1322.00      507.00        0.00
     0     2     1326.00      503.00        0.00
     0     2     1324.00      497.00        0.00
     0     2     1318.00      493.00        0.00
     0     2     1310.00      491.00        0.00
     0     2     1302.00      487.00        0.00
     0     2     1296.00      485.00        0.00
     0     2     1290.00      483.00        0.00
     0     2     1280.00      483.00        0.00
     0     2     1274.00      481.00        0.00
     0     2     1268.00      481.00        0.00
     0     2     1260.00      481.00        0.00
     0     2     1254.00      481.00        0.00
     0     2     1244.00      481.00        0.00
     0     2     1236.00      481.00        0.00
     0     2     1228.00      481.00        0.00
     0     2     1222.00      483.00        0.00
     0     2     1216.00      483.00        0.00
     0     2     1210.00      483.00        0.00
     0     2     1206.00      479.00        0.00
     0     2     1202.00      475.00        0.00
     0     2     1200.00      469.00        0.00
     0     2     1198.00      463.00        0.00
     0     2     1196.00      457.00        0.00
     0     2     1194.00      451.00        0.00
     0     2     1190.00      445.00        0.00
     0     2     1188.00      439.00        0.00
     0     2     1184.00      435.00        0.00
     0     2     1180.00      429.00        0.00
     0     2     1172.00      427.00        0.00
     0     2     1168.00      431.00        0.00
     0     2     1162.00      435.00        0.00
     0     2     1158.00      441.00        0.00
     0     2     1154.00      445.00        0.00
     0     2     1152.00      451.00        0.00
     0     2     1148.00      457.00        0.00
     0     2     1146.00      463.00        0.00
     0     2     1140.00      469.00        0.00
     0     2     1138.00      475.00        0.00
     0     2     1134.00      481.00        0.00
     0     2     1132.00      489.00        0.00
     0     2     1130.00      495.00        0.00
     0     2     1128.00      501.00        0.00
     0     2     1126.00      507.00        0.00
     0     2     1122.00      513.00        0.00
     0     2     1118.00      519.00        0.00
     0     3     1716.00      875.00        0.00
     0     3     1720.00      889.00        0.00
     0     3     1720.00      895.00        0.00
     0     3     1722.00      901.00        0.00
     0     3     1724.00      907.00        0.00
     0     3     1726.00      913.00        0.00
     0     3     1726.00      919.00        0.00
     0     3     1730.00      925.00        0.00
     0     3     1732.00      931.00        0.00
     0     3     1734.00      937.00        0.00
     0     3     1738.00      943.00        0.00
     0     3     1742.00      949.00        0.00
     0     3     1746.00      953.00        0.00
     0     3     1752.00      955.00        0.00
     0     3     1756.00      959.00        0.00
     0     3     1762.00      963.00        0.00
     0     3     1766.00      967.00        0.00
     0     3     1772.00      971.00        0.00
     0     3     1776.00      975.00        0.00
     0     3     1780.00      979.00        0.00
     0     3     1786.00      983.00        0.00
     0     3     1792.00      987.00        0.00
     0     3     1796.00      991.00        0.00
     0     3     1800.00      999.00        0.00
     0     3     1804.00     1005.00        0.00
     0     3     1808.00     1009.00        0.00
     0     3     1810.00     1015.00        0.00
     0     3     1810.00     1021.00        0.00
     0     3     1812.00     1027.00        0.00
     0     3     1812.00     1033.00        0.00
     0     3     1812.00     1041.00        0.00
     0     3     1812.00     1047.00        0.00
     0     3     1812.00     1053.00        0.00
     0     3     1812.00     1061.00        0.00
     0     3     1810.00     1067.00        0.00
     0     3     1810.00     1073.00        0.00
     0     3     1808.00     1079.00        0.00
     0     3     1804.00     1085.00        0.00
     0     3     1802.00     1091.00        0.00
     0     3     1798.00     1095.00        0.00
     0     3     1792.00     1099.00        0.00
     0     3     1786.00     1101.00        0.00
     0     3     1780.00     1103.00        0.00
     0     3     1772.00     1105.00        0.00
     0     3     1764.00     1107.00        0.00
     0     3     1758.00     1107.00        0.00
     0     3     1752.00     1109.00        0.00
     0     3     1746.00     1109.00        0.00
     0     3     1740.00     1109.00        0.00
     0     3     1734.00     1109.00        0.00
     0     3     1728.00     1109.00        0.00
     0     3     1720.00     1105.00        0.00
     0     3     1712.00     1103.00        0.00
     0     3     1706.00     1099.00        0.00
     0     3     1700.00     1097.00        0.00
     0     3     1694.00     1091.00        0.00
     0     3     1690.00     1087.00        0.00
     0     3     1684.00     1083.00        0.00
     0     3     1676.00     1077.00        0.00
     0     3     1672.00     1073.00        0.00
     0     3     1666.00     1069.00        0.00
     0     3     1658.00     1063.00        0.00
     0     3     1652.00     1057.00        0.00
     0     3     1648.00     1053.00        0.00
     0     3     1644.00     1047.00        0.00
     0     3     1640.00     1043.00        0.00
     0     3     1636.00     1037.00        0.00
     0     3     1632.00     1033.00        0.00
     0     3     1632.00     1027.00        0.00
     0     3     1632.00     1021.00        0.00
     0     3     1632.00     1015.00        0.00
     0     3     1634.00     1007.00        0.00
     0     3     1638.00     1003.00        0.00
     0     3     1642.00      995.00        0.00
     0     3     1646.00      989.00        0.00
     0     3     1652.00      985.00        0.00
     0     3     1656.00      979.00        0.00
     0     3     1660.00      973.00        0.00
     0     3     1664.00      969.00        0.00
     0     3     1670.00      965.00        0.00
     0     3     1676.00      961.00        0.00
     0     3     1680.00      957.00        0.00
     0     3     1684.00      953.00        0.00
     0     3     1688.00      949.00        0.00
     0     3     1692.00      945.00        0.00
     0     3     1694.00      939.00        0.00
     0     3     1698.00      933.00        0.00
     0     3     1698.00      927.00        0.00
     0     3     1700.00      921.00        0.00
     0     3     1700.00      915.00        0.00
     0     3     1702.00      909.00        0.00
     0     3     1704.00      903.00        0.00
     0     3     1706.00      897.00        0.00
     0     3     1706.00      891.00        0.00
     0     3     1706.00      885.00        0.00
     0     4     1572.00      835.00        0.00
     0     4     1574.00      871.00        0.00
     0     4     1574.00      893.00        0.00
     0     4     1576.00      899.00        0.00
     0     4     1576.00      909.00        0.00
     0     4     1578.00      917.00        0.00
     0     4     1580.00      923.00        0.00
     0     4     1582.00      929.00        0.00
     0     4     1584.00      935.00        0.00
     0     4     1588.00      943.00        0.00
     0     4     1592.00      949.00        0.00
     0     4     1594.00      955.00        0.00
     0     4     1598.00      959.00        0.00
     0     4     1602.00      963.00        0.00
     0     4     1604.00      969.00        0.00
     0     4     1608.00      973.00        0.00
     0     4     1612.00      977.00        0.00
     0     4     1616.00      983.00        0.00
     0     4     1618.00      989.00        0.00
     0     4     1622.00      993.00        0.00
     0     4     1624.00      999.00        0.00
     0     4     1626.00     1005.00        0.00
     0     4     1628.00     1011.00        0.00
     0     4     1630.00     1017.00        0.00
     0     4     1630.00     1025.00        0.00
     0     4     1626.00     1029.00        0.00
     0     4     1618.00     1029.00        0.00
     0     4     1612.00     1027.00        0.00
     0     4     1606.00     1025.00        0.00
     0     4     1598.00     1025.00        0.00
     0     4     1588.00     1025.00        0.00
     0     4     1580.00     1023.00        0.00
     0     4     1574.00     1023.00        0.00
     0     4     1568.00     1021.00        0.00
     0     4     1560.00     1019.00        0.00
     0     4     1552.00     1019.00        0.00
     0     4     1544.00     1015.00        0.00
     0     4     1538.00     1013.00        0.00
     0     4     1532.00     1013.00        0.00
     0     4     1526.00     1011.00        0.00
     0     4     1520.00     1011.00        0.00
     0     4     1512.00     1009.00        0.00
     0     4     1506.00     1009.00        0.00
     0     4     1496.00     1009.00        0.00
     0     4     1486.00     1009.00        0.00
     0     4     1480.00     1009.00        0.00
     0     4     1472.00     1009.00        0.00
     0     4     1466.00     1009.00        0.00
     0     4     1460.00     1009.00        0.00
     0     4     1452.00     1011.00        0.00
     0     4     1444.00     1015.00        0.00
     0     4     1436.00     1017.00        0.00
     0     4     1428.00     1019.00        0.00
     0     4     1422.00     1023.00        0.00
     0     4     1416.00     1025.00        0.00
     0     4     1410.00     1029.00        0.00
     0     4     1404.00     1031.00        0.00
     0     4     1400.00     1035.00        0.00
     0     4     1392.00     1039.00        0.00
     0     4     1388.00     1043.00        0.00
     0     4     1382.00     1047.00        0.00
     0     4     1376.00     1049.00        0.00
     0     4     1370.00     1051.00        0.00
     0     4     1364.00     1053.00        0.00
     0     4     1358.00     1053.00        0.00
     0     4     1352.00     1053.00        0.00
     0     4     1346.00     1051.00        0.00
     0     4     1340.00     1047.00        0.00
     0     4     1336.00     1043.00        0.00
     0     4     1334.00     1037.00        0.00
     0     4     1334.00     1031.00        0.00
     0     4     1338.00     1027.00        0.00
     0     4     1342.00     1023.00        0.00
     0     4     1346.00     1019.00        0.00
     0     4     1350.00     1015.00        0.00
     0     4     1354.00     1011.00        0.00
     0     4     1356.00     1003.00        0.00
     0     4     1358.00      995.00        0.00
     0     4     1358.00      987.00        0.00
     0     4     1360.00      981.00        0.00
     0     4     1360.00      973.00        0.00
     0     4     1360.00      965.00        0.00
     0     4     1360.00      959.00        0.00
     0     4     1360.00      953.00        0.00
     0     4     1360.00      947.00        0.00
     0     4     1360.00      941.00        0.00
     0     4     1360.00      935.00        0.00
     0     4     1358.00      929.00        0.00
     0     4     1354.00      923.00        0.00
     0     4     1350.00      919.00        0.00
     0     4     1346.00      915.00        0.00
     0     4     1340.00      911.00        0.00
     0     4     1334.00      907.00        0.00
     0     4     1328.00      903.00        0.00
     0     4     1324.00      899.00        0.00
     0     4     1320.00      893.00        0.00
     0     4     1316.00      887.00        0.00
     0     4     1312.00      881.00        0.00
     0     4     1312.00      875.00        0.00
     0     4     1318.00      873.00        0.00
     0     4     1326.00      873.00        0.00
     0     4     1334.00      875.00        0.00
     0     4     1336.00      869.00        0.00
     0     4     1336.00      863.00        0.00
     0     4     1336.00      857.00        0.00
     0     4     1342.00      855.00        0.00
     0     4     1350.00      857.00        0.00
     0     4     1356.00      857.00        0.00
     0     4     1364.00      859.00        0.00
     0     4     1370.00      859.00        0.00
     0     4     1378.00      859.00        0.00
     0     4     1384.00      859.00        0.00
     0     4     1392.00      859.00        0.00
     0     4     1398.00      857.00        0.00
     0     4     1406.00      857.00        0.00
     0     4     1416.00      853.00        0.00
     0     4     1422.00      853.00        0.00
     0     4     1430.00      851.00        0.00
     0     4     1436.00      849.00        0.00
     0     4     1446.00      847.00        0.00
     0     4     1452.00      847.00        0.00
     0     4     1458.00      845.00        0.00
     0     4     1464.00      845.00        0.00
     0     4     1470.00      845.00        0.00
     0     4     1478.00      843.00        0.00
     0     4     1484.00      843.00        0.00
     0     4     1490.00      843.00        0.00
     0     4     1496.00      841.00        0.00
     0     4     1502.00      839.00        0.00
     0     4     1508.00      837.00        0.00
     0     4     1512.00      833.00        0.00
     0     4     1518.00      831.00        0.00
     0     4     1524.00      829.00        0.00
     0     4     1530.00      827.00        0.00
     0     5     1672.00      363.00        0.00
     0     5     1666.00      383.00        0.00
     0     5     1664.00      389.00        0.00
     0     5     1660.00      393.00        0.00
     0     5     1658.00      401.00        0.00
     0     5     1656.00      409.00        0.00
     0     5     1654.00      415.00        0.00
     0     5     1652.00      421.00        0.00
     0     5     1652.00      427.00        0.00
     0     5     1650.00      433.00        0.00
     0     5     1650.00      439.00        0.00
     0     5     1648.00      445.00        0.00
     0     5     1646.00      453.00        0.00
     0     5     1644.00      459.00        0.00
     0     5     1642.00      467.00        0.00
     0     5     1642.00      473.00        0.00
     0     5     1642.00      481.00        0.00
     0     5     1640.00      487.00        0.00
     0     5     1640.00      493.00        0.00
     0     5     1638.00      501.00        0.00
     0     5     1638.00      507.00        0.00
     0     5     1634.00      511.00        0.00
     0     5     1632.00      519.00        0.00
     0     5     1628.00      523.00        0.00
     0     5     1624.00      531.00        0.00
     0     5     1620.00      537.00        0.00
     0     5     1618.00      543.00        0.00
     0     5     1614.00      551.00        0.00
     0     5     1612.00      559.00        0.00
     0     5     1610.00      565.00        0.00
     0     5     1608.00      573.00        0.00
     0     5     1606.00      579.00        0.00
     0     5     1602.00      585.00        0.00
     0     5     1600.00      591.00        0.00
     0     5     1598.00      597.00        0.00
     0     5     1596.00      603.00        0.00
     0     5     1596.00      613.00        0.00
     0     5     1594.00      619.00        0.00
     0     5     1594.00      629.00        0.00
     0     5     1594.00      637.00        0.00
     0     5     1594.00      647.00        0.00
     0     5     1594.00      655.00        0.00
     0     5     1594.00      665.00        0.00
     0     5     1594.00      675.00        0.00
     0     5     1594.00      683.00        0.00
     0     5     1594.00      691.00        0.00
     0     5     1594.00      699.00        0.00
     0     5     1592.00      705.00        0.00
     0     5     1592.00      711.00        0.00
     0     5     1590.00      719.00        0.00
     0     5     1588.00      729.00        0.00
     0     5     1586.00      735.00        0.00
     0     5     1584.00      741.00        0.00
     0     5     1580.00      747.00        0.00
     0     5     1574.00      751.00        0.00
     0     5     1568.00      753.00        0.00
     0     5     1560.00      755.00        0.00
     0     5     1552.00      755.00        0.00
     0     5     1544.00      757.00        0.00
     0     5     1538.00      757.00        0.00
     0     5     1532.00      757.00        0.00
     0     5     1522.00      757.00        0.00
     0     5     1514.00      755.00        0.00
     0     5     1508.00      753.00        0.00
     0     5     1498.00      751.00        0.00
     0     5     1492.00      749.00        0.00
     0     5     1484.00      745.00        0.00
     0     5     1478.00      743.00        0.00
     0     5     1472.00      739.00        0.00
     0     5     1468.00      733.00        0.00
     0     5     1464.00      727.00        0.00
     0     5     1458.00      715.00        0.00
     0     5     1456.00      703.00        0.00
     0     5     1456.00      691.00        0.00
     0     5     1456.00      683.00        0.00
     0     5     1456.00      673.00        0.00
     0     5     1458.00      663.00        0.00
     0     5     1462.00      655.00        0.00
     0     5     1466.00      647.00        0.00
     0     5     1470.00      641.00        0.00
     0     5     1476.00      633.00        0.00
     0     5     1482.00      625.00        0.00
     0     5     1486.00      621.00        0.00
     0     5     1490.00      615.00        0.00
     0     5     1496.00      609.00        0.00
     0     5     1500.00      603.00        0.00
     0     5     1506.00      595.00        0.00
     0     5     1510.00      589.00        0.00
     0     5     1514.00      583.00        0.00
     0     5     1518.00      577.00        0.00
     0     5     1522.00      573.00        0.00
     0     5     1526.00      567.00        0.00
     0     5     1528.00      561.00        0.00
     0     5     1530.00      555.00        0.00
     0     5     1534.00      551.00        0.00
     0     5     1536.00      545.00        0.00
     0     5     1538.00      537.00        0.00
     0     5     1542.00      531.00        0.00
     0     5     1544.00      525.00        0.00
     0     5     1546.00      519.00        0.00
     0     5     1548.00      513.00        0.00
     0     5     1548.00      505.00        0.00
     0     5     1548.00      499.00        0.00
     0     5     1550.00      493.00        0.00
     0     5     1554.00      485.00        0.00
     0     5     1556.00      479.00        0.00
     0     5     1564.00      475.00        0.00
     0     5     1568.00      471.00        0.00
     0     5     1574.00      469.00        0.00
     0     5     1580.00      467.00        0.00
     0     5     1586.00      463.00        0.00
     0     5     1592.00      461.00        0.00
     0     5     1596.00      457.00        0.00
     0     5     1604.00      455.00        0.00
     0     5     1610.00      451.00        0.00
     0     5     1616.00      447.00        0.00
     0     5     1622.00      441.00        0.00
     0     5     1628.00      439.00        0.00
     0     5     1632.00      435.00        0.00
     0     5     1636.00      431.00        0.00
     0     5     1640.00      427.00        0.00
     0     6      890.00     1113.00        0.00
     0     6      872.00     1109.00        0.00
     0     6      864.00     1109.00        0.00
     0     6      858.00     1107.00        0.00
     0     6      850.00     1107.00        0.00
     0     6      842.00     1105.00        0.00
     0     6      834.00     1105.00        0.00
     0     6      826.00     1105.00        0.00
     0     6      814.00     1103.00        0.00
     0     6      806.00     1103.00        0.00
     0     6      794.00     1101.00        0.00
     0     6      784.00     1101.00        0.00
     0     6      774.00     1099.00        0.00
     0     6      768.00     1097.00        0.00
     0     6      762.00     1097.00        0.00
     0     6      756.00     1097.00        0.00
     0     6      750.00     1097.00        0.00
     0     6      742.00     1097.00        0.00
     0     6      736.00     1097.00        0.00
     0     6      730.00     1097.00        0.00
     0     6      722.00     1097.00        0.00
     0     6      716.00     1097.00        0.00
     0     6      710.00     1095.00        0.00
     0     6      702.00     1093.00        0.00
     0     6      694.00     1093.00        0.00
     0     6      688.00     1091.00        0.00
     0     6      680.00     1087.00        0.00
     0     6      672.00     1083.00        0.00
     0     6      664.00     1079.00        0.00
     0     6      658.00     1075.00        0.00
     0     6      650.00     1071.00        0.00
     0     6      642.00     1065.00        0.00
     0     6      634.00     1059.00        0.00
     0     6      626.00     1053.00        0.00
     0     6      618.00     1047.00        0.00
     0     6      610.00     1039.00        0.00
     0     6      604.00     1033.00        0.00
     0     6      598.00     1029.00        0.00
     0     6      592.00     1023.00        0.00
     0     6      586.00     1015.00        0.00
     0     6      580.00     1009.00        0.00
     0     6      576.00     1005.00        0.00
     0     6      570.00      997.00        0.00
     0     6      566.00      993.00        0.00
     0     6      560.00      985.00        0.00
     0     6      558.00      979.00        0.00
     0     6      562.00      971.00        0.00
     0     6      570.00      967.00        0.00
     0     6      576.00      965.00        0.00
     0     6      586.00      965.00        0.00
     0     6      594.00      965.00        0.00
     0     6      602.00      965.00        0.00
     0     6      612.00      965.00        0.00
     0     6      622.00      963.00        0.00
     0     6      628.00      963.00        0.00
     0     6      638.00      963.00        0.00
     0     6      648.00      963.00        0.00
     0     6      654.00      963.00        0.00
     0     6      662.00      961.00        0.00
     0     6      668.00      961.00        0.00
     0     6      674.00      959.00        0.00
     0     6      680.00      959.00        0.00
     0     6      686.00      955.00        0.00
     0     6      690.00      951.00        0.00
     0     6      694.00      947.00        0.00
     0     6      700.00      943.00        0.00
     0     6      706.00      937.00        0.00
     0     6      708.00      931.00        0.00
     0     6      712.00      925.00        0.00
     0     6      714.00      919.00        0.00
     0     6      716.00      913.00        0.00
     0     6      718.00      907.00        0.00
     0     6      720.00      901.00        0.00
     0     6      724.00      895.00        0.00
     0     6      730.00      887.00        0.00
     0     6      734.00      881.00        0.00
     0     6      738.00      877.00        0.00
     0     6      746.00      875.00        0.00
     0     6      754.00      873.00        0.00
     0     6      760.00      871.00        0.00
     0     6      770.00      871.00        0.00
     0     6      780.00      871.00        0.00
     0     6      788.00      873.00        0.00
     0     6      798.00      873.00        0.00
     0     6      804.00      873.00        0.00
     0     6      810.00      873.00        0.00
     0     6      818.00      871.00        0.00
     0     6      826.00      871.00        0.00
     0     6      834.00      871.00        0.00
     0     6      840.00      871.00        0.00
     0     6      846.00      871.00        0.00
     0     6      852.00      871.00        0.00
     0     6      858.00      871.00        0.00
     0     6      864.00      875.00        0.00
     0     6      870.00      879.00        0.00
     0     6      874.00      885.00        0.00
     0     6      880.00      891.00        0.00
     0     6      882.00      897.00        0.00
     0     6      888.00      903.00        0.00
     0     6      892.00      913.00        0.00
     0     6      896.00      917.00        0.00
     0     6      900.00      923.00        0.00
     0     6      902.00      929.00        0.00
     0     6      908.00      933.00        0.00
     0     6      916.00      937.00        0.00
     0     6      922.00      941.00        0.00
     0     6      930.00      945.00        0.00
     0     6      936.00      949.00        0.00
     0     6      942.00      953.00        0.00
     0     6      946.00      957.00        0.00
     0     6      954.00      963.00        0.00
     0     6      958.00      967.00        0.00
     0     6      962.00      971.00        0.00
     0     6      966.00      975.00        0.00
     0     6      972.00      979.00        0.00
     0     6      974.00      985.00        0.00
     0     6      974.00      991.00        0.00
     0     6      972.00      999.00        0.00
     0     6      966.00     1007.00        0.00
     0     6      960.00     1013.00        0.00
     0     6      954.00     1023.00        0.00
     0     6      950.00     1029.00        0.00
     0     6      946.00     1035.00        0.00
     0     6      942.00     1041.00        0.00
     0     6      940.00     1049.00        0.00
     0     6      938.00     1055.00        0.00
     0     6      936.00     1063.00        0.00
     0     6      936.00     1069.00        0.00
     0     6      936.00     1077.00        0.00
     0     6      936.00     1083.00        0.00
     0     6      936.00     1091.00        0.00
     0     6      936.00     1097.00        0.00
     0     6      934.00     1105.00        0.00
     0     6      930.00     1111.00        0.00
     0     7     1048.00     1101.00        0.00
     0     7     1040.00     1113.00        0.00
     0     7     1036.00     1117.00        0.00
     0     7     1032.00     1121.00        0.00
     0     7     1028.00     1125.00        0.00
     0     7     1020.00     1127.00        0.00
     0     7     1014.00     1127.00        0.00
     0     7     1006.00     1127.00        0.00
     0     7     1000.00     1127.00        0.00
     0     7      992.00     1127.00        0.00
     0     7      984.00     1125.00        0.00
     0     7      978.00     1125.00        0.00
     0     7      972.00     1123.00        0.00
     0     7      964.00     1121.00        0.00
     0     7      958.00     1119.00        0.00
     0     7      952.00     1115.00        0.00
     0     7      946.00     1111.00        0.00
     0     7      942.00     1105.00        0.00
     0     7      942.00     1099.00        0.00
     0     7      942.00     1091.00        0.00
     0     7      942.00     1081.00        0.00
     0     7      944.00     1069.00        0.00
     0     7      948.00     1061.00        0.00
     0     7      950.00     1049.00        0.00
     0     7      950.00     1041.00        0.00
     0     7      952.00     1033.00        0.00
     0     7      956.00     1025.00        0.00
     0     7      958.00     1019.00        0.00
     0     7      960.00     1013.00        0.00
     0     7      964.00     1005.00        0.00
     0     7      968.00      999.00        0.00
     0     7      970.00      993.00        0.00
     0     7      974.00      989.00        0.00
     0     7      978.00      985.00        0.00
     0     7      982.00      979.00        0.00
     0     7      988.00      975.00        0.00
     0     7      996.00      973.00        0.00
     0     7     1004.00      973.00        0.00
     0     7     1012.00      971.00        0.00
     0     7     1018.00      971.00        0.00
     0     7     1024.00      971.00        0.00
     0     7     1032.00      969.00        0.00
     0     7     1038.00      969.00        0.00
     0     7     1044.00      969.00        0.00
     0     7     1052.00      969.00        0.00
     0     7     1058.00      969.00        0.00
     0     7     1066.00      971.00        0.00
     0     7     1072.00      973.00        0.00
     0     7     1078.00      975.00        0.00
     0     7     1086.00      977.00        0.00
     0     7     1092.00      979.00        0.00
     0     7     1098.00      981.00        0.00
     0     7     1104.00      981.00        0.00
     0     7     1110.00      983.00        0.00
     0     7     1116.00      983.00        0.00
     0     7     1124.00      983.00        0.00
     0     7     1130.00      983.00        0.00
     0     7     1140.00      983.00        0.00
     0     7     1146.00      985.00        0.00
     0     7     1154.00      987.00        0.00
     0     7     1158.00      991.00        0.00
     0     7     1164.00      995.00        0.00
     0     7     1166.00     1001.00        0.00
     0     7     1168.00     1011.00        0.00
     0     7     1170.00     1025.00        0.00
     0     7     1170.00     1035.00        0.00
     0     7     1170.00     1043.00        0.00
     0     7     1168.00     1051.00        0.00
     0     7     1168.00     1057.00        0.00
     0     7     1164.00     1061.00        0.00
     0     7     1158.00     1063.00        0.00
     0     7     1152.00     1065.00        0.00
     0     7     1146.00     1065.00        0.00
     0     7     1140.00     1067.00        0.00
     0     7     1134.00     1069.00        0.00
     0     7     1128.00     1069.00        0.00
     0     7     1122.00     1073.00        0.00
     0     7     1116.00     1075.00        0.00
     0     7     1112.00     1079.00        0.00
     0     7     1106.00     1079.00        0.00
     0     8      850.00     1221.00        0.00
     0     8      832.00     1205.00        0.00
     0     8      826.00     1197.00        0.00
     0     8      818.00     1191.00        0.00
     0     8      812.00     1185.00        0.00
     0     8      802.00     1179.00        0.00
     0     8      794.00     1173.00        0.00
     0     8      786.00     1169.00        0.00
     0     8      782.00     1161.00        0.00
     0     8      778.00     1157.00        0.00
     0     8      774.00     1153.00        0.00
     0     8      770.00     1149.00        0.00
     0     8      764.00     1145.00        0.00
     0     8      758.00     1139.00        0.00
     0     8      754.00     1135.00        0.00
     0     8      750.00     1129.00        0.00
     0     8      748.00     1123.00        0.00
     0     8      748.00     1117.00        0.00
     0     8      752.00     1113.00        0.00
     0     8      760.00     1109.00        0.00
     0     8      770.00     1107.00        0.00
     0     8      786.00     1107.00        0.00
     0     8      804.00     1111.00        0.00
     0     8      816.00     1113.00        0.00
     0     8      830.00     1113.00        0.00
     0     8      840.00     1113.00        0.00
     0     8      854.00     1115.00        0.00
     0     8      864.00     1115.00        0.00
     0     8      870.00     1115.00        0.00
     0     8      880.00     1115.00        0.00
     0     8      886.00     1117.00        0.00
     0     8      892.00     1117.00        0.00
     0     8      898.00     1117.00        0.00
     0     8      906.00     1119.00        0.00
     0     8      912.00     1119.00        0.00
     0     8      918.00     1121.00        0.00
     0     8      926.00     1123.00        0.00
     0     8      932.00     1125.00        0.00
     0     8      938.00     1127.00        0.00
     0     8      944.00     1129.00        0.00
     0     8      950.00     1131.00        0.00
     0     8      956.00     1133.00        0.00
     0     8      962.00     1133.00        0.00
     0     8      968.00     1135.00        0.00
     0     8      974.00     1137.00        0.00
     0     8      980.00     1139.00        0.00
     0     8      982.00     1145.00        0.00
     0     8      978.00     1149.00        0.00
     0     8      972.00     1149.00        0.00
     0     8      964.00     1151.00        0.00
     0     8      956.00     1155.00        0.00
     0     8      948.00     1159.00        0.00
     0     8      944.00     1165.00        0.00
     0     8      942.00     1171.00        0.00
     0     8      946.00     1177.00        0.00
     0     8      954.00     1183.00        0.00
     0     8      960.00     1189.00        0.00
     0     8      968.00     1193.00        0.00
     0     8      976.00     1199.00        0.00
     0     8      988.00     1203.00        0.00
     0     8      996.00     1207.00        0.00
     0     8     1002.00     1213.00        0.00
     0     8     1008.00     1217.00        0.00
     0     8     1014.00     1221.00        0.00
     0     8     1020.00     1227.00        0.00
     0     8     1024.00     1233.00        0.00
     0     8     1028.00     1241.00        0.00
     0     8     1032.00     1247.00        0.00
     0     8     1034.00     1253.00        0.00
     0     8     1036.00     1261.00        0.00
     0     8     1038.00     1269.00        0.00
     0     8     1040.00     1275.00        0.00
     0     8     1040.00     1281.00        0.00
     0     8     1032.00     1283.00        0.00
     0     8     1024.00     1283.00        0.00
     0     8     1016.00     1279.00        0.00
     0     8     1008.00     1277.00        0.00
     0     8      998.00     1269.00        0.00
     0     8      990.00     1267.00        0.00
     0     8      982.00     1263.00        0.00
     0     8      968.00     1257.00        0.00
     0     8      958.00     1255.00        0.00
     0     8      952.00     1251.00        0.00
     0     8      946.00     1247.00        0.00
     0     8      942.00     1243.00        0.00
     0     8      938.00     1239.00        0.00
     0     8      934.00     1235.00        0.00
     0     8      926.00     1231.00        0.00
     0     8      920.00     1229.00        0.00
     0     8      914.00     1225.00        0.00
     0     9      674.00     1381.00        0.00
     0     9      654.00     1381.00        0.00
     0     9      648.00     1381.00        0.00
     0     9      638.00     1379.00        0.00
     0     9      632.00     1377.00        0.00
     0     9      626.00     1375.00        0.00
     0     9      620.00     1373.00        0.00
     0     9      612.00     1367.00        0.00
     0     9      608.00     1363.00        0.00
     0     9      604.00     1359.00        0.00
     0     9      598.00     1353.00        0.00
     0     9      596.00     1347.00        0.00
     0     9      590.00     1341.00        0.00
     0     9      586.00     1335.00        0.00
     0     9      582.00     1327.00        0.00
     0     9      578.00     1321.00        0.00
     0     9      574.00     1315.00        0.00
     0     9      570.00     1311.00        0.00
     0     9      566.00     1307.00        0.00
     0     9      562.00     1301.00        0.00
     0     9      558.00     1297.00        0.00
     0     9      554.00     1291.00        0.00
     0     9      552.00     1285.00        0.00
     0     9      548.00     1277.00        0.00
     0     9      548.00     1271.00        0.00
     0     9      546.00     1265.00        0.00
     0     9      542.00     1257.00        0.00
     0     9      542.00     1251.00        0.00
     0     9      542.00     1245.00        0.00
     0     9      542.00     1237.00        0.00
     0     9      542.00     1231.00        0.00
     0     9      544.00     1225.00        0.00
     0     9      548.00     1217.00        0.00
     0     9      550.00     1211.00        0.00
     0     9      554.00     1207.00        0.00
     0     9      558.00     1203.00        0.00
     0     9      564.00     1197.00        0.00
     0     9      570.00     1193.00        0.00
     0     9      578.00     1187.00        0.00
     0     9      584.00     1181.00        0.00
     0     9      592.00     1175.00        0.00
     0     9      598.00     1171.00        0.00
     0     9      606.00     1167.00        0.00
     0     9      614.00     1165.00        0.00
     0     9      624.00     1163.00        0.00
     0     9      632.00     1161.00        0.00
     0     9      638.00     1159.00        0.00
     0     9      650.00     1159.00        0.00
     0     9      656.00     1159.00        0.00
     0     9      664.00     1161.00        0.00
     0     9      670.00     1165.00        0.00
     0     9      680.00     1169.00        0.00
     0     9      688.00     1175.00        0.00
     0     9      694.00     1181.00        0.00
     0     9      698.00     1187.00        0.00
     0     9      700.00     1195.00        0.00
     0     9      702.00     1203.00        0.00
     0     9      706.00     1213.00        0.00
     0     9      708.00     1221.00        0.00
     0     9      712.00     1229.00        0.00
     0     9      712.00     1235.00        0.00
     0     9      714.00     1241.00        0.00
     0     9      718.00     1247.00        0.00
     0     9      718.00     1255.00        0.00
     0     9      718.00     1261.00        0.00
     0     9      718.00     1269.00        0.00
     0     9      718.00     1275.00        0.00
     0     9      716.00     1281.00        0.00
     0     9      716.00     1289.00        0.00
     0     9      714.00     1297.00        0.00
     0     9      714.00     1303.00        0.00
     0     9      714.00     1309.00        0.00
     0     9      714.00     1317.00        0.00
     0     9      714.00     1323.00        0.00
     0     9      714.00     1329.00        0.00
     0     9      714.00     1337.00        0.00
     0     9      714.00     1343.00        0.00
     0     9      714.00     1351.00        0.00
     0     9      712.00     1357.00        0.00
     0     9      712.00     1363.00        0.00
