     0     0      808.00     1061.00        0.00
     0     0      776.00     1049.00        0.00
     0     0      768.00     1041.00        0.00
     0     0      762.00     1037.00        0.00
     0     0      756.00     1033.00        0.00
     0     0      748.00     1031.00        0.00
     0     0      740.00     1029.00        0.00
     0     0      732.00     1025.00        0.00
     0     0      726.00     1025.00        0.00
     0     0      720.00     1025.00        0.00
     0     0      714.00     1025.00        0.00
     0     0      708.00     1027.00        0.00
     0     0      702.00     1027.00        0.00
     0     0      696.00     1029.00        0.00
     0     0      688.00     1033.00        0.00
     0     0      684.00     1037.00        0.00
     0     0      680.00     1041.00        0.00
     0     0      676.00     1045.00        0.00
     0     0      672.00     1049.00        0.00
     0     0      670.00     1055.00        0.00
     0     0      666.00     1059.00        0.00
     0     0      662.00     1063.00        0.00
     0     0      658.00     1069.00        0.00
     0     0      656.00     1075.00        0.00
     0     0      652.00     1079.00        0.00
     0     0      646.00     1083.00        0.00
     0     0      640.00     1087.00        0.00
     0     0      634.00     1091.00        0.00
     0     0      628.00     1095.00        0.00
     0     0      622.00     1095.00        0.00
     0     0      614.00     1095.00        0.00
     0     0      608.00     1095.00        0.00
     0     0      602.00     1093.00        0.00
     0     0      598.00     1089.00        0.00
     0     0      594.00     1085.00        0.00
     0     0      590.00     1081.00        0.00
     0     0      588.00     1075.00        0.00
     0     0      586.00     1067.00        0.00
     0     0      584.00     1061.00        0.00
     0     0      584.00     1053.00        0.00
     0     0      584.00     1047.00        0.00
     0     0      582.00     1041.00        0.00
     0     0      582.00     1035.00        0.00
     0     0      582.00     1029.00        0.00
     0     0      580.00     1023.00        0.00
     0     0      580.00     1017.00        0.00
     0     0      578.00     1011.00        0.00
     0     0      578.00     1003.00        0.00
     0     0      578.00      997.00        0.00
     0     0      578.00      991.00        0.00
     0     0      578.00      985.00        0.00
     0     0      578.00      979.00        0.00
     0     0      576.00      973.00        0.00
     0     0      576.00      967.00        0.00
     0     0      574.00      961.00        0.00
     0     0      570.00      953.00        0.00
     0     0      568.00      945.00        0.00
     0     0      566.00      939.00        0.00
     0     0      566.00      933.00        0.00
     0     0      566.00      925.00        0.00
     0     0      564.00      919.00        0.00
     0     0      564.00      911.00        0.00
     0     0      564.00      905.00        0.00
     0     0      568.00      899.00        0.00
     0     0      572.00      893.00        0.00
     0     0      576.00      887.00        0.00
     0     0      580.00      883.00        0.00
     0     0      586.00      879.00        0.00
     0     0      594.00      875.00        0.00
     0     0      600.00      873.00        0.00
     0     0      608.00      871.00        0.00
     0     0      614.00      869.00        0.00
     0     0      622.00      865.00        0.00
     0     0      628.00      861.00        0.00
     0     0      634.00      859.00        0.00
     0     0      640.00      857.00        0.00
     0     0      646.00      853.00        0.00
     0     0      652.00      849.00        0.00
     0     0      658.00      847.00        0.00
     0     0      664.00      845.00        0.00
     0     0      670.00      841.00        0.00
     0     0      676.00      841.00        0.00
     0     0      682.00      839.00        0.00
     0     0      690.00      837.00        0.00
     0     0      696.00      837.00        0.00
     0     0      702.00      837.00        0.00
     0     0      708.00      837.00        0.00
     0     0      714.00      837.00        0.00
     0     0      720.00      837.00        0.00
     0     0      726.00      837.00        0.00
     0     0      732.00      837.00        0.00
     0     0      736.00      841.00        0.00
     0     0      740.00      845.00        0.00
     0     0      744.00      851.00        0.00
     0     0      748.00      855.00        0.00
     0     0      752.00      859.00        0.00
     0     0      756.00      863.00        0.00
     0     0      758.00      869.00        0.00
     0     0      760.00      879.00        0.00
     0     0      758.00      889.00        0.00
     0     0      756.00      895.00        0.00
     0     0      754.00      905.00        0.00
     0     0      752.00      911.00        0.00
     0     0      750.00      917.00        0.00
     0     0      748.00      925.00        0.00
     0     0      746.00      933.00        0.00
     0     0      746.00      939.00        0.00
     0     0      748.00      945.00        0.00
     0     0      750.00      951.00        0.00
     0     0      752.00      957.00        0.00
     0     0      752.00      963.00        0.00
     0     0      756.00      969.00        0.00
     0     0      758.00      975.00        0.00
     0     0      764.00      983.00        0.00
     0     0      768.00      989.00        0.00
     0     1      942.00      811.00        0.00
     0     1      930.00      811.00        0.00
     0     1      922.00      811.00        0.00
     0     1      916.00      811.00        0.00
     0     1      910.00      811.00        0.00
     0     1      902.00      809.00        0.00
     0     1      894.00      809.00        0.00
     0     1      888.00      809.00        0.00
     0     1      882.00      807.00        0.00
     0     1      876.00      807.00        0.00
     0     1      870.00      805.00        0.00
     0     1      864.00      805.00        0.00
     0     1      856.00      803.00        0.00
     0     1      848.00      803.00        0.00
     0     1      842.00      801.00        0.00
     0     1      836.00      801.00        0.00
     0     1      828.00      801.00        0.00
     0     1      822.00      799.00        0.00
     0     1      814.00      799.00        0.00
     0     1      808.00      799.00        0.00
     0     1      800.00      799.00        0.00
     0     1      792.00      799.00        0.00
     0     1      786.00      799.00        0.00
     0     1      778.00      799.00        0.00
     0     1      772.00      797.00        0.00
     0     1      766.00      797.00        0.00
     0     1      760.00      797.00        0.00
     0     1      754.00      795.00        0.00
     0     1      746.00      795.00        0.00
     0     1      738.00      793.00        0.00
     0     1      730.00      793.00        0.00
     0     1      722.00      791.00        0.00
     0     1      716.00      789.00        0.00
     0     1      710.00      789.00        0.00
     0     1      704.00      787.00        0.00
     0     1      698.00      783.00        0.00
     0     1      692.00      781.00        0.00
     0     1      686.00      779.00        0.00
     0     1      680.00      777.00        0.00
     0     1      674.00      777.00        0.00
     0     1      668.00      777.00        0.00
     0     1      660.00      777.00        0.00
     0     1      654.00      777.00        0.00
     0     1      648.00      777.00        0.00
     0     1      642.00      779.00        0.00
     0     1      636.00      779.00        0.00
     0     1      628.00      779.00        0.00
     0     1      620.00      777.00        0.00
     0     1      614.00      777.00        0.00
     0     1      606.00      777.00        0.00
     0     1      600.00      777.00        0.00
     0     1      594.00      775.00        0.00
     0     1      588.00      773.00        0.00
     0     1      582.00      773.00        0.00
     0     1      576.00      771.00        0.00
     0     1      570.00      769.00        0.00
     0     1      564.00      769.00        0.00
     0     1      558.00      769.00        0.00
     0     1      552.00      767.00        0.00
     0     1      546.00      767.00        0.00
     0     1      540.00      765.00        0.00
     0     1      534.00      765.00        0.00
     0     1      528.00      765.00        0.00
     0     1      522.00      763.00        0.00
     0     1      516.00      763.00        0.00
     0     1      508.00      761.00        0.00
     0     1      502.00      761.00        0.00
     0     1      496.00      761.00        0.00
     0     1      490.00      761.00        0.00
     0     1      484.00      763.00        0.00
     0     1      478.00      765.00        0.00
     0     1      472.00      765.00        0.00
     0     1      464.00      767.00        0.00
     0     1      458.00      769.00        0.00
     0     1      452.00      771.00        0.00
     0     1      446.00      775.00        0.00
     0     1      440.00      777.00        0.00
     0     1      434.00      781.00        0.00
     0     1      426.00      785.00        0.00
     0     1      422.00      789.00        0.00
     0     1      416.00      793.00        0.00
     0     1      412.00      797.00        0.00
     0     1      408.00      801.00        0.00
     0     1      404.00      807.00        0.00
     0     1      400.00      811.00        0.00
     0     1      398.00      819.00        0.00
     0     1      404.00      823.00        0.00
     0     1      410.00      825.00        0.00
     0     1      416.00      825.00        0.00
     0     1      422.00      825.00        0.00
     0     1      428.00      827.00        0.00
     0     1      428.00      833.00        0.00
     0     1      432.00      839.00        0.00
     0     1      432.00      847.00        0.00
     0     1      432.00      853.00        0.00
     0     1      430.00      859.00        0.00
     0     1      428.00      865.00        0.00
     0     1      426.00      871.00        0.00
     0     1      426.00      877.00        0.00
     0     1      430.00      883.00        0.00
     0     1      434.00      887.00        0.00
     0     1      440.00      887.00        0.00
     0     1      448.00      885.00        0.00
     0     1      454.00      881.00        0.00
     0     1      460.00      877.00        0.00
     0     1      466.00      877.00        0.00
     0     1      472.00      877.00        0.00
     0     1      478.00      877.00        0.00
     0     1      484.00      875.00        0.00
     0     1      490.00      875.00        0.00
     0     1      498.00      873.00        0.00
     0     1      504.00      871.00        0.00
     0     1      510.00      869.00        0.00
     0     1      514.00      865.00        0.00
     0     1      520.00      861.00        0.00
     0     1      524.00      857.00        0.00
     0     1      528.00      853.00        0.00
     0     1      532.00      847.00        0.00
     0     1      536.00      843.00        0.00
     0     1      540.00      839.00        0.00
     0     1      544.00      835.00        0.00
     0     1      550.00      831.00        0.00
     0     1      556.00      827.00        0.00
     0     1      560.00      823.00        0.00
     0     1      568.00      819.00        0.00
     0     1      572.00      815.00        0.00
     0     1      578.00      811.00        0.00
     0     1      584.00      809.00        0.00
     0     1      590.00      805.00        0.00
     0     1      596.00      803.00        0.00
     0     1      602.00      801.00        0.00
     0     1      608.00      799.00        0.00
     0     1      614.00      799.00        0.00
     0     1      622.00      799.00        0.00
     0     1      628.00      799.00        0.00
     0     1      636.00      799.00        0.00
     0     1      642.00      799.00        0.00
     0     1      648.00      799.00        0.00
     0     1      656.00      799.00        0.00
     0     1      664.00      799.00        0.00
     0     1      670.00      799.00        0.00
     0     1      676.00      799.00        0.00
     0     1      682.00      799.00        0.00
     0     1      688.00      801.00        0.00
     0     1      694.00      801.00        0.00
     0     1      700.00      803.00        0.00
     0     1      706.00      803.00        0.00
     0     1      712.00      803.00        0.00
     0     1      718.00      803.00        0.00
     0     1      724.00      805.00        0.00
     0     1      730.00      805.00        0.00
     0     1      736.00      805.00        0.00
     0     1      742.00      805.00        0.00
     0     1      748.00      805.00        0.00
     0     1      754.00      805.00        0.00
     0     1      760.00      807.00        0.00
     0     1      766.00      807.00        0.00
     0     1      772.00      809.00        0.00
     0     1      778.00      809.00        0.00
     0     1      784.00      809.00        0.00
     0     1      790.00      809.00        0.00
     0     1      796.00      809.00        0.00
     0     1      802.00      809.00        0.00
     0     1      808.00      811.00        0.00
     0     1      814.00      813.00        0.00
     0     1      820.00      813.00        0.00
     0     1      826.00      815.00        0.00
     0     1      832.00      815.00        0.00
     0     1      840.00      815.00        0.00
     0     1      846.00      815.00        0.00
     0     1      852.00      815.00        0.00
     0     1      858.00      815.00        0.00
     0     1      864.00      815.00        0.00
     0     1      870.00      815.00        0.00
     0     2      670.00      535.00        0.00
     0     2      686.00      543.00        0.00
     0     2      692.00      547.00        0.00
     0     2      696.00      551.00        0.00
     0     2      698.00      557.00        0.00
     0     2      700.00      563.00        0.00
     0     2      704.00      569.00        0.00
     0     2      704.00      575.00        0.00
     0     2      704.00      583.00        0.00
     0     2      702.00      589.00        0.00
     0     2      698.00      593.00        0.00
     0     2      694.00      599.00        0.00
     0     2      690.00      605.00        0.00
     0     2      686.00      609.00        0.00
     0     2      682.00      615.00        0.00
     0     2      678.00      621.00        0.00
     0     2      674.00      625.00        0.00
     0     2      672.00      631.00        0.00
     0     2      668.00      637.00        0.00
     0     2      664.00      641.00        0.00
     0     2      662.00      647.00        0.00
     0     2      658.00      653.00        0.00
     0     2      656.00      659.00        0.00
     0     2      654.00      665.00        0.00
     0     2      650.00      671.00        0.00
     0     2      648.00      677.00        0.00
     0     2      644.00      681.00        0.00
     0     2      638.00      685.00        0.00
     0     2      628.00      689.00        0.00
     0     2      616.00      695.00        0.00
     0     2      610.00      697.00        0.00
     0     2      604.00      699.00        0.00
     0     2      598.00      701.00        0.00
     0     2      592.00      703.00        0.00
     0     2      588.00      707.00        0.00
     0     2      582.00      715.00        0.00
     0     2      578.00      719.00        0.00
     0     2      574.00      723.00        0.00
     0     2      570.00      727.00        0.00
     0     2      566.00      731.00        0.00
     0     2      562.00      735.00        0.00
     0     2      556.00      739.00        0.00
     0     2      548.00      743.00        0.00
     0     2      542.00      745.00        0.00
     0     2      538.00      749.00        0.00
     0     2      530.00      749.00        0.00
     0     2      524.00      751.00        0.00
     0     2      516.00      753.00        0.00
     0     2      508.00      753.00        0.00
     0     2      502.00      755.00        0.00
     0     2      496.00      757.00        0.00
     0     2      490.00      759.00        0.00
     0     2      484.00      761.00        0.00
     0     2      476.00      763.00        0.00
     0     2      468.00      765.00        0.00
     0     2      460.00      765.00        0.00
     0     2      454.00      767.00        0.00
     0     2      448.00      767.00        0.00
     0     2      442.00      767.00        0.00
     0     2      436.00      767.00        0.00
     0     2      430.00      769.00        0.00
     0     2      424.00      771.00        0.00
     0     2      418.00      775.00        0.00
     0     2      412.00      779.00        0.00
     0     2      408.00      785.00        0.00
     0     2      404.00      791.00        0.00
     0     2      400.00      795.00        0.00
     0     2      396.00      799.00        0.00
     0     2      392.00      805.00        0.00
     0     2      386.00      809.00        0.00
     0     2      380.00      809.00        0.00
     0     2      376.00      805.00        0.00
     0     2      372.00      801.00        0.00
     0     2      368.00      795.00        0.00
     0     2      364.00      789.00        0.00
     0     2      360.00      783.00        0.00
     0     2      354.00      779.00        0.00
     0     2      346.00      779.00        0.00
     0     2      340.00      779.00        0.00
     0     2      334.00      779.00        0.00
     0     2      328.00      779.00        0.00
     0     2      322.00      777.00        0.00
     0     2      318.00      773.00        0.00
     0     2      314.00      767.00        0.00
     0     2      314.00      761.00        0.00
     0     2      314.00      753.00        0.00
     0     2      314.00      745.00        0.00
     0     2      314.00      737.00        0.00
     0     2      314.00      729.00        0.00
     0     2      314.00      723.00        0.00
     0     2      314.00      715.00        0.00
     0     2      314.00      707.00        0.00
     0     2      314.00      699.00        0.00
     0     2      316.00      691.00        0.00
     0     2      316.00      683.00        0.00
     0     2      316.00      675.00        0.00
     0     2      318.00      667.00        0.00
     0     2      318.00      661.00        0.00
     0     2      318.00      655.00        0.00
     0     2      318.00      649.00        0.00
     0     2      318.00      643.00        0.00
     0     2      318.00      635.00        0.00
     0     2      318.00      629.00        0.00
     0     2      320.00      623.00        0.00
     0     2      320.00      617.00        0.00
     0     2      322.00      611.00        0.00
     0     2      322.00      605.00        0.00
     0     2      324.00      597.00        0.00
     0     2      326.00      591.00        0.00
     0     2      326.00      585.00        0.00
     0     2      328.00      579.00        0.00
     0     2      328.00      573.00        0.00
     0     2      334.00      571.00        0.00
     0     2      340.00      571.00        0.00
     0     2      350.00      571.00        0.00
     0     2      356.00      571.00        0.00
     0     2      362.00      573.00        0.00
     0     2      368.00      575.00        0.00
     0     2      374.00      579.00        0.00
     0     2      378.00      583.00        0.00
     0     2      384.00      585.00        0.00
     0     2      390.00      587.00        0.00
     0     2      396.00      589.00        0.00
     0     2      402.00      589.00        0.00
     0     2      408.00      589.00        0.00
     0     2      416.00      591.00        0.00
     0     2      422.00      591.00        0.00
     0     2      428.00      591.00        0.00
     0     2      436.00      591.00        0.00
     0     2      442.00      591.00        0.00
     0     2      448.00      589.00        0.00
     0     2      456.00      587.00        0.00
     0     2      462.00      585.00        0.00
     0     2      468.00      581.00        0.00
     0     2      474.00      579.00        0.00
     0     2      480.00      577.00        0.00
     0     2      486.00      577.00        0.00
     0     2      492.00      577.00        0.00
     0     2      498.00      577.00        0.00
     0     2      504.00      577.00        0.00
     0     2      510.00      579.00        0.00
     0     2      516.00      579.00        0.00
     0     2      522.00      579.00        0.00
     0     2      528.00      581.00        0.00
     0     2      534.00      581.00        0.00
     0     2      540.00      579.00        0.00
     0     2      548.00      579.00        0.00
     0     2      554.00      577.00        0.00
     0     2      562.00      573.00        0.00
     0     2      568.00      571.00        0.00
     0     2      574.00      569.00        0.00
     0     2      580.00      567.00        0.00
     0     2      586.00      561.00        0.00
     0     2      590.00      557.00        0.00
     0     2      596.00      555.00        0.00
     0     2      600.00      551.00        0.00
     0     2      606.00      549.00        0.00
     0     2      612.00      549.00        0.00
     0     2      620.00      547.00        0.00
     0     2      626.00      545.00        0.00
     0     3      154.00      459.00        0.00
     0     3      156.00      475.00        0.00
     0     3      156.00      483.00        0.00
     0     3      154.00      491.00        0.00
     0     3      154.00      497.00        0.00
     0     3      154.00      505.00        0.00
     0     3      154.00      513.00        0.00
     0     3      154.00      519.00        0.00
     0     3      154.00      525.00        0.00
     0     3      154.00      531.00        0.00
     0     3      154.00      537.00        0.00
     0     3      156.00      543.00        0.00
     0     3      158.00      549.00        0.00
     0     3      160.00      555.00        0.00
     0     3      162.00      561.00        0.00
     0     3      166.00      569.00        0.00
     0     3      170.00      577.00        0.00
     0     3      174.00      583.00        0.00
     0     3      178.00      589.00        0.00
     0     3      180.00      595.00        0.00
     0     3      184.00      599.00        0.00
     0     3      186.00      605.00        0.00
     0     3      190.00      611.00        0.00
     0     3      194.00      615.00        0.00
     0     3      198.00      619.00        0.00
     0     3      204.00      627.00        0.00
     0     3      208.00      633.00        0.00
     0     3      198.00      629.00        0.00
     0     3      192.00      625.00        0.00
     0     3      184.00      621.00        0.00
     0     3      178.00      619.00        0.00
     0     3      172.00      615.00        0.00
     0     3      166.00      611.00        0.00
     0     3      160.00      611.00        0.00
     0     3      154.00      611.00        0.00
     0     3      148.00      611.00        0.00
     0     3      142.00      613.00        0.00
     0     3      136.00      613.00        0.00
     0     3      130.00      615.00        0.00
     0     3      124.00      617.00        0.00
     0     3      118.00      617.00        0.00
     0     3      112.00      621.00        0.00
     0     3      104.00      623.00        0.00
     0     3       96.00      625.00        0.00
     0     3       90.00      627.00        0.00
     0     3       84.00      629.00        0.00
     0     3       78.00      631.00        0.00
     0     3       72.00      631.00        0.00
     0     3       66.00      629.00        0.00
     0     3       58.00      625.00        0.00
     0     3       52.00      621.00        0.00
     0     3       46.00      619.00        0.00
     0     3       42.00      615.00        0.00
     0     3       36.00      611.00        0.00
     0     3       32.00      607.00        0.00
     0     3       26.00      603.00        0.00
     0     3       24.00      597.00        0.00
     0     3       22.00      589.00        0.00
     0     3       20.00      583.00        0.00
     0     3       20.00      577.00        0.00
     0     3       18.00      571.00        0.00
     0     3       18.00      565.00        0.00
     0     3       18.00      559.00        0.00
     0     3       18.00      553.00        0.00
     0     3       18.00      545.00        0.00
     0     3       18.00      539.00        0.00
     0     3       18.00      531.00        0.00
     0     3       18.00      525.00        0.00
     0     3       18.00      519.00        0.00
     0     3       18.00      511.00        0.00
     0     3       18.00      505.00        0.00
     0     3       18.00      499.00        0.00
     0     3       20.00      491.00        0.00
     0     3       22.00      485.00        0.00
     0     3       26.00      481.00        0.00
     0     3       30.00      477.00        0.00
     0     3       36.00      473.00        0.00
     0     3       40.00      469.00        0.00
     0     3       44.00      465.00        0.00
     0     3       50.00      461.00        0.00
     0     3       54.00      457.00        0.00
     0     3       58.00      453.00        0.00
     0     3       64.00      449.00        0.00
     0     3       68.00      445.00        0.00
     0     3       72.00      441.00        0.00
     0     3       78.00      439.00        0.00
     0     3       84.00      437.00        0.00
     0     3       90.00      435.00        0.00
     0     3       96.00      433.00        0.00
     0     3      102.00      433.00        0.00
     0     3      108.00      433.00        0.00
     0     3      114.00      433.00        0.00
     0     4     1400.00      179.00        0.00
     0     4     1406.00      179.00        0.00
     0     4     1412.00      181.00        0.00
     0     4     1418.00      183.00        0.00
     0     4     1424.00      185.00        0.00
     0     4     1430.00      187.00        0.00
     0     4     1436.00      191.00        0.00
     0     4     1440.00      195.00        0.00
     0     4     1446.00      199.00        0.00
     0     4     1452.00      201.00        0.00
     0     4     1454.00      207.00        0.00
     0     4     1456.00      213.00        0.00
     0     4     1458.00      219.00        0.00
     0     4     1460.00      225.00        0.00
     0     4     1460.00      233.00        0.00
     0     4     1458.00      241.00        0.00
     0     4     1456.00      247.00        0.00
     0     4     1454.00      253.00        0.00
     0     4     1450.00      259.00        0.00
     0     4     1446.00      265.00        0.00
     0     4     1442.00      269.00        0.00
     0     4     1438.00      275.00        0.00
     0     4     1436.00      281.00        0.00
     0     4     1432.00      285.00        0.00
     0     4     1428.00      291.00        0.00
     0     4     1426.00      297.00        0.00
     0     4     1424.00      303.00        0.00
     0     4     1422.00      309.00        0.00
     0     4     1418.00      313.00        0.00
     0     4     1414.00      319.00        0.00
     0     4     1410.00      325.00        0.00
     0     4     1406.00      331.00        0.00
     0     4     1404.00      337.00        0.00
     0     4     1400.00      343.00        0.00
     0     4     1396.00      349.00        0.00
     0     4     1392.00      357.00        0.00
     0     4     1390.00      363.00        0.00
     0     4     1386.00      367.00        0.00
     0     4     1382.00      373.00        0.00
     0     4     1378.00      377.00        0.00
     0     4     1374.00      381.00        0.00
     0     4     1370.00      387.00        0.00
     0     4     1368.00      393.00        0.00
     0     4     1366.00      399.00        0.00
     0     4     1362.00      405.00        0.00
     0     4     1358.00      411.00        0.00
     0     4     1354.00      415.00        0.00
     0     4     1352.00      421.00        0.00
     0     4     1346.00      427.00        0.00
     0     4     1342.00      431.00        0.00
     0     4     1338.00      437.00        0.00
     0     4     1334.00      441.00        0.00
     0     4     1332.00      447.00        0.00
     0     4     1326.00      453.00        0.00
     0     4     1322.00      457.00        0.00
     0     4     1316.00      461.00        0.00
     0     4     1310.00      465.00        0.00
     0     4     1304.00      471.00        0.00
     0     4     1298.00      475.00        0.00
     0     4     1294.00      481.00        0.00
     0     4     1290.00      487.00        0.00
     0     4     1288.00      493.00        0.00
     0     4     1284.00      497.00        0.00
     0     4     1280.00      503.00        0.00
     0     4     1276.00      509.00        0.00
     0     4     1272.00      513.00        0.00
     0     4     1268.00      519.00        0.00
     0     4     1266.00      525.00        0.00
     0     4     1262.00      531.00        0.00
     0     4     1258.00      537.00        0.00
     0     4     1254.00      541.00        0.00
     0     4     1250.00      547.00        0.00
     0     4     1246.00      553.00        0.00
     0     4     1242.00      557.00        0.00
     0     4     1238.00      563.00        0.00
     0     4     1234.00      567.00        0.00
     0     4     1230.00      571.00        0.00
     0     4     1226.00      577.00        0.00
     0     4     1224.00      583.00        0.00
     0     4     1222.00      589.00        0.00
     0     4     1218.00      593.00        0.00
     0     4     1214.00      599.00        0.00
     0     4     1210.00      603.00        0.00
     0     4     1206.00      607.00        0.00
     0     4     1202.00      613.00        0.00
     0     4     1198.00      617.00        0.00
     0     4     1194.00      623.00        0.00
     0     4     1190.00      629.00        0.00
     0     4     1186.00      635.00        0.00
     0     4     1182.00      643.00        0.00
     0     4     1178.00      647.00        0.00
     0     4     1174.00      653.00        0.00
     0     4     1172.00      659.00        0.00
     0     4     1170.00      665.00        0.00
     0     4     1168.00      673.00        0.00
     0     4     1164.00      679.00        0.00
     0     4     1160.00      687.00        0.00
     0     4     1158.00      693.00        0.00
     0     4     1154.00      697.00        0.00
     0     4     1154.00      703.00        0.00
     0     4     1152.00      709.00        0.00
     0     4     1150.00      715.00        0.00
     0     4     1146.00      719.00        0.00
     0     4     1142.00      727.00        0.00
     0     4     1138.00      731.00        0.00
     0     4     1134.00      737.00        0.00
     0     4     1130.00      743.00        0.00
     0     4     1128.00      749.00        0.00
     0     4     1124.00      753.00        0.00
     0     4     1122.00      759.00        0.00
     0     4     1118.00      763.00        0.00
     0     4     1116.00      769.00        0.00
     0     4     1114.00      777.00        0.00
     0     4     1112.00      783.00        0.00
     0     4     1110.00      789.00        0.00
     0     4     1108.00      795.00        0.00
     0     4     1104.00      801.00        0.00
     0     4     1102.00      807.00        0.00
     0     4     1100.00      813.00        0.00
     0     4     1096.00      819.00        0.00
     0     4     1096.00      825.00        0.00
     0     4     1092.00      831.00        0.00
     0     4     1090.00      837.00        0.00
     0     4     1086.00      845.00        0.00
     0     4     1082.00      851.00        0.00
     0     4     1078.00      857.00        0.00
     0     4     1076.00      863.00        0.00
     0     4     1072.00      869.00        0.00
     0     4     1072.00      875.00        0.00
     0     4     1070.00      881.00        0.00
     0     4     1068.00      887.00        0.00
     0     4     1068.00      893.00        0.00
     0     4     1066.00      901.00        0.00
     0     4     1064.00      907.00        0.00
     0     4     1064.00      913.00        0.00
     0     4     1062.00      921.00        0.00
     0     4     1060.00      927.00        0.00
     0     4     1058.00      933.00        0.00
     0     4     1054.00      939.00        0.00
     0     4     1054.00      945.00        0.00
     0     4     1052.00      951.00        0.00
     0     4     1052.00      957.00        0.00
     0     4     1050.00      963.00        0.00
     0     4     1050.00      969.00        0.00
     0     4     1050.00      975.00        0.00
     0     4     1050.00      981.00        0.00
     0     4     1048.00      987.00        0.00
     0     4     1044.00      993.00        0.00
     0     4     1042.00      999.00        0.00
     0     4     1040.00     1005.00        0.00
     0     4     1038.00     1011.00        0.00
     0     4     1038.00     1017.00        0.00
     0     4     1036.00     1023.00        0.00
     0     4     1036.00     1029.00        0.00
     0     4     1036.00     1035.00        0.00
     0     4     1036.00     1041.00        0.00
     0     4     1036.00     1049.00        0.00
     0     4     1038.00     1055.00        0.00
     0     4     1038.00     1065.00        0.00
     0     4     1038.00     1071.00        0.00
     0     4     1038.00     1077.00        0.00
     0     4     1040.00     1083.00        0.00
     0     4     1040.00     1089.00        0.00
     0     4     1040.00     1083.00        0.00
     0     4     1040.00     1077.00        0.00
     0     4     1038.00     1069.00        0.00
     0     4     1038.00     1063.00        0.00
     0     4     1038.00     1057.00        0.00
     0     4     1038.00     1047.00        0.00
     0     4     1038.00     1039.00        0.00
     0     4     1038.00     1031.00        0.00
     0     4     1038.00     1023.00        0.00
     0     4     1040.00     1017.00        0.00
     0     4     1040.00     1009.00        0.00
     0     4     1040.00     1001.00        0.00
     0     4     1040.00      995.00        0.00
     0     4     1040.00      989.00        0.00
     0     4     1042.00      981.00        0.00
     0     4     1042.00      973.00        0.00
     0     4     1044.00      965.00        0.00
     0     4     1046.00      959.00        0.00
     0     4     1048.00      953.00        0.00
     0     4     1048.00      947.00        0.00
     0     4     1050.00      939.00        0.00
     0     4     1052.00      933.00        0.00
     0     4     1052.00      927.00        0.00
     0     4     1054.00      917.00        0.00
     0     4     1054.00      907.00        0.00
     0     4     1056.00      899.00        0.00
     0     4     1056.00      891.00        0.00
     0     4     1058.00      883.00        0.00
     0     4     1058.00      875.00        0.00
     0     4     1060.00      867.00        0.00
     0     4     1060.00      861.00        0.00
     0     4     1062.00      853.00        0.00
     0     4     1064.00      847.00        0.00
     0     4     1068.00      841.00        0.00
     0     4     1068.00      835.00        0.00
     0     4     1072.00      829.00        0.00
     0     4     1074.00      823.00        0.00
     0     4     1076.00      817.00        0.00
     0     4     1080.00      813.00        0.00
     0     4     1082.00      807.00        0.00
     0     4     1084.00      801.00        0.00
     0     4     1088.00      795.00        0.00
     0     4     1090.00      789.00        0.00
     0     4     1094.00      783.00        0.00
     0     4     1100.00      777.00        0.00
     0     4     1104.00      773.00        0.00
     0     4     1108.00      769.00        0.00
     0     4     1112.00      765.00        0.00
     0     4     1116.00      761.00        0.00
     0     4     1120.00      757.00        0.00
     0     4     1124.00      751.00        0.00
     0     4     1128.00      745.00        0.00
     0     4     1132.00      739.00        0.00
     0     4     1136.00      733.00        0.00
     0     4     1140.00      727.00        0.00
     0     4     1142.00      721.00        0.00
     0     4     1144.00      715.00        0.00
     0     4     1146.00      709.00        0.00
     0     4     1148.00      703.00        0.00
     0     4     1150.00      697.00        0.00
     0     4     1152.00      689.00        0.00
     0     4     1156.00      683.00        0.00
     0     4     1158.00      677.00        0.00
     0     4     1162.00      671.00        0.00
     0     4     1166.00      665.00        0.00
     0     4     1170.00      659.00        0.00
     0     4     1174.00      651.00        0.00
     0     4     1178.00      647.00        0.00
     0     4     1182.00      641.00        0.00
     0     4     1186.00      637.00        0.00
     0     4     1188.00      631.00        0.00
     0     4     1192.00      627.00        0.00
     0     4     1194.00      621.00        0.00
     0     4     1196.00      615.00        0.00
     0     4     1198.00      609.00        0.00
     0     4     1202.00      603.00        0.00
     0     4     1204.00      597.00        0.00
     0     4     1208.00      591.00        0.00
     0     4     1210.00      585.00        0.00
     0     4     1214.00      579.00        0.00
     0     4     1218.00      573.00        0.00
     0     4     1220.00      565.00        0.00
     0     4     1222.00      559.00        0.00
     0     4     1222.00      551.00        0.00
     0     4     1224.00      545.00        0.00
     0     4     1228.00      539.00        0.00
     0     4     1230.00      533.00        0.00
     0     4     1234.00      527.00        0.00
     0     4     1238.00      521.00        0.00
     0     4     1242.00      517.00        0.00
     0     4     1246.00      509.00        0.00
     0     4     1250.00      505.00        0.00
     0     4     1254.00      501.00        0.00
     0     4     1258.00      497.00        0.00
     0     4     1260.00      491.00        0.00
     0     4     1264.00      485.00        0.00
     0     4     1266.00      479.00        0.00
     0     4     1270.00      473.00        0.00
     0     4     1272.00      467.00        0.00
     0     4     1274.00      461.00        0.00
     0     4     1276.00      453.00        0.00
     0     4     1280.00      447.00        0.00
     0     4     1282.00      439.00        0.00
     0     4     1282.00      433.00        0.00
     0     4     1282.00      427.00        0.00
     0     4     1282.00      421.00        0.00
     0     4     1280.00      415.00        0.00
     0     4     1280.00      409.00        0.00
     0     4     1280.00      401.00        0.00
     0     4     1280.00      393.00        0.00
     0     4     1280.00      387.00        0.00
     0     4     1278.00      381.00        0.00
     0     4     1276.00      375.00        0.00
     0     4     1276.00      367.00        0.00
     0     4     1276.00      361.00        0.00
     0     4     1276.00      351.00        0.00
     0     4     1278.00      343.00        0.00
     0     4     1282.00      337.00        0.00
     0     4     1286.00      329.00        0.00
     0     4     1292.00      323.00        0.00
     0     4     1300.00      317.00        0.00
     0     4     1304.00      313.00        0.00
     0     4     1310.00      309.00        0.00
     0     4     1316.00      305.00        0.00
     0     4     1324.00      299.00        0.00
     0     4     1332.00      293.00        0.00
     0     4     1336.00      289.00        0.00
     0     4     1340.00      285.00        0.00
     0     4     1344.00      281.00        0.00
     0     4     1348.00      275.00        0.00
     0     4     1350.00      269.00        0.00
     0     4     1350.00      263.00        0.00
     0     4     1352.00      255.00        0.00
     0     4     1354.00      249.00        0.00
     0     4     1354.00      243.00        0.00
     0     4     1354.00      237.00        0.00
     0     4     1354.00      231.00        0.00
     0     4     1356.00      225.00        0.00
     0     4     1356.00      219.00        0.00
     0     4     1356.00      213.00        0.00
     0     4     1358.00      207.00        0.00
     0     4     1360.00      201.00        0.00
     0     4     1364.00      193.00        0.00
     0     4     1366.00      185.00        0.00
     0     4     1370.00      179.00        0.00
     0     4     1372.00      173.00        0.00
     0     5     1620.00      301.00        0.00
     0     5     1618.00      307.00        0.00
     0     5     1614.00      311.00        0.00
     0     5     1608.00      315.00        0.00
     0     5     1604.00      319.00        0.00
     0     5     1596.00      323.00        0.00
     0     5     1588.00      329.00        0.00
     0     5     1580.00      333.00        0.00
     0     5     1574.00      337.00        0.00
     0     5     1570.00      341.00        0.00
     0     5     1566.00      345.00        0.00
     0     5     1558.00      349.00        0.00
     0     5     1552.00      353.00        0.00
     0     5     1546.00      355.00        0.00
     0     5     1540.00      359.00        0.00
     0     5     1536.00      363.00        0.00
     0     5     1528.00      367.00        0.00
     0     5     1522.00      371.00        0.00
     0     5     1518.00      375.00        0.00
     0     5     1512.00      379.00        0.00
     0     5     1504.00      383.00        0.00
     0     5     1498.00      387.00        0.00
     0     5     1494.00      391.00        0.00
     0     5     1488.00      395.00        0.00
     0     5     1482.00      399.00        0.00
     0     5     1476.00      403.00        0.00
     0     5     1470.00      407.00        0.00
     0     5     1464.00      411.00        0.00
     0     5     1458.00      415.00        0.00
     0     5     1450.00      421.00        0.00
     0     5     1446.00      425.00        0.00
     0     5     1442.00      431.00        0.00
     0     5     1438.00      435.00        0.00
     0     5     1432.00      441.00        0.00
     0     5     1428.00      447.00        0.00
     0     5     1422.00      453.00        0.00
     0     5     1416.00      461.00        0.00
     0     5     1412.00      467.00        0.00
     0     5     1406.00      475.00        0.00
     0     5     1402.00      481.00        0.00
     0     5     1396.00      489.00        0.00
     0     5     1392.00      495.00        0.00
     0     5     1386.00      503.00        0.00
     0     5     1382.00      507.00        0.00
     0     5     1378.00      513.00        0.00
     0     5     1372.00      521.00        0.00
     0     5     1368.00      527.00        0.00
     0     5     1364.00      533.00        0.00
     0     5     1360.00      539.00        0.00
     0     5     1354.00      547.00        0.00
     0     5     1348.00      553.00        0.00
     0     5     1342.00      559.00        0.00
     0     5     1332.00      565.00        0.00
     0     5     1322.00      569.00        0.00
     0     5     1308.00      573.00        0.00
     0     5     1296.00      577.00        0.00
     0     5     1290.00      579.00        0.00
     0     5     1282.00      581.00        0.00
     0     5     1276.00      583.00        0.00
     0     5     1270.00      585.00        0.00
     0     5     1266.00      589.00        0.00
     0     5     1264.00      595.00        0.00
     0     5     1262.00      605.00        0.00
     0     5     1260.00      613.00        0.00
     0     5     1260.00      619.00        0.00
     0     5     1264.00      625.00        0.00
     0     5     1268.00      631.00        0.00
     0     5     1272.00      635.00        0.00
     0     5     1276.00      639.00        0.00
     0     5     1282.00      645.00        0.00
     0     5     1286.00      649.00        0.00
     0     5     1292.00      653.00        0.00
     0     5     1296.00      657.00        0.00
     0     5     1302.00      661.00        0.00
     0     5     1310.00      661.00        0.00
     0     5     1318.00      663.00        0.00
     0     5     1328.00      663.00        0.00
     0     5     1338.00      665.00        0.00
     0     5     1346.00      665.00        0.00
     0     5     1356.00      665.00        0.00
     0     5     1362.00      665.00        0.00
     0     5     1370.00      665.00        0.00
     0     5     1376.00      663.00        0.00
     0     5     1382.00      659.00        0.00
     0     5     1390.00      657.00        0.00
     0     5     1396.00      653.00        0.00
     0     5     1400.00      649.00        0.00
     0     5     1408.00      647.00        0.00
     0     5     1414.00      643.00        0.00
     0     5     1420.00      639.00        0.00
     0     5     1426.00      635.00        0.00
     0     5     1434.00      633.00        0.00
     0     5     1440.00      631.00        0.00
     0     5     1446.00      629.00        0.00
     0     5     1454.00      625.00        0.00
     0     5     1462.00      625.00        0.00
     0     5     1470.00      625.00        0.00
     0     5     1482.00      625.00        0.00
     0     5     1490.00      625.00        0.00
     0     5     1496.00      627.00        0.00
     0     5     1502.00      627.00        0.00
     0     5     1512.00      627.00        0.00
     0     5     1518.00      627.00        0.00
     0     5     1524.00      627.00        0.00
     0     5     1532.00      627.00        0.00
     0     5     1538.00      627.00        0.00
     0     5     1546.00      625.00        0.00
     0     5     1554.00      623.00        0.00
     0     5     1562.00      621.00        0.00
     0     5     1568.00      617.00        0.00
     0     5     1574.00      613.00        0.00
     0     5     1576.00      607.00        0.00
     0     5     1582.00      601.00        0.00
     0     5     1586.00      595.00        0.00
     0     5     1590.00      585.00        0.00
     0     5     1594.00      579.00        0.00
     0     5     1598.00      575.00        0.00
     0     5     1600.00      569.00        0.00
     0     5     1604.00      563.00        0.00
     0     5     1608.00      557.00        0.00
     0     5     1614.00      549.00        0.00
     0     5     1618.00      541.00        0.00
     0     5     1620.00      533.00        0.00
     0     5     1624.00      529.00        0.00
     0     5     1626.00      521.00        0.00
     0     5     1628.00      515.00        0.00
     0     5     1630.00      509.00        0.00
     0     5     1632.00      499.00        0.00
     0     5     1636.00      491.00        0.00
     0     5     1636.00      485.00        0.00
     0     5     1636.00      479.00        0.00
     0     5     1634.00      473.00        0.00
     0     5     1628.00      473.00        0.00
     0     5     1622.00      473.00        0.00
     0     5     1612.00      475.00        0.00
     0     5     1604.00      475.00        0.00
     0     5     1594.00      477.00        0.00
     0     5     1586.00      477.00        0.00
     0     5     1578.00      477.00        0.00
     0     5     1570.00      479.00        0.00
     0     5     1564.00      481.00        0.00
     0     5     1556.00      483.00        0.00
     0     5     1550.00      485.00        0.00
     0     5     1540.00      487.00        0.00
     0     5     1534.00      489.00        0.00
     0     5     1526.00      491.00        0.00
     0     5     1520.00      491.00        0.00
     0     5     1514.00      493.00        0.00
     0     5     1506.00      495.00        0.00
     0     5     1500.00      495.00        0.00
     0     5     1492.00      495.00        0.00
     0     5     1484.00      493.00        0.00
     0     5     1478.00      493.00        0.00
     0     5     1472.00      491.00        0.00
     0     5     1468.00      487.00        0.00
     0     5     1464.00      483.00        0.00
     0     5     1460.00      479.00        0.00
     0     5     1460.00      473.00        0.00
     0     5     1460.00      467.00        0.00
     0     5     1460.00      461.00        0.00
     0     5     1460.00      455.00        0.00
     0     5     1462.00      449.00        0.00
     0     5     1466.00      445.00        0.00
     0     5     1470.00      439.00        0.00
     0     5     1476.00      435.00        0.00
     0     5     1480.00      429.00        0.00
     0     5     1484.00      425.00        0.00
     0     5     1488.00      421.00        0.00
     0     5     1492.00      417.00        0.00
     0     5     1496.00      411.00        0.00
     0     5     1500.00      407.00        0.00
     0     5     1504.00      403.00        0.00
     0     5     1508.00      399.00        0.00
     0     5     1512.00      395.00        0.00
     0     5     1516.00      391.00        0.00
     0     5     1520.00      387.00        0.00
     0     5     1524.00      383.00        0.00
     0     5     1528.00      377.00        0.00
     0     5     1534.00      373.00        0.00
     0     6     1704.00      963.00        0.00
     0     6     1698.00      961.00        0.00
     0     6     1690.00      957.00        0.00
     0     6     1684.00      955.00        0.00
     0     6     1678.00      953.00        0.00
     0     6     1672.00      951.00        0.00
     0     6     1666.00      947.00        0.00
     0     6     1660.00      947.00        0.00
     0     6     1654.00      943.00        0.00
     0     6     1644.00      941.00        0.00
     0     6     1638.00      939.00        0.00
     0     6     1632.00      937.00        0.00
     0     6     1624.00      935.00        0.00
     0     6     1618.00      933.00        0.00
     0     6     1612.00      931.00        0.00
     0     6     1604.00      931.00        0.00
     0     6     1598.00      931.00        0.00
     0     6     1588.00      929.00        0.00
     0     6     1582.00      929.00        0.00
     0     6     1574.00      929.00        0.00
     0     6     1566.00      929.00        0.00
     0     6     1558.00      931.00        0.00
     0     6     1552.00      935.00        0.00
     0     6     1544.00      937.00        0.00
     0     6     1538.00      939.00        0.00
     0     6     1532.00      939.00        0.00
     0     6     1526.00      941.00        0.00
     0     6     1520.00      943.00        0.00
     0     6     1512.00      943.00        0.00
     0     6     1504.00      943.00        0.00
     0     6     1498.00      943.00        0.00
     0     6     1484.00      939.00        0.00
     0     6     1474.00      937.00        0.00
     0     6     1464.00      935.00        0.00
     0     6     1458.00      931.00        0.00
     0     6     1450.00      927.00        0.00
     0     6     1438.00      921.00        0.00
     0     6     1430.00      915.00        0.00
     0     6     1422.00      909.00        0.00
     0     6     1416.00      903.00        0.00
     0     6     1406.00      895.00        0.00
     0     6     1400.00      889.00        0.00
     0     6     1394.00      881.00        0.00
     0     6     1390.00      875.00        0.00
     0     6     1386.00      867.00        0.00
     0     6     1382.00      857.00        0.00
     0     6     1380.00      849.00        0.00
     0     6     1376.00      839.00        0.00
     0     6     1374.00      831.00        0.00
     0     6     1372.00      823.00        0.00
     0     6     1370.00      817.00        0.00
     0     6     1368.00      811.00        0.00
     0     6     1366.00      805.00        0.00
     0     6     1364.00      799.00        0.00
     0     6     1364.00      793.00        0.00
     0     6     1370.00      791.00        0.00
     0     6     1378.00      789.00        0.00
     0     6     1384.00      787.00        0.00
     0     6     1390.00      787.00        0.00
     0     6     1396.00      787.00        0.00
     0     6     1404.00      787.00        0.00
     0     6     1410.00      787.00        0.00
     0     6     1418.00      785.00        0.00
     0     6     1426.00      785.00        0.00
     0     6     1434.00      785.00        0.00
     0     6     1440.00      783.00        0.00
     0     6     1448.00      783.00        0.00
     0     6     1454.00      783.00        0.00
     0     6     1462.00      783.00        0.00
     0     6     1470.00      783.00        0.00
     0     6     1478.00      783.00        0.00
     0     6     1484.00      785.00        0.00
     0     6     1490.00      785.00        0.00
     0     6     1496.00      785.00        0.00
     0     6     1504.00      785.00        0.00
     0     6     1510.00      785.00        0.00
     0     6     1516.00      785.00        0.00
     0     6     1522.00      783.00        0.00
     0     6     1528.00      783.00        0.00
     0     6     1534.00      781.00        0.00
     0     6     1540.00      781.00        0.00
     0     6     1546.00      777.00        0.00
     0     6     1552.00      775.00        0.00
     0     6     1558.00      773.00        0.00
     0     6     1566.00      771.00        0.00
     0     6     1572.00      769.00        0.00
     0     6     1578.00      767.00        0.00
     0     6     1584.00      767.00        0.00
     0     6     1590.00      769.00        0.00
     0     6     1594.00      773.00        0.00
     0     6     1594.00      779.00        0.00
     0     6     1594.00      785.00        0.00
     0     6     1594.00      791.00        0.00
     0     6     1594.00      797.00        0.00
     0     6     1592.00      803.00        0.00
     0     6     1588.00      809.00        0.00
     0     6     1586.00      817.00        0.00
     0     6     1582.00      821.00        0.00
     0     6     1580.00      827.00        0.00
     0     6     1578.00      835.00        0.00
     0     6     1578.00      843.00        0.00
     0     6     1578.00      849.00        0.00
     0     6     1578.00      855.00        0.00
     0     6     1580.00      861.00        0.00
     0     6     1582.00      867.00        0.00
     0     6     1586.00      873.00        0.00
     0     6     1590.00      879.00        0.00
     0     6     1592.00      885.00        0.00
     0     6     1596.00      889.00        0.00
     0     6     1600.00      893.00        0.00
     0     6     1604.00      897.00        0.00
     0     6     1608.00      901.00        0.00
     0     6     1612.00      907.00        0.00
     0     6     1616.00      911.00        0.00
     0     7     1046.00      267.00        0.00
     0     7     1046.00      285.00        0.00
     0     7     1048.00      295.00        0.00
     0     7     1050.00      305.00        0.00
     0     7     1052.00      315.00        0.00
     0     7     1056.00      323.00        0.00
     0     7     1060.00      333.00        0.00
     0     7     1062.00      339.00        0.00
     0     7     1066.00      343.00        0.00
     0     7     1070.00      349.00        0.00
     0     7     1074.00      355.00        0.00
     0     7     1078.00      359.00        0.00
     0     7     1082.00      365.00        0.00
     0     7     1088.00      369.00        0.00
     0     7     1092.00      373.00        0.00
     0     7     1096.00      377.00        0.00
     0     7     1100.00      381.00        0.00
     0     7     1106.00      387.00        0.00
     0     7     1110.00      391.00        0.00
     0     7     1114.00      395.00        0.00
     0     7     1118.00      401.00        0.00
     0     7     1124.00      405.00        0.00
     0     7     1128.00      409.00        0.00
     0     7     1132.00      413.00        0.00
     0     7     1134.00      419.00        0.00
     0     7     1136.00      425.00        0.00
     0     7     1136.00      431.00        0.00
     0     7     1134.00      437.00        0.00
     0     7     1132.00      443.00        0.00
     0     7     1130.00      451.00        0.00
     0     7     1128.00      457.00        0.00
     0     7     1126.00      465.00        0.00
     0     7     1122.00      471.00        0.00
     0     7     1122.00      481.00        0.00
     0     7     1120.00      487.00        0.00
     0     7     1116.00      497.00        0.00
     0     7     1116.00      503.00        0.00
     0     7     1114.00      511.00        0.00
     0     7     1112.00      519.00        0.00
     0     7     1112.00      527.00        0.00
     0     7     1112.00      535.00        0.00
     0     7     1112.00      543.00        0.00
     0     7     1110.00      553.00        0.00
     0     7     1110.00      559.00        0.00
     0     7     1108.00      565.00        0.00
     0     7     1106.00      571.00        0.00
     0     7     1104.00      577.00        0.00
     0     7     1098.00      581.00        0.00
     0     7     1094.00      585.00        0.00
     0     7     1088.00      589.00        0.00
     0     7     1082.00      593.00        0.00
     0     7     1076.00      597.00        0.00
     0     7     1070.00      597.00        0.00
     0     7     1062.00      595.00        0.00
     0     7     1056.00      593.00        0.00
     0     7     1052.00      587.00        0.00
     0     7     1046.00      583.00        0.00
     0     7     1044.00      577.00        0.00
     0     7     1040.00      573.00        0.00
     0     7     1036.00      565.00        0.00
     0     7     1032.00      557.00        0.00
     0     7     1030.00      549.00        0.00
     0     7     1028.00      543.00        0.00
     0     7     1026.00      537.00        0.00
     0     7     1026.00      527.00        0.00
     0     7     1024.00      519.00        0.00
     0     7     1024.00      509.00        0.00
     0     7     1024.00      501.00        0.00
     0     7     1022.00      489.00        0.00
     0     7     1020.00      483.00        0.00
     0     7     1016.00      475.00        0.00
     0     7     1016.00      469.00        0.00
     0     7     1014.00      463.00        0.00
     0     7     1010.00      457.00        0.00
     0     7     1006.00      453.00        0.00
     0     7     1002.00      447.00        0.00
     0     7      998.00      441.00        0.00
     0     7      994.00      433.00        0.00
     0     7      990.00      429.00        0.00
     0     7      988.00      421.00        0.00
     0     7      986.00      415.00        0.00
     0     7      982.00      411.00        0.00
     0     7      978.00      403.00        0.00
     0     7      974.00      397.00        0.00
     0     7      974.00      391.00        0.00
     0     7      974.00      383.00        0.00
     0     7      976.00      377.00        0.00
     0     7      978.00      371.00        0.00
     0     7      982.00      365.00        0.00
     0     7      984.00      359.00        0.00
     0     7      986.00      353.00        0.00
     0     7      990.00      345.00        0.00
     0     7      992.00      339.00        0.00
     0     7      996.00      331.00        0.00
     0     7      996.00      325.00        0.00
     0     7      998.00      317.00        0.00
     0     7     1000.00      311.00        0.00
     0     7     1004.00      303.00        0.00
     0     7     1006.00      297.00        0.00
     0     7     1010.00      291.00        0.00
     0     7     1014.00      287.00        0.00
     0     8      602.00      749.00        0.00
     0     8      610.00      747.00        0.00
     0     8      616.00      745.00        0.00
     0     8      624.00      743.00        0.00
     0     8      630.00      739.00        0.00
     0     8      636.00      737.00        0.00
     0     8      642.00      733.00        0.00
     0     8      648.00      731.00        0.00
     0     8      654.00      729.00        0.00
     0     8      660.00      729.00        0.00
     0     8      666.00      727.00        0.00
     0     8      674.00      725.00        0.00
     0     8      680.00      723.00        0.00
     0     8      688.00      721.00        0.00
     0     8      694.00      717.00        0.00
     0     8      702.00      713.00        0.00
     0     8      708.00      709.00        0.00
     0     8      714.00      705.00        0.00
     0     8      720.00      703.00        0.00
     0     8      728.00      699.00        0.00
     0     8      734.00      695.00        0.00
     0     8      744.00      691.00        0.00
     0     8      756.00      687.00        0.00
     0     8      766.00      683.00        0.00
     0     8      772.00      679.00        0.00
     0     8      778.00      677.00        0.00
     0     8      788.00      673.00        0.00
     0     8      798.00      671.00        0.00
     0     8      808.00      667.00        0.00
     0     8      814.00      663.00        0.00
     0     8      822.00      659.00        0.00
     0     8      826.00      653.00        0.00
     0     8      834.00      649.00        0.00
     0     8      840.00      645.00        0.00
     0     8      844.00      641.00        0.00
     0     8      850.00      639.00        0.00
     0     8      856.00      635.00        0.00
     0     8      862.00      629.00        0.00
     0     8      866.00      625.00        0.00
     0     8      872.00      621.00        0.00
     0     8      878.00      617.00        0.00
     0     8      884.00      613.00        0.00
     0     8      890.00      613.00        0.00
     0     8      898.00      609.00        0.00
     0     8      906.00      607.00        0.00
     0     8      912.00      605.00        0.00
     0     8      918.00      603.00        0.00
     0     8      926.00      599.00        0.00
     0     8      932.00      597.00        0.00
     0     8      940.00      593.00        0.00
     0     8      946.00      589.00        0.00
     0     8      954.00      585.00        0.00
     0     8      962.00      581.00        0.00
     0     8      968.00      579.00        0.00
     0     8      972.00      575.00        0.00
     0     8      976.00      571.00        0.00
     0     8      980.00      567.00        0.00
     0     8      984.00      563.00        0.00
     0     8      990.00      559.00        0.00
     0     8      996.00      557.00        0.00
     0     8     1002.00      557.00        0.00
     0     8     1006.00      551.00        0.00
     0     8     1010.00      545.00        0.00
     0     8     1014.00      535.00        0.00
     0     8     1014.00      529.00        0.00
     0     8     1014.00      523.00        0.00
     0     8     1014.00      517.00        0.00
     0     8     1012.00      511.00        0.00
     0     8     1010.00      503.00        0.00
     0     8     1008.00      497.00        0.00
     0     8     1006.00      489.00        0.00
     0     8     1004.00      479.00        0.00
     0     8     1000.00      469.00        0.00
     0     8      998.00      461.00        0.00
     0     8      996.00      453.00        0.00
     0     8      994.00      447.00        0.00
     0     8      990.00      439.00        0.00
     0     8      988.00      431.00        0.00
     0     8      988.00      423.00        0.00
     0     8      988.00      417.00        0.00
     0     8      984.00      411.00        0.00
     0     8      984.00      403.00        0.00
     0     8      984.00      397.00        0.00
     0     8      984.00      389.00        0.00
     0     8      984.00      383.00        0.00
     0     8      984.00      377.00        0.00
     0     8      984.00      371.00        0.00
     0     8      984.00      363.00        0.00
     0     8      984.00      357.00        0.00
     0     8      984.00      349.00        0.00
     0     8      988.00      339.00        0.00
     0     8      990.00      333.00        0.00
     0     8      994.00      327.00        0.00
     0     8      998.00      317.00        0.00
     0     8     1004.00      305.00        0.00
     0     8     1010.00      293.00        0.00
     0     8     1016.00      281.00        0.00
     0     8     1022.00      273.00        0.00
     0     8     1026.00      267.00        0.00
     0     8     1032.00      259.00        0.00
     0     8     1034.00      253.00        0.00
     0     8     1038.00      247.00        0.00
     0     8     1042.00      239.00        0.00
     0     8     1046.00      231.00        0.00
     0     8     1050.00      227.00        0.00
     0     8     1054.00      223.00        0.00
     0     8     1058.00      219.00        0.00
     0     8     1062.00      213.00        0.00
     0     8     1068.00      209.00        0.00
     0     8     1072.00      205.00        0.00
     0     8     1078.00      201.00        0.00
     0     8     1084.00      197.00        0.00
     0     8     1092.00      191.00        0.00
     0     8     1098.00      185.00        0.00
     0     8     1106.00      179.00        0.00
     0     8     1110.00      175.00        0.00
     0     8     1116.00      169.00        0.00
     0     8     1120.00      165.00        0.00
     0     8     1124.00      159.00        0.00
     0     8     1126.00      153.00        0.00
     0     8     1130.00      145.00        0.00
     0     8     1130.00      139.00        0.00
     0     8     1132.00      133.00        0.00
     0     8     1132.00      127.00        0.00
     0     8     1132.00      119.00        0.00
     0     8     1130.00      113.00        0.00
     0     8     1126.00      109.00        0.00
     0     8     1120.00      105.00        0.00
     0     8     1114.00      101.00        0.00
     0     8     1104.00       97.00        0.00
     0     8     1098.00       97.00        0.00
     0     8     1092.00       95.00        0.00
     0     8     1088.00       91.00        0.00
     0     8     1088.00       85.00        0.00
     0     8     1092.00       81.00        0.00
     0     8     1094.00       75.00        0.00
     0     8     1098.00       69.00        0.00
     0     8     1096.00       63.00        0.00
     0     8     1092.00       59.00        0.00
     0     8     1088.00       53.00        0.00
     0     8     1082.00       51.00        0.00
     0     8     1074.00       49.00        0.00
     0     8     1066.00       47.00        0.00
     0     8     1056.00       47.00        0.00
     0     8     1048.00       47.00        0.00
     0     8     1038.00       47.00        0.00
     0     8     1030.00       49.00        0.00
     0     8     1022.00       49.00        0.00
     0     8     1014.00       51.00        0.00
     0     8     1008.00       53.00        0.00
     0     8      998.00       55.00        0.00
     0     8      990.00       57.00        0.00
     0     8      980.00       59.00        0.00
     0     8      970.00       63.00        0.00
     0     8      954.00       65.00        0.00
     0     8      944.00       65.00        0.00
     0     8      938.00       65.00        0.00
     0     8      932.00       69.00        0.00
     0     8      926.00       71.00        0.00
     0     8      920.00       73.00        0.00
     0     8      916.00       77.00        0.00
     0     8      908.00       83.00        0.00
     0     8      900.00       87.00        0.00
     0     8      894.00       91.00        0.00
     0     8      886.00       95.00        0.00
     0     8      880.00       99.00        0.00
     0     8      874.00      103.00        0.00
     0     8      868.00      103.00        0.00
     0     8      858.00      107.00        0.00
     0     8      852.00      111.00        0.00
     0     8      844.00      113.00        0.00
     0     8      836.00      117.00        0.00
     0     8      830.00      121.00        0.00
     0     8      826.00      125.00        0.00
     0     8      820.00      129.00        0.00
     0     8      810.00      139.00        0.00
     0     8      804.00      143.00        0.00
     0     8      796.00      149.00        0.00
     0     8      788.00      157.00        0.00
     0     8      784.00      161.00        0.00
     0     8      780.00      165.00        0.00
     0     8      776.00      169.00        0.00
     0     8      768.00      175.00        0.00
     0     8      762.00      177.00        0.00
     0     8      756.00      181.00        0.00
     0     8      750.00      185.00        0.00
     0     8      740.00      189.00        0.00
     0     8      734.00      193.00        0.00
     0     8      730.00      197.00        0.00
     0     8      724.00      201.00        0.00
     0     8      726.00      207.00        0.00
     0     8      732.00      213.00        0.00
     0     8      740.00      215.00        0.00
     0     8      748.00      219.00        0.00
     0     8      754.00      221.00        0.00
     0     8      760.00      223.00        0.00
     0     8      766.00      225.00        0.00
     0     8      772.00      225.00        0.00
     0     8      778.00      227.00        0.00
     0     8      784.00      229.00        0.00
     0     8      788.00      233.00        0.00
     0     8      792.00      237.00        0.00
     0     8      796.00      241.00        0.00
     0     8      800.00      249.00        0.00
     0     8      802.00      257.00        0.00
     0     8      802.00      265.00        0.00
     0     8      804.00      271.00        0.00
     0     8      806.00      277.00        0.00
     0     8      806.00      283.00        0.00
     0     8      806.00      289.00        0.00
     0     8      804.00      297.00        0.00
     0     8      802.00      303.00        0.00
     0     8      796.00      309.00        0.00
     0     8      792.00      313.00        0.00
     0     8      786.00      317.00        0.00
     0     8      778.00      323.00        0.00
     0     8      772.00      327.00        0.00
     0     8      766.00      333.00        0.00
     0     8      760.00      337.00        0.00
     0     8      752.00      343.00        0.00
     0     8      746.00      347.00        0.00
     0     8      740.00      353.00        0.00
     0     8      736.00      357.00        0.00
     0     8      728.00      361.00        0.00
     0     8      724.00      365.00        0.00
     0     8      720.00      369.00        0.00
     0     8      712.00      375.00        0.00
     0     8      706.00      379.00        0.00
     0     8      700.00      385.00        0.00
     0     8      696.00      389.00        0.00
     0     8      690.00      393.00        0.00
     0     8      686.00      397.00        0.00
     0     8      682.00      401.00        0.00
     0     8      678.00      407.00        0.00
     0     8      672.00      413.00        0.00
     0     8      668.00      421.00        0.00
     0     8      666.00      427.00        0.00
     0     8      662.00      433.00        0.00
     0     8      662.00      439.00        0.00
     0     8      662.00      447.00        0.00
     0     8      666.00      451.00        0.00
     0     8      668.00      459.00        0.00
     0     8      672.00      465.00        0.00
     0     8      676.00      471.00        0.00
     0     8      680.00      477.00        0.00
     0     8      684.00      481.00        0.00
     0     8      688.00      485.00        0.00
     0     8      692.00      489.00        0.00
     0     8      700.00      491.00        0.00
     0     8      708.00      493.00        0.00
     0     8      718.00      495.00        0.00
     0     8      726.00      497.00        0.00
     0     8      734.00      497.00        0.00
     0     8      742.00      497.00        0.00
     0     8      748.00      499.00        0.00
     0     8      756.00      499.00        0.00
     0     8      764.00      499.00        0.00
     0     8      770.00      499.00        0.00
     0     8      776.00      499.00        0.00
     0     8      782.00      499.00        0.00
     0     8      788.00      499.00        0.00
     0     8      794.00      499.00        0.00
     0     8      800.00      503.00        0.00
     0     8      804.00      507.00        0.00
     0     8      806.00      513.00        0.00
     0     8      806.00      521.00        0.00
     0     8      806.00      527.00        0.00
     0     8      808.00      535.00        0.00
     0     8      810.00      543.00        0.00
     0     8      812.00      549.00        0.00
     0     8      814.00      557.00        0.00
     0     8      814.00      565.00        0.00
     0     8      814.00      571.00        0.00
     0     8      812.00      577.00        0.00
     0     8      808.00      583.00        0.00
     0     8      804.00      591.00        0.00
     0     8      800.00      595.00        0.00
     0     8      792.00      601.00        0.00
     0     8      786.00      603.00        0.00
     0     8      782.00      607.00        0.00
     0     8      778.00      611.00        0.00
     0     8      776.00      617.00        0.00
     0     8      772.00      621.00        0.00
     0     8      770.00      627.00        0.00
     0     8      766.00      635.00        0.00
     0     8      762.00      641.00        0.00
     0     8      758.00      645.00        0.00
     0     8      754.00      651.00        0.00
     0     8      750.00      657.00        0.00
     0     8      746.00      661.00        0.00
     0     8      742.00      669.00        0.00
     0     8      738.00      673.00        0.00
     0     8      734.00      679.00        0.00
     0     8      730.00      683.00        0.00
     0     8      726.00      689.00        0.00
     0     8      722.00      693.00        0.00
     0     8      718.00      699.00        0.00
     0     8      714.00      703.00        0.00
