     0     0      532.00     1227.00        0.00
     0     0      526.00     1225.00        0.00
     0     0      522.00     1221.00        0.00
     0     0      516.00     1217.00        0.00
     0     0      510.00     1215.00        0.00
     0     0      502.00     1211.00        0.00
     0     0      496.00     1209.00        0.00
     0     0      488.00     1205.00        0.00
     0     0      480.00     1201.00        0.00
     0     0      474.00     1199.00        0.00
     0     0      466.00     1195.00        0.00
     0     0      460.00     1193.00        0.00
     0     0      454.00     1189.00        0.00
     0     0      448.00     1185.00        0.00
     0     0      442.00     1183.00        0.00
     0     0      436.00     1179.00        0.00
     0     0      430.00     1175.00        0.00
     0     0      424.00     1173.00        0.00
     0     0      420.00     1169.00        0.00
     0     0      416.00     1165.00        0.00
     0     0      410.00     1163.00        0.00
     0     0      406.00     1159.00        0.00
     0     0      400.00     1157.00        0.00
     0     0      394.00     1151.00        0.00
     0     0      390.00     1147.00        0.00
     0     0      386.00     1143.00        0.00
     0     0      382.00     1139.00        0.00
     0     0      376.00     1137.00        0.00
     0     0      372.00     1131.00        0.00
     0     0      366.00     1129.00        0.00
     0     0      362.00     1125.00        0.00
     0     0      356.00     1121.00        0.00
     0     0      350.00     1115.00        0.00
     0     0      346.00     1111.00        0.00
     0     0      342.00     1105.00        0.00
     0     0      338.00     1101.00        0.00
     0     0      334.00     1097.00        0.00
     0     0      286.00     1041.00        0.00
     0     0      202.00      887.00        0.00
     0     0      200.00      875.00        0.00
     0     0      198.00      869.00        0.00
     0     0      196.00      863.00        0.00
     0     0      192.00      859.00        0.00
     0     0      190.00      853.00        0.00
     0     0      186.00      849.00        0.00
     0     0      182.00      843.00        0.00
     0     0      178.00      837.00        0.00
     0     0      172.00      831.00        0.00
     0     0      164.00      827.00        0.00
     0     0      162.00      821.00        0.00
     0     0      158.00      817.00        0.00
     0     0      154.00      811.00        0.00
     0     0      142.00      805.00        0.00
     0     0      136.00      801.00        0.00
     0     0      132.00      795.00        0.00
     0     0      128.00      789.00        0.00
     0     0      120.00      785.00        0.00
     0     0      114.00      779.00        0.00
     0     0      106.00      773.00        0.00
     0     0       96.00      767.00        0.00
     0     0       88.00      763.00        0.00
     0     0       86.00      757.00        0.00
     0     0       84.00      751.00        0.00
     0     0       78.00      747.00        0.00
     0     0       72.00      743.00        0.00
     0     0       68.00      737.00        0.00
     0     0       64.00      733.00        0.00
     0     0       58.00      725.00        0.00
     0     0       50.00      719.00        0.00
     0     0       46.00      715.00        0.00
     0     0       44.00      709.00        0.00
     0     0       40.00      705.00        0.00
     0     0       34.00      699.00        0.00
     0     0       28.00      693.00        0.00
     0     0       24.00      687.00        0.00
     0     0       20.00      681.00        0.00
     0     0       18.00      675.00        0.00
     0     0       16.00      669.00        0.00
     0     0       16.00      663.00        0.00
     0     0       14.00      657.00        0.00
     0     0       14.00      651.00        0.00
     0     0       14.00      645.00        0.00
     0     0       14.00      639.00        0.00
     0     0       14.00      633.00        0.00
     0     0       18.00      629.00        0.00
     0     0       22.00      625.00        0.00
     0     0       26.00      621.00        0.00
     0     0       30.00      617.00        0.00
     0     0       36.00      615.00        0.00
     0     0       42.00      613.00        0.00
     0     0       48.00      617.00        0.00
     0     0       54.00      621.00        0.00
     0     0       58.00      625.00        0.00
     0     0       64.00      627.00        0.00
     0     0       68.00      631.00        0.00
     0     0       74.00      635.00        0.00
     0     0       80.00      637.00        0.00
     0     0       86.00      641.00        0.00
     0     0       92.00      645.00        0.00
     0     0       98.00      647.00        0.00
     0     0      106.00      651.00        0.00
     0     0      112.00      653.00        0.00
     0     0      118.00      655.00        0.00
     0     0      126.00      657.00        0.00
     0     0      132.00      659.00        0.00
     0     0      138.00      661.00        0.00
     0     0      144.00      665.00        0.00
     0     0      150.00      667.00        0.00
     0     0      156.00      669.00        0.00
     0     0      160.00      673.00        0.00
     0     0      166.00      675.00        0.00
     0     0      172.00      677.00        0.00
     0     0      176.00      681.00        0.00
     0     0      182.00      681.00        0.00
     0     0      188.00      683.00        0.00
     0     0      194.00      683.00        0.00
     0     0      200.00      685.00        0.00
     0     0      206.00      687.00        0.00
     0     0      212.00      689.00        0.00
     0     0      216.00      693.00        0.00
     0     0      222.00      697.00        0.00
     0     0      226.00      701.00        0.00
     0     0      230.00      705.00        0.00
     0     0      234.00      709.00        0.00
     0     0      238.00      715.00        0.00
     0     0      242.00      719.00        0.00
     0     0      248.00      725.00        0.00
     0     0      252.00      731.00        0.00
     0     0      256.00      735.00        0.00
     0     0      262.00      741.00        0.00
     0     0      268.00      745.00        0.00
     0     0      272.00      751.00        0.00
     0     0      276.00      757.00        0.00
     0     0      278.00      763.00        0.00
     0     0      280.00      771.00        0.00
     0     0      282.00      777.00        0.00
     0     0      284.00      785.00        0.00
     0     0      286.00      793.00        0.00
     0     0      280.00      791.00        0.00
     0     0      272.00      787.00        0.00
     0     0      260.00      781.00        0.00
     0     0      252.00      777.00        0.00
     0     0      246.00      771.00        0.00
     0     0      236.00      769.00        0.00
     0     0      230.00      769.00        0.00
     0     0      224.00      765.00        0.00
     0     0      218.00      763.00        0.00
     0     0      212.00      761.00        0.00
     0     0      206.00      761.00        0.00
     0     0      200.00      761.00        0.00
     0     0      194.00      761.00        0.00
     0     0      192.00      767.00        0.00
     0     0      190.00      773.00        0.00
     0     0      190.00      781.00        0.00
     0     0      190.00      787.00        0.00
     0     0      190.00      795.00        0.00
     0     0      190.00      801.00        0.00
     0     0      190.00      807.00        0.00
     0     0      192.00      815.00        0.00
     0     0      192.00      821.00        0.00
     0     0      194.00      827.00        0.00
     0     0      194.00      833.00        0.00
     0     0      196.00      839.00        0.00
     0     0      196.00      845.00        0.00
     0     0      198.00      851.00        0.00
     0     0      198.00      857.00        0.00
     0     0      198.00      863.00        0.00
     0     0      200.00      869.00        0.00
     0     0      200.00      875.00        0.00
     0     0      202.00      881.00        0.00
     0     0      206.00      885.00        0.00
     0     0      208.00      891.00        0.00
     0     0      270.00     1021.00        0.00
     0     0      326.00     1087.00        0.00
     0     0      386.00     1145.00        0.00
     0     0      462.00     1191.00        0.00
     0     1      374.00      857.00        0.00
     0     1      360.00      861.00        0.00
     0     1      354.00      865.00        0.00
     0     1      348.00      869.00        0.00
     0     1      342.00      869.00        0.00
     0     1      334.00      869.00        0.00
     0     1      328.00      869.00        0.00
     0     1      318.00      867.00        0.00
     0     1      310.00      865.00        0.00
     0     1      302.00      863.00        0.00
     0     1      296.00      859.00        0.00
     0     1      292.00      853.00        0.00
     0     1      288.00      849.00        0.00
     0     1      286.00      843.00        0.00
     0     1      284.00      835.00        0.00
     0     1      280.00      829.00        0.00
     0     1      280.00      823.00        0.00
     0     1      278.00      815.00        0.00
     0     1      278.00      809.00        0.00
     0     1      278.00      801.00        0.00
     0     1      276.00      795.00        0.00
     0     1      276.00      787.00        0.00
     0     1      274.00      779.00        0.00
     0     1      274.00      773.00        0.00
     0     1      272.00      765.00        0.00
     0     1      272.00      757.00        0.00
     0     1      272.00      751.00        0.00
     0     1      272.00      743.00        0.00
     0     1      272.00      735.00        0.00
     0     1      274.00      727.00        0.00
     0     1      278.00      719.00        0.00
     0     1      280.00      713.00        0.00
     0     1      284.00      707.00        0.00
     0     1      286.00      701.00        0.00
     0     1      292.00      693.00        0.00
     0     1      298.00      689.00        0.00
     0     1      304.00      683.00        0.00
     0     1      312.00      679.00        0.00
     0     1      320.00      677.00        0.00
     0     1      330.00      675.00        0.00
     0     1      342.00      675.00        0.00
     0     1      348.00      675.00        0.00
     0     1      354.00      675.00        0.00
     0     1      362.00      677.00        0.00
     0     1      368.00      679.00        0.00
     0     1      376.00      683.00        0.00
     0     1      382.00      687.00        0.00
     0     1      388.00      691.00        0.00
     0     1      392.00      697.00        0.00
     0     1      396.00      701.00        0.00
     0     1      398.00      707.00        0.00
     0     1      402.00      715.00        0.00
     0     1      404.00      723.00        0.00
     0     1      406.00      729.00        0.00
     0     1      406.00      735.00        0.00
     0     1      406.00      741.00        0.00
     0     1      408.00      747.00        0.00
     0     1      408.00      753.00        0.00
     0     1      408.00      759.00        0.00
     0     1      408.00      765.00        0.00
     0     1      408.00      771.00        0.00
     0     1      408.00      777.00        0.00
     0     1      410.00      783.00        0.00
     0     1      414.00      787.00        0.00
     0     1      418.00      791.00        0.00
     0     1      426.00      795.00        0.00
     0     1      432.00      799.00        0.00
     0     1      438.00      803.00        0.00
     0     1      444.00      809.00        0.00
     0     1      448.00      813.00        0.00
     0     1      456.00      817.00        0.00
     0     1      462.00      823.00        0.00
     0     1      466.00      827.00        0.00
     0     1      472.00      831.00        0.00
     0     1      478.00      837.00        0.00
     0     1      484.00      841.00        0.00
     0     1      488.00      845.00        0.00
     0     1      494.00      851.00        0.00
     0     1      498.00      857.00        0.00
     0     1      502.00      861.00        0.00
     0     1      506.00      867.00        0.00
     0     1      508.00      873.00        0.00
     0     1      512.00      879.00        0.00
     0     1      518.00      887.00        0.00
     0     1      522.00      893.00        0.00
     0     1      526.00      899.00        0.00
     0     1      532.00      909.00        0.00
     0     1      534.00      915.00        0.00
     0     1      538.00      921.00        0.00
     0     1      544.00      929.00        0.00
     0     1      548.00      933.00        0.00
     0     1      552.00      939.00        0.00
     0     1      556.00      943.00        0.00
     0     1      562.00      947.00        0.00
     0     1      568.00      955.00        0.00
     0     1      574.00      961.00        0.00
     0     1      578.00      967.00        0.00
     0     1      584.00      973.00        0.00
     0     1      590.00      977.00        0.00
     0     1      596.00      983.00        0.00
     0     1      606.00      989.00        0.00
     0     1      610.00      995.00        0.00
     0     1      616.00     1001.00        0.00
     0     1      622.00     1007.00        0.00
     0     1      626.00     1011.00        0.00
     0     1      632.00     1015.00        0.00
     0     1      636.00     1021.00        0.00
     0     1      640.00     1027.00        0.00
     0     1      642.00     1033.00        0.00
     0     1      644.00     1039.00        0.00
     0     1      646.00     1045.00        0.00
     0     1      646.00     1051.00        0.00
     0     1      640.00     1053.00        0.00
     0     1      634.00     1053.00        0.00
     0     1      626.00     1053.00        0.00
     0     1      620.00     1053.00        0.00
     0     1      616.00     1049.00        0.00
     0     1      608.00     1043.00        0.00
     0     1      602.00     1039.00        0.00
     0     1      596.00     1033.00        0.00
     0     1      590.00     1027.00        0.00
     0     1      584.00     1021.00        0.00
     0     1      580.00     1015.00        0.00
     0     1      574.00     1009.00        0.00
     0     1      570.00     1003.00        0.00
     0     1      564.00      997.00        0.00
     0     1      558.00      989.00        0.00
     0     1      554.00      983.00        0.00
     0     1      550.00      979.00        0.00
     0     1      544.00      973.00        0.00
     0     1      538.00      969.00        0.00
     0     1      534.00      963.00        0.00
     0     1      528.00      959.00        0.00
     0     1      520.00      953.00        0.00
     0     1      516.00      949.00        0.00
     0     1      508.00      945.00        0.00
     0     1      500.00      939.00        0.00
     0     1      494.00      935.00        0.00
     0     1      488.00      931.00        0.00
     0     1      480.00      925.00        0.00
     0     1      474.00      921.00        0.00
     0     1      470.00      917.00        0.00
     0     1      466.00      913.00        0.00
     0     1      462.00      909.00        0.00
     0     1      458.00      903.00        0.00
     0     2      672.00      807.00        0.00
     0     2      676.00      831.00        0.00
     0     2      678.00      839.00        0.00
     0     2      680.00      847.00        0.00
     0     2      684.00      855.00        0.00
     0     2      686.00      861.00        0.00
     0     2      688.00      867.00        0.00
     0     2      692.00      875.00        0.00
     0     2      696.00      885.00        0.00
     0     2      700.00      891.00        0.00
     0     2      702.00      897.00        0.00
     0     2      704.00      903.00        0.00
     0     2      706.00      909.00        0.00
     0     2      708.00      919.00        0.00
     0     2      708.00      925.00        0.00
     0     2      708.00      931.00        0.00
     0     2      710.00      937.00        0.00
     0     2      712.00      943.00        0.00
     0     2      714.00      949.00        0.00
     0     2      718.00      953.00        0.00
     0     2      722.00      959.00        0.00
     0     2      726.00      963.00        0.00
     0     2      732.00      967.00        0.00
     0     2      738.00      969.00        0.00
     0     2      748.00      969.00        0.00
     0     2      754.00      969.00        0.00
     0     2      760.00      969.00        0.00
     0     2      772.00      971.00        0.00
     0     2      778.00      971.00        0.00
     0     2      786.00      969.00        0.00
     0     2      792.00      969.00        0.00
     0     2      798.00      967.00        0.00
     0     2      806.00      963.00        0.00
     0     2      810.00      959.00        0.00
     0     2      814.00      955.00        0.00
     0     2      820.00      951.00        0.00
     0     2      824.00      947.00        0.00
     0     2      828.00      943.00        0.00
     0     2      832.00      937.00        0.00
     0     2      834.00      929.00        0.00
     0     2      834.00      921.00        0.00
     0     2      834.00      915.00        0.00
     0     2      832.00      907.00        0.00
     0     2      830.00      899.00        0.00
     0     2      830.00      893.00        0.00
     0     2      830.00      885.00        0.00
     0     2      830.00      879.00        0.00
     0     2      830.00      871.00        0.00
     0     2      832.00      865.00        0.00
     0     2      832.00      859.00        0.00
     0     2      832.00      851.00        0.00
     0     2      830.00      845.00        0.00
     0     2      826.00      841.00        0.00
     0     2      822.00      837.00        0.00
     0     2      818.00      833.00        0.00
     0     2      812.00      831.00        0.00
     0     2      806.00      827.00        0.00
     0     2      798.00      825.00        0.00
     0     2      792.00      823.00        0.00
     0     2      784.00      823.00        0.00
     0     2      778.00      821.00        0.00
     0     2      770.00      821.00        0.00
     0     2      764.00      821.00        0.00
     0     2      758.00      819.00        0.00
     0     2      752.00      817.00        0.00
     0     2      744.00      813.00        0.00
     0     2      738.00      811.00        0.00
     0     2      730.00      809.00        0.00
     0     2      724.00      807.00        0.00
     0     2      718.00      805.00        0.00
     0     2      714.00      801.00        0.00
     0     2      706.00      799.00        0.00
     0     2      702.00      795.00        0.00
     0     2      696.00      791.00        0.00
     0     2      688.00      787.00        0.00
     0     2      684.00      783.00        0.00
     0     2      678.00      781.00        0.00
     0     2      674.00      777.00        0.00
     0     2      668.00      773.00        0.00
     0     2      662.00      769.00        0.00
     0     2      654.00      765.00        0.00
     0     2      650.00      761.00        0.00
     0     2      644.00      759.00        0.00
     0     2      640.00      755.00        0.00
     0     2      572.00      621.00        0.00
     0     2      574.00      627.00        0.00
     0     2      646.00      771.00        0.00
     0     3      538.00     1205.00        0.00
     0     3     1018.00      913.00        0.00
     0     3     1024.00      913.00        0.00
     0     3     1030.00      911.00        0.00
     0     3     1036.00      909.00        0.00
     0     3     1044.00      905.00        0.00
     0     3     1050.00      903.00        0.00
     0     3     1058.00      901.00        0.00
     0     3     1066.00      901.00        0.00
     0     3     1072.00      899.00        0.00
     0     3     1078.00      899.00        0.00
     0     3     1086.00      895.00        0.00
     0     3     1092.00      893.00        0.00
     0     3     1100.00      891.00        0.00
     0     3     1106.00      887.00        0.00
     0     3     1112.00      883.00        0.00
     0     3     1118.00      877.00        0.00
     0     3     1122.00      871.00        0.00
     0     3     1126.00      867.00        0.00
     0     3     1130.00      863.00        0.00
     0     3     1134.00      859.00        0.00
     0     3     1140.00      855.00        0.00
     0     3     1144.00      851.00        0.00
     0     3     1150.00      849.00        0.00
     0     3     1156.00      845.00        0.00
     0     3     1166.00      841.00        0.00
     0     3     1172.00      837.00        0.00
     0     3     1186.00      831.00        0.00
     0     3     1192.00      829.00        0.00
     0     3     1200.00      825.00        0.00
     0     3     1206.00      821.00        0.00
     0     3     1212.00      821.00        0.00
     0     3     1218.00      817.00        0.00
     0     3     1224.00      815.00        0.00
     0     3     1232.00      813.00        0.00
     0     3     1238.00      809.00        0.00
     0     3     1242.00      805.00        0.00
     0     3     1244.00      799.00        0.00
     0     3     1238.00      789.00        0.00
     0     3     1236.00      783.00        0.00
     0     3     1234.00      775.00        0.00
     0     3     1230.00      769.00        0.00
     0     3     1228.00      763.00        0.00
     0     3     1226.00      757.00        0.00
     0     3     1224.00      751.00        0.00
     0     3     1222.00      745.00        0.00
     0     3     1220.00      737.00        0.00
     0     3     1218.00      729.00        0.00
     0     3     1218.00      719.00        0.00
     0     3     1218.00      713.00        0.00
     0     3     1216.00      705.00        0.00
     0     3     1214.00      699.00        0.00
     0     3     1210.00      693.00        0.00
     0     3     1206.00      685.00        0.00
     0     3     1200.00      681.00        0.00
     0     3     1196.00      677.00        0.00
     0     3     1190.00      677.00        0.00
     0     3     1184.00      677.00        0.00
     0     3     1176.00      675.00        0.00
     0     3     1170.00      675.00        0.00
     0     3     1164.00      677.00        0.00
     0     3     1158.00      681.00        0.00
     0     3     1152.00      687.00        0.00
     0     3     1148.00      691.00        0.00
     0     3     1146.00      697.00        0.00
     0     3     1142.00      703.00        0.00
     0     3     1140.00      709.00        0.00
     0     3     1138.00      715.00        0.00
     0     3     1134.00      723.00        0.00
     0     3     1130.00      729.00        0.00
     0     3     1128.00      735.00        0.00
     0     3     1126.00      743.00        0.00
     0     3     1122.00      749.00        0.00
     0     3     1120.00      757.00        0.00
     0     3     1116.00      763.00        0.00
     0     3     1112.00      769.00        0.00
     0     3     1110.00      775.00        0.00
     0     3     1106.00      779.00        0.00
     0     3     1102.00      785.00        0.00
     0     3     1100.00      791.00        0.00
     0     3     1098.00      797.00        0.00
     0     3     1098.00      803.00        0.00
     0     3     1096.00      809.00        0.00
     0     3     1094.00      815.00        0.00
     0     3     1092.00      821.00        0.00
     0     3     1092.00      827.00        0.00
     0     3     1088.00      833.00        0.00
     0     3     1086.00      839.00        0.00
     0     3     1084.00      845.00        0.00
     0     3     1082.00      851.00        0.00
     0     3     1078.00      857.00        0.00
     0     3     1074.00      863.00        0.00
     0     3     1070.00      869.00        0.00
     0     3     1066.00      873.00        0.00
     0     3     1064.00      879.00        0.00
     0     3     1058.00      883.00        0.00
     0     3     1054.00      889.00        0.00
     0     3     1048.00      891.00        0.00
     0     3     1042.00      893.00        0.00
     0     3     1036.00      895.00        0.00
     0     3     1030.00      899.00        0.00
     0     3     1026.00      903.00        0.00
     0     3     1022.00      907.00        0.00
     0     3     1016.00      911.00        0.00
     0     3     1010.00      913.00        0.00
     0     4     1278.00      791.00        0.00
     0     4     1286.00      795.00        0.00
     0     4     1292.00      799.00        0.00
     0     4     1298.00      803.00        0.00
     0     4     1304.00      803.00        0.00
     0     4     1310.00      805.00        0.00
     0     4     1316.00      805.00        0.00
     0     4     1324.00      807.00        0.00
     0     4     1330.00      807.00        0.00
     0     4     1340.00      809.00        0.00
     0     4     1346.00      809.00        0.00
     0     4     1352.00      811.00        0.00
     0     4     1358.00      813.00        0.00
     0     4     1364.00      815.00        0.00
     0     4     1370.00      819.00        0.00
     0     4     1374.00      823.00        0.00
     0     4     1378.00      831.00        0.00
     0     4     1382.00      837.00        0.00
     0     4     1384.00      843.00        0.00
     0     4     1386.00      851.00        0.00
     0     4     1388.00      859.00        0.00
     0     4     1390.00      865.00        0.00
     0     4     1392.00      871.00        0.00
     0     4     1396.00      879.00        0.00
     0     4     1398.00      887.00        0.00
     0     4     1402.00      891.00        0.00
     0     4     1404.00      897.00        0.00
     0     4     1408.00      903.00        0.00
     0     4     1412.00      911.00        0.00
     0     4     1416.00      917.00        0.00
     0     4     1420.00      923.00        0.00
     0     4     1424.00      927.00        0.00
     0     4     1428.00      931.00        0.00
     0     4     1434.00      935.00        0.00
     0     4     1440.00      939.00        0.00
     0     4     1446.00      943.00        0.00
     0     4     1452.00      947.00        0.00
     0     4     1460.00      949.00        0.00
     0     4     1468.00      951.00        0.00
     0     4     1474.00      953.00        0.00
     0     4     1480.00      955.00        0.00
     0     4     1488.00      957.00        0.00
     0     4     1496.00      959.00        0.00
     0     4     1504.00      963.00        0.00
     0     4     1510.00      965.00        0.00
     0     4     1514.00      969.00        0.00
     0     4     1516.00      975.00        0.00
     0     4     1516.00      981.00        0.00
     0     4     1518.00      987.00        0.00
     0     4     1520.00      993.00        0.00
     0     4     1522.00      999.00        0.00
     0     4     1524.00     1007.00        0.00
     0     4     1524.00     1013.00        0.00
     0     4     1526.00     1019.00        0.00
     0     4     1526.00     1025.00        0.00
     0     4     1524.00     1031.00        0.00
     0     4     1520.00     1035.00        0.00
     0     4     1516.00     1039.00        0.00
     0     4     1506.00     1041.00        0.00
     0     4     1500.00     1043.00        0.00
     0     4     1494.00     1043.00        0.00
     0     4     1488.00     1043.00        0.00
     0     4     1482.00     1043.00        0.00
     0     4     1472.00     1043.00        0.00
     0     4     1466.00     1041.00        0.00
     0     4     1456.00     1037.00        0.00
     0     4     1450.00     1035.00        0.00
     0     4     1444.00     1033.00        0.00
     0     4     1436.00     1029.00        0.00
     0     4     1430.00     1025.00        0.00
     0     4     1424.00     1025.00        0.00
     0     4     1418.00     1023.00        0.00
     0     4     1410.00     1023.00        0.00
     0     4     1404.00     1023.00        0.00
     0     4     1398.00     1025.00        0.00
     0     4     1392.00     1029.00        0.00
     0     4     1386.00     1031.00        0.00
     0     4     1382.00     1035.00        0.00
     0     4     1376.00     1041.00        0.00
     0     4     1370.00     1045.00        0.00
     0     4     1364.00     1051.00        0.00
     0     4     1358.00     1057.00        0.00
     0     4     1354.00     1061.00        0.00
     0     4     1348.00     1061.00        0.00
     0     4     1342.00     1055.00        0.00
     0     4     1338.00     1045.00        0.00
     0     4     1336.00     1033.00        0.00
     0     4     1334.00     1023.00        0.00
     0     4     1334.00     1011.00        0.00
     0     4     1334.00     1001.00        0.00
     0     4     1334.00      991.00        0.00
     0     4     1334.00      985.00        0.00
     0     4     1334.00      979.00        0.00
     0     4     1334.00      971.00        0.00
     0     4     1334.00      965.00        0.00
     0     4     1332.00      957.00        0.00
     0     4     1330.00      951.00        0.00
     0     4     1328.00      945.00        0.00
     0     4     1324.00      939.00        0.00
     0     4     1320.00      935.00        0.00
     0     4     1318.00      929.00        0.00
     0     4     1314.00      923.00        0.00
     0     4     1312.00      917.00        0.00
     0     4     1306.00      909.00        0.00
     0     4     1304.00      903.00        0.00
     0     4     1300.00      895.00        0.00
     0     4     1296.00      889.00        0.00
     0     4     1294.00      883.00        0.00
     0     4     1290.00      877.00        0.00
     0     4     1288.00      871.00        0.00
     0     4     1286.00      865.00        0.00
     0     4     1282.00      859.00        0.00
     0     4     1280.00      853.00        0.00
     0     4     1276.00      849.00        0.00
     0     4     1274.00      843.00        0.00
     0     4     1272.00      837.00        0.00
     0     4     1268.00      831.00        0.00
     0     4     1266.00      825.00        0.00
     0     5     1380.00      681.00        0.00
     0     5     1390.00      687.00        0.00
     0     5     1398.00      691.00        0.00
     0     5     1404.00      693.00        0.00
     0     5     1410.00      697.00        0.00
     0     5     1416.00      699.00        0.00
     0     5     1422.00      701.00        0.00
     0     5     1430.00      705.00        0.00
     0     5     1436.00      707.00        0.00
     0     5     1442.00      711.00        0.00
     0     5     1448.00      713.00        0.00
     0     5     1454.00      715.00        0.00
     0     5     1462.00      717.00        0.00
     0     5     1466.00      721.00        0.00
     0     5     1472.00      721.00        0.00
     0     5     1478.00      725.00        0.00
     0     5     1486.00      727.00        0.00
     0     5     1490.00      731.00        0.00
     0     5     1500.00      733.00        0.00
     0     5     1508.00      735.00        0.00
     0     5     1514.00      737.00        0.00
     0     5     1520.00      739.00        0.00
     0     5     1526.00      741.00        0.00
     0     5     1534.00      741.00        0.00
     0     5     1540.00      743.00        0.00
     0     5     1546.00      745.00        0.00
     0     5     1552.00      747.00        0.00
     0     5     1558.00      749.00        0.00
     0     5     1564.00      753.00        0.00
     0     5     1570.00      757.00        0.00
     0     5     1576.00      761.00        0.00
     0     5     1580.00      765.00        0.00
     0     5     1584.00      771.00        0.00
     0     5     1588.00      777.00        0.00
     0     5     1590.00      783.00        0.00
     0     5     1592.00      789.00        0.00
     0     5     1594.00      797.00        0.00
     0     5     1596.00      805.00        0.00
     0     5     1596.00      811.00        0.00
     0     5     1598.00      817.00        0.00
     0     5     1598.00      823.00        0.00
     0     5     1600.00      829.00        0.00
     0     5     1602.00      835.00        0.00
     0     5     1602.00      841.00        0.00
     0     5     1602.00      847.00        0.00
     0     5     1604.00      853.00        0.00
     0     5     1604.00      859.00        0.00
     0     5     1606.00      865.00        0.00
     0     5     1608.00      871.00        0.00
     0     5     1612.00      877.00        0.00
     0     5     1614.00      885.00        0.00
     0     5     1616.00      891.00        0.00
     0     5     1620.00      897.00        0.00
     0     5     1622.00      903.00        0.00
     0     5     1626.00      911.00        0.00
     0     5     1630.00      919.00        0.00
     0     5     1632.00      925.00        0.00
     0     5     1636.00      933.00        0.00
     0     5     1638.00      939.00        0.00
     0     5     1642.00      945.00        0.00
     0     5     1646.00      951.00        0.00
     0     5     1650.00      959.00        0.00
     0     5     1654.00      967.00        0.00
     0     5     1658.00      975.00        0.00
     0     5     1662.00      983.00        0.00
     0     5     1668.00      993.00        0.00
     0     5     1672.00     1001.00        0.00
     0     5     1678.00     1009.00        0.00
     0     5     1686.00     1017.00        0.00
     0     5     1692.00     1027.00        0.00
     0     5     1698.00     1039.00        0.00
     0     5     1706.00     1049.00        0.00
     0     5     1712.00     1057.00        0.00
     0     5     1718.00     1065.00        0.00
     0     5     1722.00     1073.00        0.00
     0     5     1728.00     1079.00        0.00
     0     5     1734.00     1085.00        0.00
     0     5     1740.00     1089.00        0.00
     0     5     1744.00     1095.00        0.00
     0     5     1750.00     1103.00        0.00
     0     5     1756.00     1109.00        0.00
     0     5     1762.00     1117.00        0.00
     0     5     1770.00     1125.00        0.00
     0     5     1774.00     1131.00        0.00
     0     5     1780.00     1137.00        0.00
     0     5     1786.00     1145.00        0.00
     0     5     1792.00     1149.00        0.00
     0     5     1798.00     1157.00        0.00
     0     5     1804.00     1163.00        0.00
     0     5     1808.00     1167.00        0.00
     0     5     1814.00     1171.00        0.00
     0     5     1820.00     1177.00        0.00
     0     5     1824.00     1181.00        0.00
     0     5     1828.00     1187.00        0.00
     0     5     1830.00     1193.00        0.00
     0     5     1832.00     1199.00        0.00
     0     5     1836.00     1209.00        0.00
     0     5     1838.00     1215.00        0.00
     0     5     1840.00     1225.00        0.00
     0     5     1842.00     1233.00        0.00
     0     5     1842.00     1239.00        0.00
     0     5     1836.00     1235.00        0.00
     0     5     1832.00     1229.00        0.00
     0     5     1828.00     1223.00        0.00
     0     5     1826.00     1215.00        0.00
     0     5     1822.00     1207.00        0.00
     0     5     1820.00     1201.00        0.00
     0     5     1818.00     1195.00        0.00
     0     5     1814.00     1189.00        0.00
     0     5     1810.00     1185.00        0.00
     0     5     1808.00     1179.00        0.00
     0     5     1804.00     1175.00        0.00
     0     5     1798.00     1169.00        0.00
     0     5     1794.00     1161.00        0.00
     0     5     1790.00     1157.00        0.00
     0     5     1786.00     1151.00        0.00
     0     5     1780.00     1145.00        0.00
     0     5     1776.00     1139.00        0.00
     0     5     1772.00     1135.00        0.00
     0     5     1768.00     1131.00        0.00
     0     5     1764.00     1125.00        0.00
     0     5     1760.00     1121.00        0.00
     0     5     1756.00     1117.00        0.00
     0     5     1752.00     1113.00        0.00
     0     5     1748.00     1107.00        0.00
     0     5     1744.00     1103.00        0.00
     0     5     1740.00     1097.00        0.00
     0     5     1734.00     1093.00        0.00
     0     5     1728.00     1087.00        0.00
     0     5     1722.00     1079.00        0.00
     0     5     1718.00     1073.00        0.00
     0     5     1714.00     1065.00        0.00
     0     5     1710.00     1061.00        0.00
     0     5     1704.00     1053.00        0.00
     0     5     1698.00     1047.00        0.00
     0     5     1694.00     1041.00        0.00
     0     5     1688.00     1035.00        0.00
     0     5     1682.00     1031.00        0.00
     0     5     1674.00     1025.00        0.00
     0     5     1666.00     1021.00        0.00
     0     5     1658.00     1019.00        0.00
     0     5     1650.00     1015.00        0.00
     0     5     1642.00     1013.00        0.00
     0     5     1638.00     1009.00        0.00
     0     5     1632.00     1007.00        0.00
     0     5     1624.00     1003.00        0.00
     0     5     1618.00     1001.00        0.00
     0     5     1612.00      997.00        0.00
     0     5     1606.00      993.00        0.00
     0     5     1598.00      989.00        0.00
     0     5     1594.00      983.00        0.00
     0     5     1586.00      979.00        0.00
     0     5     1580.00      977.00        0.00
     0     5     1570.00      971.00        0.00
     0     5     1566.00      967.00        0.00
     0     5     1558.00      965.00        0.00
     0     5     1550.00      961.00        0.00
     0     5     1542.00      957.00        0.00
     0     5     1534.00      953.00        0.00
     0     5     1528.00      951.00        0.00
     0     5     1520.00      947.00        0.00
     0     5     1514.00      943.00        0.00
     0     5     1508.00      939.00        0.00
     0     5     1500.00      935.00        0.00
     0     5     1496.00      931.00        0.00
     0     5     1490.00      927.00        0.00
     0     5     1484.00      923.00        0.00
     0     5     1478.00      919.00        0.00
     0     5     1472.00      915.00        0.00
     0     5     1464.00      907.00        0.00
     0     5     1460.00      903.00        0.00
     0     5     1454.00      895.00        0.00
     0     5     1446.00      887.00        0.00
     0     5     1442.00      879.00        0.00
     0     5     1434.00      869.00        0.00
     0     5     1426.00      853.00        0.00
     0     5     1420.00      843.00        0.00
     0     5     1414.00      833.00        0.00
     0     5     1408.00      825.00        0.00
     0     5     1404.00      819.00        0.00
     0     5     1398.00      809.00        0.00
     0     5     1394.00      803.00        0.00
     0     5     1388.00      795.00        0.00
     0     5     1384.00      789.00        0.00
     0     5     1380.00      783.00        0.00
     0     5     1376.00      779.00        0.00
     0     5     1370.00      773.00        0.00
     0     5     1366.00      769.00        0.00
     0     5     1358.00      765.00        0.00
     0     5     1354.00      761.00        0.00
     0     5     1350.00      757.00        0.00
     0     5     1354.00      751.00        0.00
     0     5     1360.00      749.00        0.00
     0     5     1366.00      747.00        0.00
     0     5     1368.00      741.00        0.00
     0     5     1370.00      735.00        0.00
     0     5     1370.00      729.00        0.00
     0     5     1370.00      723.00        0.00
     0     5     1370.00      717.00        0.00
     0     5     1370.00      709.00        0.00
     0     5     1370.00      703.00        0.00
     0     5     1370.00      697.00        0.00
