     0     0      596.00     1041.00        0.00
     0     0      588.00     1029.00        0.00
     0     0      584.00     1025.00        0.00
     0     0      580.00     1019.00        0.00
     0     0      574.00     1015.00        0.00
     0     0      570.00     1011.00        0.00
     0     0      566.00     1007.00        0.00
     0     0      560.00     1003.00        0.00
     0     0      554.00      999.00        0.00
     0     0      548.00      997.00        0.00
     0     0      542.00      995.00        0.00
     0     0      534.00      995.00        0.00
     0     0      526.00      995.00        0.00
     0     0      520.00      995.00        0.00
     0     0      510.00      995.00        0.00
     0     0      502.00      995.00        0.00
     0     0      492.00      995.00        0.00
     0     0      486.00      995.00        0.00
     0     0      480.00      995.00        0.00
     0     0      470.00      995.00        0.00
     0     0      464.00      995.00        0.00
     0     0      458.00      997.00        0.00
     0     0      452.00     1001.00        0.00
     0     0      446.00     1005.00        0.00
     0     0      442.00     1011.00        0.00
     0     0      438.00     1017.00        0.00
     0     0      434.00     1021.00        0.00
     0     0      430.00     1027.00        0.00
     0     0      426.00     1031.00        0.00
     0     0      422.00     1035.00        0.00
     0     0      418.00     1039.00        0.00
     0     0      412.00     1043.00        0.00
     0     0      406.00     1047.00        0.00
     0     0      400.00     1049.00        0.00
     0     0      394.00     1053.00        0.00
     0     0      388.00     1053.00        0.00
     0     0      380.00     1055.00        0.00
     0     0      374.00     1055.00        0.00
     0     0      366.00     1053.00        0.00
     0     0      362.00     1047.00        0.00
     0     0      356.00     1043.00        0.00
     0     0      350.00     1037.00        0.00
     0     0      346.00     1029.00        0.00
     0     0      342.00     1025.00        0.00
     0     0      338.00     1021.00        0.00
     0     0      332.00     1019.00        0.00
     0     0      324.00     1015.00        0.00
     0     0      318.00     1015.00        0.00
     0     0      312.00     1013.00        0.00
     0     0      304.00     1013.00        0.00
     0     0      298.00     1013.00        0.00
     0     0      288.00     1015.00        0.00
     0     0      278.00     1015.00        0.00
     0     0      272.00     1019.00        0.00
     0     0      266.00     1025.00        0.00
     0     0      260.00     1027.00        0.00
     0     0      254.00     1031.00        0.00
     0     0      248.00     1033.00        0.00
     0     0      242.00     1035.00        0.00
     0     0      232.00     1037.00        0.00
     0     0      226.00     1039.00        0.00
     0     0      220.00     1039.00        0.00
     0     0      214.00     1037.00        0.00
     0     0      210.00     1033.00        0.00
     0     0      206.00     1029.00        0.00
     0     0      200.00     1023.00        0.00
     0     0      196.00     1015.00        0.00
     0     0      190.00     1005.00        0.00
     0     0      186.00      997.00        0.00
     0     0      184.00      991.00        0.00
     0     0      180.00      987.00        0.00
     0     0      176.00      983.00        0.00
     0     0      174.00      977.00        0.00
     0     0      172.00      971.00        0.00
     0     0      170.00      963.00        0.00
     0     0      170.00      957.00        0.00
     0     0      172.00      949.00        0.00
     0     0      174.00      941.00        0.00
     0     0      178.00      937.00        0.00
     0     0      178.00      931.00        0.00
     0     0      182.00      925.00        0.00
     0     0      186.00      919.00        0.00
     0     0      190.00      913.00        0.00
     0     0      194.00      905.00        0.00
     0     0      198.00      901.00        0.00
     0     0      200.00      895.00        0.00
     0     0      202.00      889.00        0.00
     0     0      206.00      885.00        0.00
     0     0      210.00      881.00        0.00
     0     0      214.00      877.00        0.00
     0     0      218.00      871.00        0.00
     0     0      222.00      867.00        0.00
     0     0      224.00      861.00        0.00
     0     0      228.00      857.00        0.00
     0     0      230.00      851.00        0.00
     0     0      236.00      847.00        0.00
     0     0      244.00      841.00        0.00
     0     0      248.00      837.00        0.00
     0     0      254.00      831.00        0.00
     0     0      260.00      827.00        0.00
     0     0      266.00      827.00        0.00
     0     0      272.00      827.00        0.00
     0     0      278.00      827.00        0.00
     0     0      284.00      827.00        0.00
     0     0      290.00      831.00        0.00
     0     0      298.00      833.00        0.00
     0     0      304.00      835.00        0.00
     0     0      310.00      837.00        0.00
     0     0      318.00      837.00        0.00
     0     0      326.00      839.00        0.00
     0     0      334.00      841.00        0.00
     0     0      342.00      843.00        0.00
     0     0      350.00      845.00        0.00
     0     0      356.00      847.00        0.00
     0     0      364.00      847.00        0.00
     0     0      370.00      849.00        0.00
     0     0      376.00      849.00        0.00
     0     0      382.00      851.00        0.00
     0     0      388.00      853.00        0.00
     0     0      394.00      853.00        0.00
     0     0      400.00      857.00        0.00
     0     0      406.00      859.00        0.00
     0     0      412.00      861.00        0.00
     0     0      418.00      863.00        0.00
     0     0      422.00      867.00        0.00
     0     0      428.00      869.00        0.00
     0     0      434.00      873.00        0.00
     0     0      440.00      875.00        0.00
     0     0      444.00      879.00        0.00
     0     0      448.00      883.00        0.00
     0     0      452.00      887.00        0.00
     0     0      456.00      893.00        0.00
     0     0      460.00      897.00        0.00
     0     0      464.00      903.00        0.00
     0     0      466.00      909.00        0.00
     0     0      470.00      913.00        0.00
     0     0      474.00      917.00        0.00
     0     0      478.00      921.00        0.00
     0     0      486.00      925.00        0.00
     0     0      494.00      929.00        0.00
     0     0      502.00      935.00        0.00
     0     0      508.00      937.00        0.00
     0     0      514.00      943.00        0.00
     0     0      518.00      947.00        0.00
     0     0      526.00      951.00        0.00
     0     0      530.00      955.00        0.00
     0     0      536.00      957.00        0.00
     0     0      540.00      961.00        0.00
     0     0      548.00      963.00        0.00
     0     0      552.00      967.00        0.00
     0     0      558.00      969.00        0.00
     0     0      564.00      971.00        0.00
     0     0      572.00      975.00        0.00
     0     0      580.00      977.00        0.00
     0     0      586.00      979.00        0.00
     0     0      594.00      981.00        0.00
     0     0      600.00      981.00        0.00
     0     0      606.00      983.00        0.00
     0     0      612.00      983.00        0.00
     0     0      618.00      985.00        0.00
     0     0      624.00      985.00        0.00
     0     0      630.00      987.00        0.00
     0     0      636.00      991.00        0.00
     0     0      640.00      997.00        0.00
     0     0      640.00     1003.00        0.00
     0     0      640.00     1009.00        0.00
     0     0      640.00     1015.00        0.00
     0     0      640.00     1021.00        0.00
     0     0      640.00     1027.00        0.00
     0     0      642.00     1033.00        0.00
     0     0      644.00     1039.00        0.00
     0     0      644.00     1045.00        0.00
     0     1      916.00     1087.00        0.00
     0     1      910.00     1089.00        0.00
     0     1      904.00     1093.00        0.00
     0     1      898.00     1093.00        0.00
     0     1      892.00     1095.00        0.00
     0     1      884.00     1097.00        0.00
     0     1      878.00     1097.00        0.00
     0     1      870.00     1097.00        0.00
     0     1      860.00     1097.00        0.00
     0     1      854.00     1097.00        0.00
     0     1      848.00     1097.00        0.00
     0     1      842.00     1099.00        0.00
     0     1      836.00     1101.00        0.00
     0     1      830.00     1103.00        0.00
     0     1      824.00     1107.00        0.00
     0     1      818.00     1111.00        0.00
     0     1      812.00     1115.00        0.00
     0     1      808.00     1119.00        0.00
     0     1      804.00     1123.00        0.00
     0     1      800.00     1129.00        0.00
     0     1      798.00     1135.00        0.00
     0     1      792.00     1139.00        0.00
     0     1      788.00     1143.00        0.00
     0     1      784.00     1147.00        0.00
     0     1      780.00     1151.00        0.00
     0     1      778.00     1157.00        0.00
     0     1      774.00     1161.00        0.00
     0     1      772.00     1167.00        0.00
     0     1      770.00     1173.00        0.00
     0     1      768.00     1179.00        0.00
     0     1      766.00     1185.00        0.00
     0     1      762.00     1191.00        0.00
     0     1      762.00     1197.00        0.00
     0     1      760.00     1205.00        0.00
     0     1      760.00     1213.00        0.00
     0     1      760.00     1219.00        0.00
     0     1      758.00     1225.00        0.00
     0     1      756.00     1231.00        0.00
     0     1      750.00     1235.00        0.00
     0     1      744.00     1237.00        0.00
     0     1      738.00     1237.00        0.00
     0     1      732.00     1237.00        0.00
     0     1      726.00     1237.00        0.00
     0     1      722.00     1233.00        0.00
     0     1      716.00     1231.00        0.00
     0     1      710.00     1227.00        0.00
     0     1      704.00     1225.00        0.00
     0     1      698.00     1223.00        0.00
     0     1      692.00     1223.00        0.00
     0     1      686.00     1221.00        0.00
     0     1      678.00     1221.00        0.00
     0     1      672.00     1221.00        0.00
     0     1      670.00     1213.00        0.00
     0     1      674.00     1209.00        0.00
     0     1      680.00     1203.00        0.00
     0     1      686.00     1197.00        0.00
     0     1      692.00     1193.00        0.00
     0     1      698.00     1189.00        0.00
     0     1      706.00     1183.00        0.00
     0     1      712.00     1179.00        0.00
     0     1      720.00     1173.00        0.00
     0     1      726.00     1169.00        0.00
     0     1      732.00     1163.00        0.00
     0     1      738.00     1159.00        0.00
     0     1      742.00     1153.00        0.00
     0     1      748.00     1149.00        0.00
     0     1      754.00     1143.00        0.00
     0     1      758.00     1139.00        0.00
     0     1      762.00     1135.00        0.00
     0     1      766.00     1131.00        0.00
     0     1      772.00     1125.00        0.00
     0     1      776.00     1121.00        0.00
     0     1      780.00     1115.00        0.00
     0     1      784.00     1111.00        0.00
     0     1      790.00     1107.00        0.00
     0     1      792.00     1101.00        0.00
     0     1      798.00     1091.00        0.00
     0     1      802.00     1085.00        0.00
     0     1      806.00     1079.00        0.00
     0     1      812.00     1071.00        0.00
     0     1      814.00     1065.00        0.00
     0     1      820.00     1059.00        0.00
     0     1      826.00     1051.00        0.00
     0     1      830.00     1047.00        0.00
     0     1      834.00     1041.00        0.00
     0     1      840.00     1033.00        0.00
     0     1      844.00     1029.00        0.00
     0     1      848.00     1023.00        0.00
     0     1      854.00     1017.00        0.00
     0     1      858.00     1013.00        0.00
     0     1      862.00     1009.00        0.00
     0     1      866.00     1003.00        0.00
     0     1      870.00      999.00        0.00
     0     1      874.00      995.00        0.00
     0     1      878.00      991.00        0.00
     0     1      884.00      985.00        0.00
     0     1      890.00      979.00        0.00
     0     1      894.00      975.00        0.00
     0     1      898.00      971.00        0.00
     0     1      902.00      967.00        0.00
     0     1      906.00      963.00        0.00
     0     1      908.00      957.00        0.00
     0     1      910.00      951.00        0.00
     0     1      916.00      947.00        0.00
     0     1      922.00      943.00        0.00
     0     1      928.00      941.00        0.00
     0     1      934.00      941.00        0.00
     0     1      944.00      941.00        0.00
     0     1      950.00      941.00        0.00
     0     1      956.00      941.00        0.00
     0     1      962.00      941.00        0.00
     0     1      968.00      941.00        0.00
     0     1      974.00      941.00        0.00
     0     1      982.00      941.00        0.00
     0     1      984.00      947.00        0.00
     0     1      980.00      951.00        0.00
     0     1      974.00      957.00        0.00
     0     1      970.00      965.00        0.00
     0     1      966.00      969.00        0.00
     0     1      960.00      975.00        0.00
     0     1      956.00      981.00        0.00
     0     1      952.00      989.00        0.00
     0     1      950.00      995.00        0.00
     0     1      948.00     1001.00        0.00
     0     1      946.00     1009.00        0.00
     0     1      942.00     1013.00        0.00
     0     1      940.00     1021.00        0.00
     0     1      940.00     1027.00        0.00
     0     1      940.00     1033.00        0.00
     0     1      938.00     1039.00        0.00
     0     2     1062.00      761.00        0.00
     0     2     1066.00      777.00        0.00
     0     2     1070.00      785.00        0.00
     0     2     1074.00      791.00        0.00
     0     2     1078.00      797.00        0.00
     0     2     1082.00      801.00        0.00
     0     2     1086.00      805.00        0.00
     0     2     1090.00      809.00        0.00
     0     2     1094.00      815.00        0.00
     0     2     1100.00      819.00        0.00
     0     2     1106.00      823.00        0.00
     0     2     1112.00      827.00        0.00
     0     2     1118.00      831.00        0.00
     0     2     1122.00      835.00        0.00
     0     2     1126.00      841.00        0.00
     0     2     1126.00      847.00        0.00
     0     2     1126.00      853.00        0.00
     0     2     1124.00      861.00        0.00
     0     2     1120.00      865.00        0.00
     0     2     1118.00      873.00        0.00
     0     2     1114.00      881.00        0.00
     0     2     1112.00      887.00        0.00
     0     2     1110.00      893.00        0.00
     0     2     1110.00      899.00        0.00
     0     2     1106.00      905.00        0.00
     0     2     1100.00      907.00        0.00
     0     2     1094.00      909.00        0.00
     0     2     1088.00      909.00        0.00
     0     2     1082.00      909.00        0.00
     0     2     1076.00      909.00        0.00
     0     2     1070.00      911.00        0.00
     0     2     1064.00      913.00        0.00
     0     2     1058.00      915.00        0.00
     0     2     1052.00      915.00        0.00
     0     2     1044.00      915.00        0.00
     0     2     1038.00      917.00        0.00
     0     2     1032.00      921.00        0.00
     0     2     1026.00      925.00        0.00
     0     2     1018.00      925.00        0.00
     0     2     1012.00      927.00        0.00
     0     2     1004.00      927.00        0.00
     0     2      998.00      929.00        0.00
     0     2      992.00      929.00        0.00
     0     2      986.00      929.00        0.00
     0     2      978.00      929.00        0.00
     0     2      972.00      929.00        0.00
     0     2      966.00      929.00        0.00
     0     2      960.00      931.00        0.00
     0     2      954.00      931.00        0.00
     0     2      946.00      929.00        0.00
     0     2      940.00      927.00        0.00
     0     2      934.00      925.00        0.00
     0     2      928.00      923.00        0.00
     0     2      922.00      921.00        0.00
     0     2      916.00      919.00        0.00
     0     2      912.00      915.00        0.00
     0     2      908.00      911.00        0.00
     0     2      902.00      907.00        0.00
     0     2      898.00      903.00        0.00
     0     2      892.00      899.00        0.00
     0     2      886.00      897.00        0.00
     0     2      882.00      893.00        0.00
     0     2      876.00      891.00        0.00
     0     2      870.00      889.00        0.00
     0     2      864.00      887.00        0.00
     0     2      858.00      885.00        0.00
     0     2      852.00      883.00        0.00
     0     2      846.00      881.00        0.00
     0     2      838.00      881.00        0.00
     0     2      830.00      879.00        0.00
     0     2      822.00      879.00        0.00
     0     2      810.00      877.00        0.00
     0     2      804.00      877.00        0.00
     0     2      798.00      877.00        0.00
     0     2      792.00      873.00        0.00
     0     2      786.00      871.00        0.00
     0     2      778.00      869.00        0.00
     0     2      772.00      867.00        0.00
     0     2      766.00      865.00        0.00
     0     2      758.00      863.00        0.00
     0     2      750.00      859.00        0.00
     0     2      744.00      855.00        0.00
     0     2      740.00      851.00        0.00
     0     2      736.00      847.00        0.00
     0     2      736.00      841.00        0.00
     0     2      734.00      833.00        0.00
     0     2      734.00      827.00        0.00
     0     2      734.00      821.00        0.00
     0     2      736.00      815.00        0.00
     0     2      736.00      809.00        0.00
     0     2      738.00      803.00        0.00
     0     2      738.00      797.00        0.00
     0     2      738.00      791.00        0.00
     0     2      738.00      785.00        0.00
     0     2      738.00      779.00        0.00
     0     2      740.00      773.00        0.00
     0     2      740.00      767.00        0.00
     0     2      740.00      759.00        0.00
     0     2      740.00      753.00        0.00
     0     2      742.00      747.00        0.00
     0     2      744.00      741.00        0.00
     0     2      746.00      735.00        0.00
     0     2      748.00      729.00        0.00
     0     2      752.00      725.00        0.00
     0     2      754.00      719.00        0.00
     0     2      758.00      715.00        0.00
     0     2      760.00      709.00        0.00
     0     2      766.00      705.00        0.00
     0     2      772.00      705.00        0.00
     0     2      782.00      703.00        0.00
     0     2      788.00      703.00        0.00
     0     2      794.00      705.00        0.00
     0     2      798.00      709.00        0.00
     0     2      804.00      711.00        0.00
     0     2      810.00      715.00        0.00
     0     2      816.00      717.00        0.00
     0     2      824.00      719.00        0.00
     0     2      832.00      721.00        0.00
     0     2      840.00      723.00        0.00
     0     2      850.00      725.00        0.00
     0     2      858.00      725.00        0.00
     0     2      864.00      725.00        0.00
     0     2      870.00      727.00        0.00
     0     2      878.00      727.00        0.00
     0     2      884.00      725.00        0.00
     0     2      890.00      721.00        0.00
     0     2      896.00      717.00        0.00
     0     2      904.00      711.00        0.00
     0     2      910.00      705.00        0.00
     0     2      920.00      699.00        0.00
     0     2      926.00      697.00        0.00
     0     2      930.00      693.00        0.00
     0     2      938.00      687.00        0.00
     0     2      944.00      685.00        0.00
     0     2      952.00      681.00        0.00
     0     2      958.00      677.00        0.00
     0     2      964.00      675.00        0.00
     0     2      972.00      675.00        0.00
     0     2      978.00      675.00        0.00
     0     2      984.00      675.00        0.00
     0     2      992.00      679.00        0.00
     0     2      996.00      683.00        0.00
     0     2     1002.00      687.00        0.00
     0     2     1010.00      689.00        0.00
     0     2     1018.00      689.00        0.00
     0     2     1024.00      689.00        0.00
     0     2     1030.00      689.00        0.00
     0     2     1038.00      691.00        0.00
     0     2     1044.00      691.00        0.00
     0     2     1052.00      693.00        0.00
     0     2     1058.00      693.00        0.00
     0     2     1064.00      697.00        0.00
     0     2     1070.00      701.00        0.00
     0     2     1074.00      709.00        0.00
     0     2     1078.00      713.00        0.00
     0     2     1080.00      719.00        0.00
     0     2     1082.00      725.00        0.00
     0     3     1370.00     1031.00        0.00
     0     3     1390.00     1031.00        0.00
     0     3     1396.00     1029.00        0.00
     0     3     1406.00     1029.00        0.00
     0     3     1416.00     1025.00        0.00
     0     3     1422.00     1023.00        0.00
     0     3     1430.00     1019.00        0.00
     0     3     1436.00     1015.00        0.00
     0     3     1442.00     1011.00        0.00
     0     3     1452.00     1007.00        0.00
     0     3     1458.00     1003.00        0.00
     0     3     1466.00      999.00        0.00
     0     3     1474.00      997.00        0.00
     0     3     1480.00      993.00        0.00
     0     3     1486.00      991.00        0.00
     0     3     1496.00      985.00        0.00
     0     3     1502.00      983.00        0.00
     0     3     1510.00      977.00        0.00
     0     3     1516.00      975.00        0.00
     0     3     1522.00      973.00        0.00
     0     3     1528.00      971.00        0.00
     0     3     1536.00      969.00        0.00
     0     3     1542.00      969.00        0.00
     0     3     1548.00      969.00        0.00
     0     3     1554.00      969.00        0.00
     0     3     1558.00      973.00        0.00
     0     3     1562.00      979.00        0.00
     0     3     1562.00      985.00        0.00
     0     3     1564.00      991.00        0.00
     0     3     1564.00      997.00        0.00
     0     3     1564.00     1003.00        0.00
     0     3     1564.00     1009.00        0.00
     0     3     1564.00     1015.00        0.00
     0     3     1564.00     1021.00        0.00
     0     3     1568.00     1025.00        0.00
     0     3     1572.00     1029.00        0.00
     0     3     1578.00     1037.00        0.00
     0     3     1580.00     1043.00        0.00
     0     3     1580.00     1049.00        0.00
     0     3     1580.00     1057.00        0.00
     0     3     1580.00     1063.00        0.00
     0     3     1580.00     1069.00        0.00
     0     3     1578.00     1077.00        0.00
     0     3     1576.00     1083.00        0.00
     0     3     1574.00     1089.00        0.00
     0     3     1572.00     1095.00        0.00
     0     3     1570.00     1103.00        0.00
     0     3     1568.00     1109.00        0.00
     0     3     1564.00     1113.00        0.00
     0     3     1562.00     1119.00        0.00
     0     3     1560.00     1125.00        0.00
     0     3     1556.00     1129.00        0.00
     0     3     1550.00     1135.00        0.00
     0     3     1544.00     1141.00        0.00
     0     3     1538.00     1145.00        0.00
     0     3     1528.00     1151.00        0.00
     0     3     1518.00     1155.00        0.00
     0     3     1514.00     1159.00        0.00
     0     3     1510.00     1165.00        0.00
     0     3     1506.00     1169.00        0.00
     0     3     1502.00     1175.00        0.00
     0     3     1496.00     1181.00        0.00
     0     3     1492.00     1185.00        0.00
     0     3     1490.00     1191.00        0.00
     0     3     1486.00     1199.00        0.00
     0     3     1482.00     1207.00        0.00
     0     3     1478.00     1213.00        0.00
     0     3     1472.00     1219.00        0.00
     0     3     1468.00     1223.00        0.00
     0     3     1464.00     1229.00        0.00
     0     3     1460.00     1233.00        0.00
     0     3     1454.00     1237.00        0.00
     0     3     1448.00     1243.00        0.00
     0     3     1440.00     1249.00        0.00
     0     3     1434.00     1253.00        0.00
     0     3     1428.00     1253.00        0.00
     0     3     1422.00     1255.00        0.00
     0     3     1414.00     1257.00        0.00
     0     3     1406.00     1259.00        0.00
     0     3     1400.00     1259.00        0.00
     0     3     1394.00     1259.00        0.00
     0     3     1386.00     1259.00        0.00
     0     3     1378.00     1259.00        0.00
     0     3     1372.00     1259.00        0.00
     0     3     1366.00     1257.00        0.00
     0     3     1360.00     1255.00        0.00
     0     3     1358.00     1249.00        0.00
     0     3     1354.00     1243.00        0.00
     0     3     1354.00     1235.00        0.00
     0     3     1354.00     1227.00        0.00
     0     3     1354.00     1219.00        0.00
     0     3     1354.00     1213.00        0.00
     0     3     1348.00     1209.00        0.00
     0     3     1342.00     1207.00        0.00
     0     3     1336.00     1203.00        0.00
     0     3     1330.00     1201.00        0.00
     0     3     1322.00     1199.00        0.00
     0     3     1316.00     1195.00        0.00
     0     3     1310.00     1193.00        0.00
     0     3     1300.00     1189.00        0.00
     0     3     1294.00     1185.00        0.00
     0     3     1290.00     1181.00        0.00
     0     3     1286.00     1177.00        0.00
     0     3     1284.00     1169.00        0.00
     0     3     1284.00     1161.00        0.00
     0     3     1284.00     1155.00        0.00
     0     3     1284.00     1147.00        0.00
     0     3     1286.00     1139.00        0.00
     0     3     1288.00     1133.00        0.00
     0     3     1290.00     1125.00        0.00
     0     3     1290.00     1117.00        0.00
     0     3     1292.00     1111.00        0.00
     0     3     1294.00     1105.00        0.00
     0     3     1296.00     1099.00        0.00
     0     3     1298.00     1093.00        0.00
     0     3     1302.00     1085.00        0.00
     0     3     1306.00     1077.00        0.00
     0     3     1310.00     1071.00        0.00
     0     4     1818.00      605.00        0.00
     0     4     1806.00      597.00        0.00
     0     4     1802.00      591.00        0.00
     0     4     1798.00      585.00        0.00
     0     4     1794.00      579.00        0.00
     0     4     1790.00      573.00        0.00
     0     4     1786.00      567.00        0.00
     0     4     1782.00      561.00        0.00
     0     4     1776.00      557.00        0.00
     0     4     1774.00      551.00        0.00
     0     4     1770.00      547.00        0.00
     0     4     1766.00      543.00        0.00
     0     4     1762.00      539.00        0.00
     0     4     1758.00      533.00        0.00
     0     4     1754.00      529.00        0.00
     0     4     1750.00      525.00        0.00
     0     4     1744.00      521.00        0.00
     0     4     1740.00      517.00        0.00
     0     4     1734.00      511.00        0.00
     0     4     1728.00      509.00        0.00
     0     4     1722.00      509.00        0.00
     0     4     1714.00      507.00        0.00
     0     4     1708.00      507.00        0.00
     0     4     1700.00      509.00        0.00
     0     4     1692.00      513.00        0.00
     0     4     1684.00      515.00        0.00
     0     4     1676.00      517.00        0.00
     0     4     1670.00      519.00        0.00
     0     4     1664.00      519.00        0.00
     0     4     1658.00      519.00        0.00
     0     4     1652.00      515.00        0.00
     0     4     1648.00      511.00        0.00
     0     4     1644.00      505.00        0.00
     0     4     1640.00      499.00        0.00
     0     4     1638.00      491.00        0.00
     0     4     1636.00      485.00        0.00
     0     4     1634.00      479.00        0.00
     0     4     1632.00      471.00        0.00
     0     4     1628.00      465.00        0.00
     0     4     1626.00      459.00        0.00
     0     4     1622.00      453.00        0.00
     0     4     1618.00      447.00        0.00
     0     4     1614.00      441.00        0.00
     0     4     1610.00      437.00        0.00
     0     4     1608.00      429.00        0.00
     0     4     1606.00      419.00        0.00
     0     4     1606.00      411.00        0.00
     0     4     1608.00      403.00        0.00
     0     4     1608.00      397.00        0.00
     0     4     1606.00      389.00        0.00
     0     4     1606.00      383.00        0.00
     0     4     1604.00      375.00        0.00
     0     4     1604.00      367.00        0.00
     0     4     1602.00      361.00        0.00
     0     4     1602.00      353.00        0.00
     0     4     1602.00      347.00        0.00
     0     4     1606.00      337.00        0.00
     0     4     1610.00      331.00        0.00
     0     4     1614.00      325.00        0.00
     0     4     1620.00      317.00        0.00
     0     4     1624.00      313.00        0.00
     0     4     1634.00      307.00        0.00
     0     4     1642.00      301.00        0.00
     0     4     1646.00      295.00        0.00
     0     4     1652.00      291.00        0.00
     0     4     1656.00      281.00        0.00
     0     4     1660.00      275.00        0.00
     0     4     1664.00      269.00        0.00
     0     4     1668.00      265.00        0.00
     0     4     1670.00      259.00        0.00
     0     4     1676.00      255.00        0.00
     0     4     1686.00      253.00        0.00
     0     4     1694.00      249.00        0.00
     0     4     1704.00      249.00        0.00
     0     4     1710.00      249.00        0.00
     0     4     1716.00      247.00        0.00
     0     4     1722.00      247.00        0.00
     0     4     1728.00      245.00        0.00
     0     4     1734.00      245.00        0.00
     0     4     1740.00      247.00        0.00
     0     4     1748.00      251.00        0.00
     0     4     1754.00      255.00        0.00
     0     4     1758.00      261.00        0.00
     0     4     1762.00      265.00        0.00
     0     4     1766.00      269.00        0.00
     0     4     1772.00      275.00        0.00
     0     4     1776.00      281.00        0.00
     0     4     1780.00      285.00        0.00
     0     4     1786.00      289.00        0.00
     0     4     1792.00      293.00        0.00
     0     4     1796.00      297.00        0.00
     0     4     1800.00      301.00        0.00
     0     4     1806.00      305.00        0.00
     0     4     1810.00      309.00        0.00
     0     4     1814.00      315.00        0.00
     0     4     1818.00      323.00        0.00
     0     4     1822.00      329.00        0.00
     0     4     1826.00      333.00        0.00
     0     4     1832.00      335.00        0.00
     0     4     1840.00      339.00        0.00
     0     4     1848.00      341.00        0.00
     0     4     1854.00      343.00        0.00
     0     4     1862.00      347.00        0.00
     0     4     1870.00      349.00        0.00
     0     4     1874.00      353.00        0.00
     0     4     1880.00      357.00        0.00
     0     4     1884.00      361.00        0.00
     0     4     1890.00      369.00        0.00
     0     4     1894.00      375.00        0.00
     0     4     1898.00      383.00        0.00
     0     4     1900.00      389.00        0.00
     0     4     1900.00      395.00        0.00
     0     4     1900.00      401.00        0.00
     0     4     1900.00      407.00        0.00
     0     4     1898.00      413.00        0.00
     0     4     1892.00      417.00        0.00
     0     4     1886.00      419.00        0.00
     0     4     1880.00      423.00        0.00
     0     4     1872.00      425.00        0.00
     0     4     1864.00      427.00        0.00
     0     4     1858.00      429.00        0.00
     0     4     1850.00      433.00        0.00
     0     4     1842.00      437.00        0.00
     0     4     1838.00      441.00        0.00
     0     4     1834.00      445.00        0.00
     0     4     1832.00      451.00        0.00
     0     4     1830.00      457.00        0.00
     0     4     1828.00      465.00        0.00
     0     4     1826.00      471.00        0.00
     0     4     1826.00      477.00        0.00
     0     4     1824.00      485.00        0.00
     0     4     1824.00      491.00        0.00
     0     4     1822.00      497.00        0.00
     0     4     1820.00      503.00        0.00
     0     4     1820.00      509.00        0.00
     0     4     1820.00      515.00        0.00
     0     4     1818.00      521.00        0.00
     0     4     1818.00      527.00        0.00
     0     5     1724.00      653.00        0.00
     0     5     1736.00      663.00        0.00
     0     5     1740.00      667.00        0.00
     0     5     1744.00      671.00        0.00
     0     5     1748.00      675.00        0.00
     0     5     1754.00      679.00        0.00
     0     5     1760.00      679.00        0.00
     0     5     1766.00      677.00        0.00
     0     5     1772.00      677.00        0.00
     0     5     1778.00      679.00        0.00
     0     5     1784.00      683.00        0.00
     0     5     1788.00      687.00        0.00
     0     5     1792.00      693.00        0.00
     0     5     1796.00      701.00        0.00
     0     5     1798.00      707.00        0.00
     0     5     1800.00      715.00        0.00
     0     5     1800.00      723.00        0.00
     0     5     1800.00      731.00        0.00
     0     5     1800.00      739.00        0.00
     0     5     1800.00      747.00        0.00
     0     5     1798.00      755.00        0.00
     0     5     1794.00      765.00        0.00
     0     5     1792.00      773.00        0.00
     0     5     1790.00      779.00        0.00
     0     5     1788.00      785.00        0.00
     0     5     1786.00      791.00        0.00
     0     5     1786.00      797.00        0.00
     0     5     1786.00      803.00        0.00
     0     5     1790.00      811.00        0.00
     0     5     1792.00      817.00        0.00
     0     5     1796.00      823.00        0.00
     0     5     1798.00      829.00        0.00
     0     5     1802.00      833.00        0.00
     0     5     1806.00      841.00        0.00
     0     5     1810.00      845.00        0.00
     0     5     1814.00      851.00        0.00
     0     5     1818.00      855.00        0.00
     0     5     1822.00      859.00        0.00
     0     5     1826.00      863.00        0.00
     0     5     1830.00      867.00        0.00
     0     5     1836.00      873.00        0.00
     0     5     1842.00      877.00        0.00
     0     5     1850.00      881.00        0.00
     0     5     1856.00      883.00        0.00
     0     5     1866.00      887.00        0.00
     0     5     1878.00      891.00        0.00
     0     5     1886.00      893.00        0.00
     0     5     1896.00      895.00        0.00
     0     5     1902.00      897.00        0.00
     0     5     1908.00      899.00        0.00
     0     5     1914.00      901.00        0.00
     0     5     1920.00      903.00        0.00
     0     5     1926.00      907.00        0.00
     0     5     1932.00      911.00        0.00
     0     5     1926.00      913.00        0.00
     0     5     1920.00      911.00        0.00
     0     5     1910.00      909.00        0.00
     0     5     1898.00      907.00        0.00
     0     5     1890.00      907.00        0.00
     0     5     1884.00      905.00        0.00
     0     5     1872.00      903.00        0.00
     0     5     1866.00      903.00        0.00
     0     5     1860.00      901.00        0.00
     0     5     1852.00      901.00        0.00
     0     5     1844.00      899.00        0.00
     0     5     1836.00      897.00        0.00
     0     5     1830.00      897.00        0.00
     0     5     1824.00      895.00        0.00
     0     5     1818.00      895.00        0.00
     0     5     1810.00      893.00        0.00
     0     5     1802.00      891.00        0.00
     0     5     1790.00      889.00        0.00
     0     5     1782.00      887.00        0.00
     0     5     1776.00      885.00        0.00
     0     5     1768.00      881.00        0.00
     0     5     1760.00      877.00        0.00
     0     5     1754.00      875.00        0.00
     0     5     1744.00      871.00        0.00
     0     5     1738.00      869.00        0.00
     0     5     1730.00      865.00        0.00
     0     5     1722.00      861.00        0.00
     0     5     1716.00      857.00        0.00
     0     5     1710.00      851.00        0.00
     0     5     1704.00      845.00        0.00
     0     5     1696.00      837.00        0.00
     0     5     1690.00      829.00        0.00
     0     5     1686.00      823.00        0.00
     0     5     1682.00      819.00        0.00
     0     5     1678.00      809.00        0.00
     0     5     1674.00      805.00        0.00
     0     5     1670.00      797.00        0.00
     0     5     1664.00      793.00        0.00
     0     5     1660.00      789.00        0.00
     0     5     1656.00      785.00        0.00
     0     5     1652.00      781.00        0.00
     0     5     1646.00      779.00        0.00
     0     5     1644.00      773.00        0.00
     0     5     1646.00      765.00        0.00
     0     5     1650.00      761.00        0.00
     0     5     1654.00      757.00        0.00
     0     5     1658.00      751.00        0.00
     0     5     1662.00      745.00        0.00
     0     5     1668.00      737.00        0.00
     0     5     1672.00      731.00        0.00
     0     5     1672.00      725.00        0.00
     0     5     1674.00      719.00        0.00
     0     5     1678.00      715.00        0.00
     0     5     1684.00      709.00        0.00
     0     5     1688.00      705.00        0.00
     0     5     1692.00      701.00        0.00
     0     5     1696.00      695.00        0.00
     0     5     1700.00      687.00        0.00
     0     5     1704.00      679.00        0.00
     0     5     1708.00      673.00        0.00
     0     6      858.00      699.00        0.00
     0     6      858.00      685.00        0.00
     0     6      858.00      679.00        0.00
     0     6      858.00      673.00        0.00
     0     6      854.00      667.00        0.00
     0     6      848.00      665.00        0.00
     0     6      842.00      663.00        0.00
     0     6      834.00      661.00        0.00
     0     6      828.00      659.00        0.00
     0     6      822.00      659.00        0.00
     0     6      816.00      657.00        0.00
     0     6      810.00      657.00        0.00
     0     6      802.00      657.00        0.00
     0     6      794.00      659.00        0.00
     0     6      788.00      661.00        0.00
     0     6      782.00      663.00        0.00
     0     6      770.00      665.00        0.00
     0     6      762.00      667.00        0.00
     0     6      754.00      669.00        0.00
     0     6      748.00      671.00        0.00
     0     6      742.00      671.00        0.00
     0     6      732.00      671.00        0.00
     0     6      722.00      673.00        0.00
     0     6      716.00      673.00        0.00
     0     6      724.00      673.00        0.00
     0     6      732.00      671.00        0.00
     0     6      740.00      671.00        0.00
     0     6      752.00      669.00        0.00
     0     6      758.00      667.00        0.00
     0     6      768.00      665.00        0.00
     0     6      776.00      665.00        0.00
     0     6      782.00      661.00        0.00
     0     6      790.00      659.00        0.00
     0     6      796.00      657.00        0.00
     0     6      802.00      655.00        0.00
     0     6      808.00      653.00        0.00
     0     6      814.00      651.00        0.00
     0     6      820.00      649.00        0.00
     0     6      828.00      645.00        0.00
     0     6      834.00      641.00        0.00
     0     6      842.00      637.00        0.00
     0     6      846.00      633.00        0.00
     0     6      854.00      629.00        0.00
     0     6      858.00      625.00        0.00
     0     6      864.00      621.00        0.00
     0     6      872.00      617.00        0.00
     0     6      878.00      613.00        0.00
     0     6      882.00      609.00        0.00
     0     6      888.00      605.00        0.00
     0     6      892.00      601.00        0.00
     0     6      896.00      595.00        0.00
     0     6      900.00      589.00        0.00
     0     6      902.00      583.00        0.00
     0     6      904.00      577.00        0.00
     0     6      908.00      571.00        0.00
     0     6      910.00      565.00        0.00
     0     6      914.00      561.00        0.00
     0     6      918.00      553.00        0.00
     0     6      922.00      547.00        0.00
     0     6      926.00      543.00        0.00
     0     6      930.00      537.00        0.00
     0     6      936.00      533.00        0.00
     0     6      942.00      533.00        0.00
     0     6      950.00      531.00        0.00
     0     6      956.00      531.00        0.00
     0     6      962.00      531.00        0.00
     0     6      968.00      531.00        0.00
     0     6      974.00      531.00        0.00
     0     6      980.00      529.00        0.00
     0     6      986.00      529.00        0.00
     0     6      992.00      527.00        0.00
     0     6      998.00      527.00        0.00
     0     6     1006.00      527.00        0.00
     0     6     1012.00      527.00        0.00
     0     6     1018.00      529.00        0.00
     0     6     1024.00      529.00        0.00
     0     6     1030.00      531.00        0.00
     0     6     1036.00      535.00        0.00
     0     6     1042.00      537.00        0.00
     0     6     1048.00      541.00        0.00
     0     6     1052.00      545.00        0.00
     0     6     1052.00      551.00        0.00
     0     6     1048.00      559.00        0.00
     0     6     1044.00      565.00        0.00
     0     6     1040.00      569.00        0.00
     0     6     1036.00      577.00        0.00
     0     6     1032.00      581.00        0.00
     0     6     1028.00      585.00        0.00
     0     6     1022.00      591.00        0.00
     0     6     1018.00      595.00        0.00
     0     6     1012.00      599.00        0.00
     0     6     1006.00      605.00        0.00
     0     6     1002.00      609.00        0.00
     0     6      998.00      613.00        0.00
     0     6      994.00      617.00        0.00
     0     6      990.00      621.00        0.00
     0     6      986.00      625.00        0.00
     0     6      982.00      629.00        0.00
     0     6      978.00      633.00        0.00
     0     6      972.00      637.00        0.00
     0     6      968.00      641.00        0.00
     0     7      536.00      539.00        0.00
     0     7      548.00      557.00        0.00
     0     7      552.00      563.00        0.00
     0     7      556.00      569.00        0.00
     0     7      560.00      573.00        0.00
     0     7      564.00      579.00        0.00
     0     7      568.00      583.00        0.00
     0     7      572.00      589.00        0.00
     0     7      576.00      593.00        0.00
     0     7      582.00      599.00        0.00
     0     7      586.00      603.00        0.00
     0     7      590.00      607.00        0.00
     0     7      596.00      611.00        0.00
     0     7      602.00      617.00        0.00
     0     7      608.00      621.00        0.00
     0     7      612.00      627.00        0.00
     0     7      618.00      631.00        0.00
     0     7      622.00      635.00        0.00
     0     7      626.00      639.00        0.00
     0     7      630.00      643.00        0.00
     0     7      634.00      647.00        0.00
     0     7      640.00      653.00        0.00
     0     7      646.00      659.00        0.00
     0     7      652.00      665.00        0.00
     0     7      656.00      669.00        0.00
     0     7      662.00      673.00        0.00
     0     7      668.00      677.00        0.00
     0     7      674.00      681.00        0.00
     0     7      678.00      685.00        0.00
     0     7      686.00      689.00        0.00
     0     7      690.00      693.00        0.00
     0     7      694.00      697.00        0.00
     0     7      700.00      701.00        0.00
     0     7      704.00      707.00        0.00
     0     7      710.00      711.00        0.00
     0     7      712.00      717.00        0.00
     0     7      712.00      725.00        0.00
     0     7      710.00      731.00        0.00
     0     7      708.00      737.00        0.00
     0     7      704.00      741.00        0.00
     0     7      700.00      745.00        0.00
     0     7      694.00      751.00        0.00
     0     7      688.00      753.00        0.00
     0     7      680.00      753.00        0.00
     0     7      674.00      757.00        0.00
     0     7      668.00      759.00        0.00
     0     7      660.00      761.00        0.00
     0     7      654.00      765.00        0.00
     0     7      648.00      767.00        0.00
     0     7      642.00      769.00        0.00
     0     7      636.00      771.00        0.00
     0     7      630.00      773.00        0.00
     0     7      622.00      775.00        0.00
     0     7      616.00      775.00        0.00
     0     7      608.00      775.00        0.00
     0     7      600.00      775.00        0.00
     0     7      592.00      775.00        0.00
     0     7      586.00      773.00        0.00
     0     7      580.00      773.00        0.00
     0     7      574.00      769.00        0.00
     0     7      568.00      765.00        0.00
     0     7      566.00      759.00        0.00
     0     7      564.00      753.00        0.00
     0     7      560.00      747.00        0.00
     0     7      558.00      737.00        0.00
     0     7      556.00      731.00        0.00
     0     7      554.00      723.00        0.00
     0     7      554.00      715.00        0.00
     0     7      552.00      707.00        0.00
     0     7      550.00      697.00        0.00
     0     7      550.00      691.00        0.00
     0     7      548.00      683.00        0.00
     0     7      546.00      675.00        0.00
     0     7      544.00      669.00        0.00
     0     7      542.00      663.00        0.00
     0     7      540.00      657.00        0.00
     0     7      536.00      649.00        0.00
     0     7      532.00      643.00        0.00
     0     7      530.00      637.00        0.00
     0     7      526.00      633.00        0.00
     0     7      522.00      627.00        0.00
     0     7      518.00      621.00        0.00
     0     7      514.00      617.00        0.00
     0     7      508.00      613.00        0.00
     0     7      500.00      609.00        0.00
     0     7      494.00      605.00        0.00
     0     7      488.00      603.00        0.00
     0     7      482.00      599.00        0.00
     0     7      476.00      597.00        0.00
     0     7      470.00      593.00        0.00
     0     7      466.00      589.00        0.00
     0     7      460.00      585.00        0.00
     0     7      452.00      579.00        0.00
     0     7      446.00      575.00        0.00
     0     7      442.00      571.00        0.00
     0     7      436.00      569.00        0.00
     0     7      432.00      565.00        0.00
     0     7      426.00      563.00        0.00
     0     7      420.00      559.00        0.00
     0     7      414.00      557.00        0.00
     0     7      406.00      553.00        0.00
     0     7      400.00      551.00        0.00
     0     7      394.00      549.00        0.00
     0     7      388.00      545.00        0.00
     0     7      382.00      541.00        0.00
     0     7      378.00      537.00        0.00
     0     7      378.00      531.00        0.00
     0     7      384.00      527.00        0.00
     0     7      392.00      529.00        0.00
     0     7      398.00      531.00        0.00
     0     7      406.00      535.00        0.00
     0     7      414.00      539.00        0.00
     0     7      420.00      541.00        0.00
     0     7      428.00      543.00        0.00
     0     7      434.00      543.00        0.00
     0     7      440.00      545.00        0.00
     0     7      446.00      545.00        0.00
     0     7      452.00      547.00        0.00
     0     7      460.00      547.00        0.00
     0     8      288.00      617.00        0.00
     0     8      278.00      633.00        0.00
     0     8      276.00      641.00        0.00
     0     8      274.00      647.00        0.00
     0     8      270.00      653.00        0.00
     0     8      268.00      665.00        0.00
     0     8      266.00      671.00        0.00
     0     8      266.00      679.00        0.00
     0     8      264.00      689.00        0.00
     0     8      262.00      697.00        0.00
     0     8      262.00      707.00        0.00
     0     8      262.00      715.00        0.00
     0     8      262.00      723.00        0.00
     0     8      262.00      731.00        0.00
     0     8      262.00      741.00        0.00
     0     8      264.00      749.00        0.00
     0     8      264.00      757.00        0.00
     0     8      264.00      767.00        0.00
     0     8      264.00      779.00        0.00
     0     8      264.00      785.00        0.00
     0     8      266.00      793.00        0.00
     0     8      266.00      799.00        0.00
     0     8      266.00      791.00        0.00
     0     8      264.00      785.00        0.00
     0     8      262.00      775.00        0.00
     0     8      262.00      769.00        0.00
     0     8      262.00      761.00        0.00
     0     8      260.00      755.00        0.00
     0     8      258.00      749.00        0.00
     0     8      256.00      743.00        0.00
     0     8      254.00      737.00        0.00
     0     8      250.00      731.00        0.00
     0     8      246.00      727.00        0.00
     0     8      240.00      725.00        0.00
     0     8      234.00      725.00        0.00
     0     8      228.00      727.00        0.00
     0     8      222.00      729.00        0.00
     0     8      216.00      731.00        0.00
     0     8      212.00      727.00        0.00
     0     8      212.00      721.00        0.00
     0     8      216.00      715.00        0.00
     0     8      220.00      709.00        0.00
     0     8      222.00      703.00        0.00
     0     8      226.00      697.00        0.00
     0     8      228.00      691.00        0.00
     0     8      232.00      685.00        0.00
     0     8      234.00      679.00        0.00
     0     8      236.00      673.00        0.00
     0     8      238.00      667.00        0.00
     0     8      242.00      659.00        0.00
     0     8      244.00      651.00        0.00
     0     8      246.00      645.00        0.00
     0     8      250.00      639.00        0.00
     0     8      250.00      633.00        0.00
     0     8      252.00      627.00        0.00
     0     8      254.00      621.00        0.00
     0     8      256.00      615.00        0.00
     0     8      256.00      609.00        0.00
     0     8      256.00      603.00        0.00
     0     8      260.00      599.00        0.00
     0     8      260.00      593.00        0.00
     0     8      262.00      587.00        0.00
     0     8      254.00      585.00        0.00
     0     8      248.00      587.00        0.00
     0     8      240.00      587.00        0.00
     0     8      234.00      587.00        0.00
     0     8      228.00      585.00        0.00
     0     8      222.00      583.00        0.00
     0     8      218.00      579.00        0.00
     0     8      212.00      577.00        0.00
     0     8      208.00      573.00        0.00
     0     8      202.00      569.00        0.00
     0     8      198.00      565.00        0.00
     0     8      190.00      559.00        0.00
     0     8      186.00      555.00        0.00
     0     8      182.00      549.00        0.00
     0     8      182.00      543.00        0.00
     0     8      182.00      537.00        0.00
     0     8      182.00      531.00        0.00
     0     8      182.00      525.00        0.00
     0     8      182.00      519.00        0.00
     0     8      184.00      513.00        0.00
     0     8      186.00      507.00        0.00
     0     8      186.00      501.00        0.00
     0     8      190.00      493.00        0.00
     0     8      190.00      487.00        0.00
     0     8      192.00      481.00        0.00
     0     8      196.00      475.00        0.00
     0     8      198.00      469.00        0.00
     0     8      200.00      463.00        0.00
     0     8      200.00      457.00        0.00
     0     8      200.00      451.00        0.00
     0     8      200.00      445.00        0.00
     0     8      200.00      439.00        0.00
     0     8      200.00      433.00        0.00
     0     8      200.00      427.00        0.00
     0     8      200.00      421.00        0.00
     0     8      198.00      415.00        0.00
     0     8      198.00      409.00        0.00
     0     8      198.00      401.00        0.00
     0     8      198.00      395.00        0.00
     0     8      198.00      389.00        0.00
     0     8      198.00      383.00        0.00
     0     8      198.00      377.00        0.00
     0     8      198.00      371.00        0.00
     0     8      198.00      365.00        0.00
     0     8      198.00      359.00        0.00
     0     8      202.00      355.00        0.00
     0     8      208.00      351.00        0.00
     0     8      214.00      349.00        0.00
     0     8      220.00      347.00        0.00
     0     8      226.00      347.00        0.00
     0     8      232.00      347.00        0.00
     0     8      238.00      349.00        0.00
     0     8      244.00      349.00        0.00
     0     8      250.00      351.00        0.00
     0     8      258.00      353.00        0.00
     0     8      264.00      353.00        0.00
     0     8      270.00      353.00        0.00
     0     8      278.00      353.00        0.00
     0     8      284.00      349.00        0.00
     0     8      292.00      345.00        0.00
     0     8      298.00      341.00        0.00
     0     8      304.00      337.00        0.00
     0     8      310.00      333.00        0.00
     0     8      316.00      329.00        0.00
     0     8      324.00      327.00        0.00
     0     8      330.00      323.00        0.00
     0     8      334.00      319.00        0.00
     0     8      340.00      317.00        0.00
     0     8      342.00      311.00        0.00
     0     8      346.00      305.00        0.00
     0     8      350.00      297.00        0.00
     0     8      354.00      293.00        0.00
     0     8      356.00      287.00        0.00
     0     8      358.00      281.00        0.00
     0     8      362.00      275.00        0.00
     0     8      366.00      269.00        0.00
     0     8      370.00      261.00        0.00
     0     8      372.00      255.00        0.00
     0     8      376.00      249.00        0.00
     0     8      380.00      245.00        0.00
     0     8      384.00      241.00        0.00
     0     8      388.00      237.00        0.00
     0     8      396.00      235.00        0.00
     0     8      404.00      235.00        0.00
     0     8      410.00      235.00        0.00
     0     8      416.00      235.00        0.00
     0     8      422.00      235.00        0.00
     0     8      428.00      235.00        0.00
     0     8      434.00      237.00        0.00
     0     8      438.00      241.00        0.00
     0     8      440.00      247.00        0.00
     0     8      438.00      255.00        0.00
     0     8      434.00      259.00        0.00
     0     8      430.00      263.00        0.00
     0     8      426.00      267.00        0.00
     0     8      424.00      273.00        0.00
     0     8      418.00      277.00        0.00
     0     8      412.00      283.00        0.00
     0     8      406.00      289.00        0.00
     0     8      402.00      293.00        0.00
     0     8      400.00      299.00        0.00
     0     8      396.00      303.00        0.00
     0     8      392.00      307.00        0.00
     0     8      388.00      313.00        0.00
     0     8      384.00      319.00        0.00
     0     8      380.00      327.00        0.00
     0     8      376.00      335.00        0.00
     0     8      372.00      343.00        0.00
     0     8      370.00      349.00        0.00
     0     8      366.00      357.00        0.00
     0     8      364.00      363.00        0.00
     0     8      362.00      371.00        0.00
     0     8      362.00      377.00        0.00
     0     8      360.00      383.00        0.00
     0     8      360.00      391.00        0.00
     0     8      358.00      397.00        0.00
     0     8      358.00      405.00        0.00
     0     8      356.00      411.00        0.00
     0     8      356.00      417.00        0.00
     0     8      356.00      425.00        0.00
     0     8      356.00      431.00        0.00
     0     8      356.00      437.00        0.00
     0     8      356.00      443.00        0.00
     0     8      358.00      451.00        0.00
     0     8      358.00      457.00        0.00
     0     8      362.00      461.00        0.00
     0     8      366.00      465.00        0.00
     0     8      368.00      471.00        0.00
     0     8      370.00      477.00        0.00
     0     8      374.00      481.00        0.00
     0     8      380.00      485.00        0.00
     0     8      386.00      493.00        0.00
     0     8      390.00      501.00        0.00
     0     8      394.00      507.00        0.00
     0     8      398.00      515.00        0.00
     0     8      402.00      519.00        0.00
     0     8      406.00      525.00        0.00
     0     8      410.00      531.00        0.00
     0     8      414.00      537.00        0.00
     0     8      408.00      531.00        0.00
     0     8      402.00      527.00        0.00
     0     8      396.00      521.00        0.00
     0     8      392.00      517.00        0.00
     0     8      384.00      513.00        0.00
     0     8      378.00      509.00        0.00
     0     8      372.00      509.00        0.00
     0     8      366.00      509.00        0.00
     0     8      362.00      513.00        0.00
     0     8      360.00      519.00        0.00
     0     8      360.00      525.00        0.00
     0     8      360.00      531.00        0.00
     0     8      364.00      537.00        0.00
     0     8      368.00      543.00        0.00
     0     8      372.00      547.00        0.00
     0     8      376.00      551.00        0.00
     0     8      370.00      553.00        0.00
     0     8      364.00      553.00        0.00
     0     8      356.00      555.00        0.00
     0     8      350.00      555.00        0.00
     0     8      344.00      557.00        0.00
     0     8      338.00      559.00        0.00
     0     8      334.00      563.00        0.00
     0     8      328.00      567.00        0.00
     0     9      824.00      295.00        0.00
     0     9      812.00      289.00        0.00
     0     9      806.00      287.00        0.00
     0     9      800.00      283.00        0.00
     0     9      794.00      281.00        0.00
     0     9      790.00      277.00        0.00
     0     9      784.00      277.00        0.00
     0     9      776.00      273.00        0.00
     0     9      770.00      269.00        0.00
     0     9      764.00      267.00        0.00
     0     9      758.00      267.00        0.00
     0     9      752.00      265.00        0.00
     0     9      746.00      261.00        0.00
     0     9      740.00      259.00        0.00
     0     9      734.00      259.00        0.00
     0     9      728.00      257.00        0.00
     0     9      722.00      257.00        0.00
     0     9      714.00      259.00        0.00
     0     9      708.00      259.00        0.00
     0     9      700.00      261.00        0.00
     0     9      692.00      261.00        0.00
     0     9      686.00      265.00        0.00
     0     9      678.00      267.00        0.00
     0     9      670.00      269.00        0.00
     0     9      664.00      271.00        0.00
     0     9      654.00      271.00        0.00
     0     9      648.00      271.00        0.00
     0     9      642.00      271.00        0.00
     0     9      632.00      269.00        0.00
     0     9      626.00      265.00        0.00
     0     9      620.00      263.00        0.00
     0     9      614.00      259.00        0.00
     0     9      610.00      255.00        0.00
     0     9      604.00      249.00        0.00
     0     9      598.00      243.00        0.00
     0     9      594.00      239.00        0.00
     0     9      590.00      233.00        0.00
     0     9      586.00      227.00        0.00
     0     9      582.00      221.00        0.00
     0     9      578.00      213.00        0.00
     0     9      574.00      209.00        0.00
     0     9      572.00      203.00        0.00
     0     9      570.00      195.00        0.00
     0     9      566.00      187.00        0.00
     0     9      564.00      179.00        0.00
     0     9      562.00      171.00        0.00
     0     9      562.00      165.00        0.00
     0     9      566.00      153.00        0.00
     0     9      570.00      147.00        0.00
     0     9      576.00      141.00        0.00
     0     9      582.00      135.00        0.00
     0     9      588.00      129.00        0.00
     0     9      594.00      123.00        0.00
     0     9      598.00      119.00        0.00
     0     9      604.00      117.00        0.00
     0     9      610.00      115.00        0.00
     0     9      616.00      113.00        0.00
     0     9      622.00      113.00        0.00
     0     9      630.00      109.00        0.00
     0     9      638.00      109.00        0.00
     0     9      644.00      107.00        0.00
     0     9      650.00      105.00        0.00
     0     9      658.00      103.00        0.00
     0     9      664.00      103.00        0.00
     0     9      670.00      101.00        0.00
     0     9      676.00      101.00        0.00
     0     9      682.00       99.00        0.00
     0     9      688.00       99.00        0.00
     0     9      694.00       99.00        0.00
     0     9      700.00       99.00        0.00
     0     9      706.00       99.00        0.00
     0     9      714.00      103.00        0.00
     0     9      722.00      105.00        0.00
     0     9      728.00      109.00        0.00
     0     9      732.00      113.00        0.00
     0     9      736.00      117.00        0.00
     0     9      736.00      123.00        0.00
     0     9      738.00      129.00        0.00
     0     9      738.00      135.00        0.00
     0     9      740.00      143.00        0.00
     0     9      740.00      149.00        0.00
     0     9      740.00      157.00        0.00
     0     9      740.00      163.00        0.00
     0     9      740.00      169.00        0.00
     0     9      740.00      175.00        0.00
     0     9      740.00      181.00        0.00
     0     9      740.00      187.00        0.00
     0     9      740.00      193.00        0.00
     0     9      740.00      199.00        0.00
     0     9      740.00      205.00        0.00
     0     9      740.00      211.00        0.00
     0     9      740.00      217.00        0.00
     0     9      740.00      223.00        0.00
     0     9      738.00      229.00        0.00
     0     9      738.00      235.00        0.00
     0     9      738.00      241.00        0.00
     0     9      738.00      247.00        0.00
     0    10      828.00      291.00        0.00
     0    10      846.00      301.00        0.00
     0    10      854.00      305.00        0.00
     0    10      858.00      309.00        0.00
     0    10      864.00      313.00        0.00
     0    10      872.00      317.00        0.00
     0    10      876.00      321.00        0.00
     0    10      880.00      325.00        0.00
     0    10      886.00      327.00        0.00
     0    10      892.00      331.00        0.00
     0    10      896.00      335.00        0.00
     0    10      900.00      339.00        0.00
     0    10      908.00      343.00        0.00
     0    10      912.00      347.00        0.00
     0    10      918.00      351.00        0.00
     0    10      922.00      355.00        0.00
     0    10      930.00      359.00        0.00
     0    10      936.00      363.00        0.00
     0    10      942.00      367.00        0.00
     0    10      948.00      371.00        0.00
     0    10      954.00      373.00        0.00
     0    10      958.00      377.00        0.00
     0    10      962.00      381.00        0.00
     0    10      966.00      385.00        0.00
     0    10      968.00      391.00        0.00
     0    10      970.00      397.00        0.00
     0    10      970.00      405.00        0.00
     0    10      970.00      411.00        0.00
     0    10      968.00      417.00        0.00
     0    10      968.00      423.00        0.00
     0    10      966.00      429.00        0.00
     0    10      964.00      435.00        0.00
     0    10      962.00      443.00        0.00
     0    10      960.00      449.00        0.00
     0    10      960.00      457.00        0.00
     0    10      958.00      465.00        0.00
     0    10      956.00      471.00        0.00
     0    10      956.00      479.00        0.00
     0    10      956.00      487.00        0.00
     0    10      956.00      493.00        0.00
     0    10      954.00      501.00        0.00
     0    10      954.00      507.00        0.00
     0    10      960.00      511.00        0.00
     0    10      966.00      515.00        0.00
     0    10      972.00      515.00        0.00
     0    10      980.00      515.00        0.00
     0    10      988.00      509.00        0.00
     0    10      992.00      505.00        0.00
     0    10      998.00      499.00        0.00
     0    10     1002.00      493.00        0.00
     0    10     1008.00      483.00        0.00
     0    10     1012.00      477.00        0.00
     0    10     1020.00      471.00        0.00
     0    10     1024.00      465.00        0.00
     0    10     1028.00      461.00        0.00
     0    10     1032.00      457.00        0.00
     0    10     1036.00      451.00        0.00
     0    10     1040.00      445.00        0.00
     0    10     1044.00      441.00        0.00
     0    10     1048.00      437.00        0.00
     0    10     1052.00      429.00        0.00
     0    10     1056.00      423.00        0.00
     0    10     1058.00      417.00        0.00
     0    10     1062.00      413.00        0.00
     0    10     1068.00      409.00        0.00
     0    10     1072.00      405.00        0.00
     0    10     1076.00      401.00        0.00
     0    10     1082.00      397.00        0.00
     0    10     1088.00      395.00        0.00
     0    10     1094.00      391.00        0.00
     0    10     1100.00      387.00        0.00
     0    10     1104.00      383.00        0.00
     0    10     1108.00      379.00        0.00
     0    10     1114.00      373.00        0.00
     0    10     1118.00      369.00        0.00
     0    10     1122.00      365.00        0.00
     0    10     1124.00      359.00        0.00
     0    10     1126.00      351.00        0.00
     0    10     1128.00      343.00        0.00
     0    10     1128.00      335.00        0.00
     0    10     1128.00      329.00        0.00
     0    10     1126.00      323.00        0.00
     0    10     1126.00      317.00        0.00
     0    10     1124.00      311.00        0.00
     0    10     1124.00      303.00        0.00
     0    10     1122.00      297.00        0.00
     0    10     1120.00      291.00        0.00
     0    10     1116.00      285.00        0.00
     0    10     1110.00      283.00        0.00
     0    10     1102.00      281.00        0.00
     0    10     1096.00      281.00        0.00
     0    10     1090.00      283.00        0.00
     0    10     1084.00      285.00        0.00
     0    10     1078.00      287.00        0.00
     0    10     1072.00      287.00        0.00
     0    10     1064.00      289.00        0.00
     0    10     1058.00      291.00        0.00
     0    10     1052.00      293.00        0.00
     0    10     1046.00      295.00        0.00
     0    10     1042.00      299.00        0.00
     0    10     1036.00      303.00        0.00
     0    10     1032.00      311.00        0.00
     0    10     1026.00      319.00        0.00
     0    10     1024.00      325.00        0.00
     0    10     1020.00      329.00        0.00
     0    10     1014.00      335.00        0.00
     0    10     1010.00      339.00        0.00
     0    10     1004.00      343.00        0.00
     0    10      998.00      347.00        0.00
     0    10      992.00      347.00        0.00
     0    10      986.00      347.00        0.00
     0    10      978.00      349.00        0.00
     0    10      972.00      349.00        0.00
     0    10      966.00      349.00        0.00
     0    10      960.00      349.00        0.00
     0    10      952.00      349.00        0.00
     0    10      946.00      347.00        0.00
     0    10      940.00      347.00        0.00
     0    10      934.00      347.00        0.00
     0    10      928.00      345.00        0.00
     0    10      924.00      341.00        0.00
