     0     0      632.00      957.00        0.00
     0     0      646.00      965.00        0.00
     0     0      650.00      969.00        0.00
     0     0      654.00      975.00        0.00
     0     0      658.00      979.00        0.00
     0     0      660.00      985.00        0.00
     0     0      664.00      989.00        0.00
     0     0      668.00      993.00        0.00
     0     0      674.00      997.00        0.00
     0     0      680.00      999.00        0.00
     0     0      686.00     1001.00        0.00
     0     0      690.00     1005.00        0.00
     0     0      694.00     1009.00        0.00
     0     0      698.00     1013.00        0.00
     0     0      702.00     1019.00        0.00
     0     0      704.00     1025.00        0.00
     0     0      706.00     1031.00        0.00
     0     0      708.00     1037.00        0.00
     0     0      710.00     1043.00        0.00
     0     0      712.00     1051.00        0.00
     0     0      714.00     1057.00        0.00
     0     0      716.00     1063.00        0.00
     0     0      720.00     1067.00        0.00
     0     0      722.00     1075.00        0.00
     0     0      724.00     1081.00        0.00
     0     0      728.00     1085.00        0.00
     0     0      730.00     1091.00        0.00
     0     0      732.00     1097.00        0.00
     0     0      734.00     1103.00        0.00
     0     0      734.00     1109.00        0.00
     0     0      736.00     1115.00        0.00
     0     0      736.00     1121.00        0.00
     0     0      736.00     1127.00        0.00
     0     0      732.00     1133.00        0.00
     0     0      728.00     1137.00        0.00
     0     0      724.00     1141.00        0.00
     0     0      720.00     1145.00        0.00
     0     0      716.00     1149.00        0.00
     0     0      714.00     1155.00        0.00
     0     0      710.00     1159.00        0.00
     0     0      706.00     1163.00        0.00
     0     0      700.00     1167.00        0.00
     0     0      694.00     1171.00        0.00
     0     0      690.00     1175.00        0.00
     0     0      684.00     1177.00        0.00
     0     0      678.00     1177.00        0.00
     0     0      672.00     1173.00        0.00
     0     0      666.00     1167.00        0.00
     0     0      662.00     1159.00        0.00
     0     0      660.00     1153.00        0.00
     0     0      658.00     1145.00        0.00
     0     0      654.00     1139.00        0.00
     0     0      650.00     1135.00        0.00
     0     0      646.00     1131.00        0.00
     0     0      640.00     1131.00        0.00
     0     0      634.00     1131.00        0.00
     0     0      628.00     1133.00        0.00
     0     0      622.00     1137.00        0.00
     0     0      618.00     1141.00        0.00
     0     0      614.00     1145.00        0.00
     0     0      610.00     1149.00        0.00
     0     0      606.00     1153.00        0.00
     0     0      600.00     1155.00        0.00
     0     0      594.00     1155.00        0.00
     0     0      588.00     1157.00        0.00
     0     0      580.00     1157.00        0.00
     0     0      572.00     1155.00        0.00
     0     0      564.00     1153.00        0.00
     0     0      558.00     1151.00        0.00
     0     0      552.00     1149.00        0.00
     0     0      544.00     1147.00        0.00
     0     0      540.00     1143.00        0.00
     0     0      540.00     1137.00        0.00
     0     0      540.00     1131.00        0.00
     0     0      540.00     1125.00        0.00
     0     0      542.00     1119.00        0.00
     0     0      544.00     1113.00        0.00
     0     0      546.00     1107.00        0.00
     0     0      546.00     1101.00        0.00
     0     0      548.00     1095.00        0.00
     0     0      548.00     1089.00        0.00
     0     0      548.00     1083.00        0.00
     0     0      550.00     1077.00        0.00
     0     0      550.00     1069.00        0.00
     0     0      554.00     1063.00        0.00
     0     0      558.00     1057.00        0.00
     0     0      562.00     1051.00        0.00
     0     0      564.00     1045.00        0.00
     0     0      568.00     1041.00        0.00
     0     0      568.00     1035.00        0.00
     0     0      572.00     1029.00        0.00
     0     0      574.00     1023.00        0.00
     0     0      578.00     1017.00        0.00
     0     0      580.00     1011.00        0.00
     0     0      586.00     1007.00        0.00
     0     0      590.00     1001.00        0.00
     0     0      594.00      995.00        0.00
     0     0      598.00      989.00        0.00
     0     1      916.00      841.00        0.00
     0     1      928.00      857.00        0.00
     0     1      930.00      863.00        0.00
     0     1      934.00      871.00        0.00
     0     1      938.00      877.00        0.00
     0     1      940.00      883.00        0.00
     0     1      940.00      889.00        0.00
     0     1      942.00      895.00        0.00
     0     1      944.00      901.00        0.00
     0     1      946.00      909.00        0.00
     0     1      948.00      915.00        0.00
     0     1      952.00      919.00        0.00
     0     1      956.00      923.00        0.00
     0     1      962.00      927.00        0.00
     0     1      968.00      929.00        0.00
     0     1      972.00      933.00        0.00
     0     1      978.00      935.00        0.00
     0     1      982.00      939.00        0.00
     0     1      986.00      943.00        0.00
     0     1      990.00      947.00        0.00
     0     1      990.00      953.00        0.00
     0     1      990.00      959.00        0.00
     0     1      986.00      963.00        0.00
     0     1      982.00      969.00        0.00
     0     1      978.00      975.00        0.00
     0     1      978.00      981.00        0.00
     0     1      978.00      987.00        0.00
     0     1      978.00      995.00        0.00
     0     1      978.00     1001.00        0.00
     0     1      980.00     1007.00        0.00
     0     1      982.00     1013.00        0.00
     0     1      984.00     1019.00        0.00
     0     1      986.00     1025.00        0.00
     0     1      988.00     1031.00        0.00
     0     1      990.00     1037.00        0.00
     0     1      992.00     1043.00        0.00
     0     1      994.00     1051.00        0.00
     0     1      998.00     1057.00        0.00
     0     1     1000.00     1063.00        0.00
     0     1     1004.00     1071.00        0.00
     0     1     1008.00     1077.00        0.00
     0     1     1012.00     1081.00        0.00
     0     1     1016.00     1085.00        0.00
     0     1     1020.00     1091.00        0.00
     0     1     1026.00     1095.00        0.00
     0     1     1030.00     1099.00        0.00
     0     1     1034.00     1103.00        0.00
     0     1     1038.00     1107.00        0.00
     0     1     1044.00     1111.00        0.00
     0     1     1048.00     1115.00        0.00
     0     1     1056.00     1119.00        0.00
     0     1     1062.00     1123.00        0.00
     0     1     1068.00     1125.00        0.00
     0     1     1072.00     1129.00        0.00
     0     1     1078.00     1131.00        0.00
     0     1     1086.00     1135.00        0.00
     0     1     1092.00     1137.00        0.00
     0     1     1098.00     1139.00        0.00
     0     1     1108.00     1143.00        0.00
     0     1     1114.00     1143.00        0.00
     0     1     1122.00     1145.00        0.00
     0     1     1130.00     1145.00        0.00
     0     1     1136.00     1145.00        0.00
     0     1     1144.00     1147.00        0.00
     0     1     1154.00     1147.00        0.00
     0     1     1162.00     1149.00        0.00
     0     1     1170.00     1151.00        0.00
     0     1     1176.00     1151.00        0.00
     0     1     1182.00     1153.00        0.00
     0     1     1188.00     1155.00        0.00
     0     1     1194.00     1157.00        0.00
     0     1     1204.00     1159.00        0.00
     0     1     1210.00     1159.00        0.00
     0     1     1216.00     1161.00        0.00
     0     1     1222.00     1163.00        0.00
     0     1     1228.00     1165.00        0.00
     0     1     1234.00     1167.00        0.00
     0     1     1242.00     1167.00        0.00
     0     1     1248.00     1169.00        0.00
     0     1     1254.00     1169.00        0.00
     0     1     1260.00     1171.00        0.00
     0     1     1266.00     1171.00        0.00
     0     1     1274.00     1173.00        0.00
     0     1     1280.00     1173.00        0.00
     0     1     1288.00     1177.00        0.00
     0     1     1294.00     1179.00        0.00
     0     1     1300.00     1181.00        0.00
     0     1     1294.00     1181.00        0.00
     0     1     1288.00     1181.00        0.00
     0     1     1280.00     1179.00        0.00
     0     1     1274.00     1177.00        0.00
     0     1     1266.00     1177.00        0.00
     0     1     1260.00     1175.00        0.00
     0     1     1252.00     1173.00        0.00
     0     1     1246.00     1171.00        0.00
     0     1     1238.00     1169.00        0.00
     0     1     1232.00     1167.00        0.00
     0     1     1226.00     1165.00        0.00
     0     1     1220.00     1163.00        0.00
     0     1     1214.00     1161.00        0.00
     0     1     1208.00     1161.00        0.00
     0     1     1200.00     1159.00        0.00
     0     1     1192.00     1157.00        0.00
     0     1     1186.00     1155.00        0.00
     0     1     1180.00     1153.00        0.00
     0     1     1174.00     1153.00        0.00
     0     1     1166.00     1153.00        0.00
     0     1     1160.00     1151.00        0.00
     0     1     1152.00     1149.00        0.00
     0     1     1146.00     1149.00        0.00
     0     1     1140.00     1147.00        0.00
     0     1     1132.00     1147.00        0.00
     0     1     1126.00     1143.00        0.00
     0     1     1120.00     1143.00        0.00
     0     1     1114.00     1139.00        0.00
     0     1     1106.00     1137.00        0.00
     0     1     1100.00     1135.00        0.00
     0     1     1094.00     1133.00        0.00
     0     1     1088.00     1131.00        0.00
     0     1     1082.00     1129.00        0.00
     0     1     1076.00     1127.00        0.00
     0     1     1070.00     1123.00        0.00
     0     1     1064.00     1121.00        0.00
     0     1     1058.00     1119.00        0.00
     0     1     1054.00     1113.00        0.00
     0     1     1048.00     1109.00        0.00
     0     1     1044.00     1105.00        0.00
     0     1     1038.00     1101.00        0.00
     0     1     1034.00     1097.00        0.00
     0     1     1028.00     1093.00        0.00
     0     1     1022.00     1089.00        0.00
     0     1     1018.00     1085.00        0.00
     0     1     1012.00     1081.00        0.00
     0     1     1008.00     1077.00        0.00
     0     1     1004.00     1073.00        0.00
     0     1     1000.00     1067.00        0.00
     0     1      994.00     1065.00        0.00
     0     1      990.00     1061.00        0.00
     0     1      986.00     1057.00        0.00
     0     1      980.00     1055.00        0.00
     0     1      974.00     1051.00        0.00
     0     1      968.00     1049.00        0.00
     0     1      962.00     1047.00        0.00
     0     1      956.00     1047.00        0.00
     0     1      948.00     1045.00        0.00
     0     1      942.00     1043.00        0.00
     0     1      934.00     1041.00        0.00
     0     1      928.00     1039.00        0.00
     0     1      920.00     1035.00        0.00
     0     1      914.00     1031.00        0.00
     0     1      908.00     1027.00        0.00
     0     1      904.00     1023.00        0.00
     0     1      900.00     1019.00        0.00
     0     1      896.00     1013.00        0.00
     0     1      892.00     1007.00        0.00
     0     1      888.00     1003.00        0.00
     0     1      884.00      999.00        0.00
     0     1      878.00      997.00        0.00
     0     1      872.00      997.00        0.00
     0     1      866.00      995.00        0.00
     0     1      858.00      995.00        0.00
     0     1      850.00      995.00        0.00
     0     1      844.00      995.00        0.00
     0     1      836.00      995.00        0.00
     0     1      830.00      995.00        0.00
     0     1      824.00      995.00        0.00
     0     1      816.00      995.00        0.00
     0     1      812.00      991.00        0.00
     0     1      810.00      985.00        0.00
     0     1      810.00      979.00        0.00
     0     1      810.00      973.00        0.00
     0     1      812.00      967.00        0.00
     0     1      816.00      963.00        0.00
     0     1      820.00      959.00        0.00
     0     1      822.00      953.00        0.00
     0     1      824.00      947.00        0.00
     0     1      828.00      941.00        0.00
     0     1      828.00      935.00        0.00
     0     1      828.00      929.00        0.00
     0     1      830.00      923.00        0.00
     0     1      832.00      917.00        0.00
     0     1      836.00      911.00        0.00
     0     1      840.00      907.00        0.00
     0     1      844.00      901.00        0.00
     0     1      846.00      895.00        0.00
     0     1      852.00      891.00        0.00
     0     1      856.00      887.00        0.00
     0     1      860.00      883.00        0.00
     0     1      866.00      881.00        0.00
     0     2     1292.00     1011.00        0.00
     0     2     1298.00     1023.00        0.00
     0     2     1302.00     1027.00        0.00
     0     2     1306.00     1031.00        0.00
     0     2     1314.00     1035.00        0.00
     0     2     1320.00     1037.00        0.00
     0     2     1328.00     1041.00        0.00
     0     2     1334.00     1041.00        0.00
     0     2     1340.00     1043.00        0.00
     0     2     1346.00     1043.00        0.00
     0     2     1354.00     1043.00        0.00
     0     2     1360.00     1041.00        0.00
     0     2     1366.00     1041.00        0.00
     0     2     1370.00     1037.00        0.00
     0     2     1376.00     1033.00        0.00
     0     2     1382.00     1029.00        0.00
     0     2     1388.00     1025.00        0.00
     0     2     1394.00     1021.00        0.00
     0     2     1400.00     1017.00        0.00
     0     2     1406.00     1015.00        0.00
     0     2     1412.00     1011.00        0.00
     0     2     1416.00     1007.00        0.00
     0     2     1422.00     1003.00        0.00
     0     2     1426.00      999.00        0.00
     0     2     1430.00      995.00        0.00
     0     2     1434.00      991.00        0.00
     0     2     1438.00      987.00        0.00
     0     2     1442.00      981.00        0.00
     0     2     1442.00      973.00        0.00
     0     2     1444.00      967.00        0.00
     0     2     1448.00      963.00        0.00
     0     2     1454.00      961.00        0.00
     0     2     1460.00      961.00        0.00
     0     2     1468.00      963.00        0.00
     0     2     1474.00      965.00        0.00
     0     2     1480.00      967.00        0.00
     0     2     1486.00      969.00        0.00
     0     2     1492.00      973.00        0.00
     0     2     1498.00      977.00        0.00
     0     2     1504.00      981.00        0.00
     0     2     1508.00      987.00        0.00
     0     2     1512.00      991.00        0.00
     0     2     1514.00      997.00        0.00
     0     2     1514.00     1005.00        0.00
     0     2     1514.00     1011.00        0.00
     0     2     1516.00     1017.00        0.00
     0     2     1520.00     1023.00        0.00
     0     2     1522.00     1029.00        0.00
     0     2     1526.00     1037.00        0.00
     0     2     1528.00     1043.00        0.00
     0     2     1530.00     1049.00        0.00
     0     2     1530.00     1055.00        0.00
     0     2     1530.00     1061.00        0.00
     0     2     1534.00     1067.00        0.00
     0     2     1538.00     1071.00        0.00
     0     2     1542.00     1077.00        0.00
     0     2     1546.00     1083.00        0.00
     0     2     1550.00     1089.00        0.00
     0     2     1552.00     1095.00        0.00
     0     2     1554.00     1101.00        0.00
     0     2     1554.00     1107.00        0.00
     0     2     1554.00     1113.00        0.00
     0     2     1554.00     1119.00        0.00
     0     2     1554.00     1127.00        0.00
     0     2     1550.00     1133.00        0.00
     0     2     1546.00     1137.00        0.00
     0     2     1542.00     1141.00        0.00
     0     2     1536.00     1147.00        0.00
     0     2     1528.00     1153.00        0.00
     0     2     1520.00     1155.00        0.00
     0     2     1508.00     1161.00        0.00
     0     2     1500.00     1163.00        0.00
     0     2     1494.00     1165.00        0.00
     0     2     1488.00     1169.00        0.00
     0     2     1484.00     1173.00        0.00
     0     2     1480.00     1179.00        0.00
     0     2     1478.00     1185.00        0.00
     0     2     1470.00     1187.00        0.00
     0     2     1464.00     1191.00        0.00
     0     2     1458.00     1191.00        0.00
     0     2     1452.00     1193.00        0.00
     0     2     1446.00     1193.00        0.00
     0     2     1440.00     1193.00        0.00
     0     2     1434.00     1193.00        0.00
     0     2     1424.00     1193.00        0.00
     0     2     1418.00     1193.00        0.00
     0     2     1412.00     1191.00        0.00
     0     2     1406.00     1189.00        0.00
     0     2     1400.00     1187.00        0.00
     0     2     1394.00     1185.00        0.00
     0     2     1388.00     1183.00        0.00
     0     2     1382.00     1183.00        0.00
     0     2     1376.00     1181.00        0.00
     0     2     1370.00     1181.00        0.00
     0     2     1362.00     1181.00        0.00
     0     2     1356.00     1181.00        0.00
     0     2     1350.00     1183.00        0.00
     0     2     1344.00     1187.00        0.00
     0     2     1344.00     1193.00        0.00
     0     2     1344.00     1199.00        0.00
     0     2     1344.00     1207.00        0.00
     0     2     1346.00     1213.00        0.00
     0     2     1350.00     1217.00        0.00
     0     2     1356.00     1221.00        0.00
     0     2     1360.00     1225.00        0.00
     0     2     1366.00     1229.00        0.00
     0     2     1370.00     1233.00        0.00
     0     2     1376.00     1237.00        0.00
     0     2     1382.00     1243.00        0.00
     0     2     1390.00     1249.00        0.00
     0     2     1396.00     1253.00        0.00
     0     2     1404.00     1257.00        0.00
     0     2     1410.00     1259.00        0.00
     0     2     1416.00     1263.00        0.00
     0     2     1420.00     1267.00        0.00
     0     2     1426.00     1271.00        0.00
     0     2     1432.00     1273.00        0.00
     0     2     1436.00     1277.00        0.00
     0     2     1436.00     1283.00        0.00
     0     2     1428.00     1283.00        0.00
     0     2     1422.00     1279.00        0.00
     0     2     1414.00     1275.00        0.00
     0     2     1408.00     1273.00        0.00
     0     2     1400.00     1269.00        0.00
     0     2     1394.00     1265.00        0.00
     0     2     1388.00     1261.00        0.00
     0     2     1384.00     1257.00        0.00
     0     2     1378.00     1253.00        0.00
     0     2     1372.00     1249.00        0.00
     0     2     1368.00     1245.00        0.00
     0     2     1362.00     1241.00        0.00
     0     2     1358.00     1237.00        0.00
     0     2     1354.00     1233.00        0.00
     0     2     1350.00     1229.00        0.00
     0     2     1346.00     1225.00        0.00
     0     2     1342.00     1221.00        0.00
     0     2     1338.00     1217.00        0.00
     0     2     1332.00     1213.00        0.00
     0     2     1328.00     1209.00        0.00
     0     2     1322.00     1207.00        0.00
     0     2     1316.00     1203.00        0.00
     0     2     1308.00     1203.00        0.00
     0     2     1302.00     1203.00        0.00
     0     2     1296.00     1207.00        0.00
     0     2     1294.00     1213.00        0.00
     0     2     1294.00     1219.00        0.00
     0     2     1294.00     1225.00        0.00
     0     2     1294.00     1231.00        0.00
     0     2     1298.00     1237.00        0.00
     0     2     1304.00     1241.00        0.00
     0     2     1308.00     1245.00        0.00
     0     2     1312.00     1249.00        0.00
     0     2     1318.00     1253.00        0.00
     0     2     1326.00     1257.00        0.00
     0     2     1330.00     1263.00        0.00
     0     2     1334.00     1267.00        0.00
     0     2     1340.00     1271.00        0.00
     0     2     1344.00     1275.00        0.00
     0     2     1348.00     1281.00        0.00
     0     2     1352.00     1287.00        0.00
     0     2     1356.00     1291.00        0.00
     0     2     1358.00     1297.00        0.00
     0     2     1358.00     1303.00        0.00
     0     2     1348.00     1301.00        0.00
     0     2     1344.00     1297.00        0.00
     0     2     1338.00     1293.00        0.00
     0     2     1332.00     1291.00        0.00
     0     2     1326.00     1287.00        0.00
     0     2     1318.00     1283.00        0.00
     0     2     1312.00     1279.00        0.00
     0     2     1304.00     1273.00        0.00
     0     2     1300.00     1269.00        0.00
     0     2     1294.00     1263.00        0.00
     0     2     1290.00     1257.00        0.00
     0     2     1288.00     1249.00        0.00
     0     2     1284.00     1243.00        0.00
     0     2     1282.00     1237.00        0.00
     0     2     1278.00     1227.00        0.00
     0     2     1274.00     1221.00        0.00
     0     2     1270.00     1213.00        0.00
     0     2     1268.00     1207.00        0.00
     0     2     1264.00     1199.00        0.00
     0     2     1262.00     1193.00        0.00
     0     2     1258.00     1187.00        0.00
     0     2     1254.00     1181.00        0.00
     0     2     1250.00     1175.00        0.00
     0     2     1246.00     1167.00        0.00
     0     2     1244.00     1161.00        0.00
     0     2     1242.00     1155.00        0.00
     0     2     1242.00     1149.00        0.00
     0     2     1242.00     1143.00        0.00
     0     2     1246.00     1137.00        0.00
     0     2     1252.00     1133.00        0.00
     0     2     1258.00     1131.00        0.00
     0     2     1264.00     1127.00        0.00
     0     2     1270.00     1125.00        0.00
     0     2     1274.00     1121.00        0.00
     0     2     1278.00     1117.00        0.00
     0     2     1280.00     1111.00        0.00
     0     2     1284.00     1105.00        0.00
     0     2     1286.00     1099.00        0.00
     0     2     1288.00     1093.00        0.00
     0     2     1288.00     1087.00        0.00
     0     2     1288.00     1081.00        0.00
     0     2     1290.00     1075.00        0.00
     0     2     1290.00     1069.00        0.00
     0     2     1290.00     1063.00        0.00
     0     2     1290.00     1057.00        0.00
     0     2     1292.00     1051.00        0.00
     0     2     1294.00     1045.00        0.00
     0     3     1414.00      611.00        0.00
     0     3     1428.00      629.00        0.00
     0     3     1432.00      633.00        0.00
     0     3     1436.00      641.00        0.00
     0     3     1440.00      647.00        0.00
     0     3     1444.00      651.00        0.00
     0     3     1448.00      657.00        0.00
     0     3     1452.00      663.00        0.00
     0     3     1456.00      667.00        0.00
     0     3     1460.00      673.00        0.00
     0     3     1468.00      677.00        0.00
     0     3     1472.00      681.00        0.00
     0     3     1476.00      685.00        0.00
     0     3     1482.00      687.00        0.00
     0     3     1488.00      691.00        0.00
     0     3     1494.00      693.00        0.00
     0     3     1502.00      695.00        0.00
     0     3     1508.00      697.00        0.00
     0     3     1514.00      697.00        0.00
     0     3     1522.00      697.00        0.00
     0     3     1528.00      697.00        0.00
     0     3     1534.00      697.00        0.00
     0     3     1540.00      693.00        0.00
     0     3     1546.00      689.00        0.00
     0     3     1552.00      687.00        0.00
     0     3     1556.00      683.00        0.00
     0     3     1562.00      679.00        0.00
     0     3     1566.00      675.00        0.00
     0     3     1570.00      671.00        0.00
     0     3     1576.00      667.00        0.00
     0     3     1582.00      663.00        0.00
     0     3     1588.00      659.00        0.00
     0     3     1594.00      655.00        0.00
     0     3     1600.00      651.00        0.00
     0     3     1606.00      649.00        0.00
     0     3     1610.00      643.00        0.00
     0     3     1614.00      637.00        0.00
     0     3     1618.00      631.00        0.00
     0     3     1622.00      625.00        0.00
     0     3     1626.00      619.00        0.00
     0     3     1628.00      611.00        0.00
     0     3     1632.00      605.00        0.00
     0     3     1634.00      599.00        0.00
     0     3     1638.00      593.00        0.00
     0     3     1642.00      585.00        0.00
     0     3     1642.00      579.00        0.00
     0     3     1644.00      573.00        0.00
     0     3     1648.00      567.00        0.00
     0     3     1650.00      559.00        0.00
     0     3     1652.00      551.00        0.00
     0     3     1654.00      545.00        0.00
     0     3     1654.00      539.00        0.00
     0     3     1656.00      533.00        0.00
     0     3     1656.00      539.00        0.00
     0     3     1656.00      547.00        0.00
     0     3     1656.00      553.00        0.00
     0     3     1656.00      561.00        0.00
     0     3     1654.00      569.00        0.00
     0     3     1654.00      575.00        0.00
     0     3     1652.00      581.00        0.00
     0     3     1650.00      587.00        0.00
     0     3     1648.00      593.00        0.00
     0     3     1646.00      599.00        0.00
     0     3     1644.00      607.00        0.00
     0     3     1642.00      613.00        0.00
     0     3     1640.00      621.00        0.00
     0     3     1638.00      627.00        0.00
     0     3     1636.00      633.00        0.00
     0     3     1634.00      643.00        0.00
     0     3     1634.00      649.00        0.00
     0     3     1632.00      659.00        0.00
     0     3     1630.00      665.00        0.00
     0     3     1630.00      671.00        0.00
     0     3     1630.00      679.00        0.00
     0     3     1630.00      685.00        0.00
     0     3     1628.00      691.00        0.00
     0     3     1628.00      699.00        0.00
     0     3     1626.00      705.00        0.00
     0     3     1624.00      711.00        0.00
     0     3     1620.00      717.00        0.00
     0     3     1616.00      725.00        0.00
     0     3     1612.00      731.00        0.00
     0     3     1606.00      737.00        0.00
     0     3     1600.00      743.00        0.00
     0     3     1596.00      749.00        0.00
     0     3     1592.00      757.00        0.00
     0     3     1588.00      763.00        0.00
     0     3     1584.00      767.00        0.00
     0     3     1580.00      773.00        0.00
     0     3     1576.00      779.00        0.00
     0     3     1572.00      783.00        0.00
     0     3     1568.00      791.00        0.00
     0     3     1564.00      797.00        0.00
     0     3     1562.00      803.00        0.00
     0     3     1560.00      809.00        0.00
     0     3     1560.00      815.00        0.00
     0     3     1556.00      823.00        0.00
     0     3     1556.00      831.00        0.00
     0     3     1554.00      839.00        0.00
     0     3     1552.00      847.00        0.00
     0     3     1550.00      853.00        0.00
     0     3     1548.00      859.00        0.00
     0     3     1546.00      865.00        0.00
     0     3     1542.00      869.00        0.00
     0     3     1536.00      869.00        0.00
     0     3     1530.00      865.00        0.00
     0     3     1524.00      861.00        0.00
     0     3     1518.00      853.00        0.00
     0     3     1512.00      845.00        0.00
     0     3     1506.00      839.00        0.00
     0     3     1500.00      833.00        0.00
     0     3     1494.00      825.00        0.00
     0     3     1486.00      815.00        0.00
     0     3     1482.00      809.00        0.00
     0     3     1476.00      801.00        0.00
     0     3     1470.00      795.00        0.00
     0     3     1464.00      787.00        0.00
     0     3     1458.00      773.00        0.00
     0     3     1454.00      767.00        0.00
     0     3     1450.00      761.00        0.00
     0     3     1444.00      755.00        0.00
     0     3     1440.00      749.00        0.00
     0     3     1434.00      741.00        0.00
     0     3     1430.00      737.00        0.00
     0     3     1426.00      731.00        0.00
     0     3     1420.00      725.00        0.00
     0     3     1414.00      719.00        0.00
     0     3     1410.00      713.00        0.00
     0     3     1406.00      709.00        0.00
     0     3     1402.00      705.00        0.00
     0     3     1394.00      701.00        0.00
     0     3     1390.00      695.00        0.00
     0     3     1384.00      693.00        0.00
     0     3     1378.00      691.00        0.00
     0     3     1372.00      689.00        0.00
     0     3     1366.00      685.00        0.00
     0     3     1360.00      681.00        0.00
     0     3     1356.00      677.00        0.00
     0     3     1352.00      673.00        0.00
     0     3     1350.00      665.00        0.00
     0     3     1348.00      659.00        0.00
     0     3     1348.00      653.00        0.00
     0     3     1352.00      649.00        0.00
     0     3     1356.00      645.00        0.00
     0     3     1362.00      645.00        0.00
     0     3     1368.00      645.00        0.00
     0     3     1374.00      645.00        0.00
     0     3     1380.00      647.00        0.00
     0     3     1380.00      641.00        0.00
     0     3     1378.00      635.00        0.00
     0     3     1378.00      629.00        0.00
     0     3     1378.00      623.00        0.00
     0     3     1384.00      621.00        0.00
     0     4     1332.00      389.00        0.00
     0     4     1350.00      403.00        0.00
     0     4     1356.00      407.00        0.00
     0     4     1360.00      411.00        0.00
     0     4     1362.00      417.00        0.00
     0     4     1366.00      421.00        0.00
     0     4     1372.00      425.00        0.00
     0     4     1378.00      425.00        0.00
     0     4     1382.00      421.00        0.00
     0     4     1386.00      417.00        0.00
     0     4     1390.00      413.00        0.00
     0     4     1396.00      413.00        0.00
     0     4     1398.00      419.00        0.00
     0     4     1398.00      425.00        0.00
     0     4     1398.00      433.00        0.00
     0     4     1398.00      439.00        0.00
     0     4     1398.00      445.00        0.00
     0     4     1400.00      451.00        0.00
     0     4     1404.00      455.00        0.00
     0     4     1410.00      461.00        0.00
     0     4     1414.00      465.00        0.00
     0     4     1418.00      471.00        0.00
     0     4     1424.00      477.00        0.00
     0     4     1430.00      481.00        0.00
     0     4     1434.00      485.00        0.00
     0     4     1438.00      491.00        0.00
     0     4     1440.00      497.00        0.00
     0     4     1442.00      503.00        0.00
     0     4     1442.00      509.00        0.00
     0     4     1438.00      513.00        0.00
     0     4     1430.00      519.00        0.00
     0     4     1424.00      523.00        0.00
     0     4     1420.00      527.00        0.00
     0     4     1412.00      531.00        0.00
     0     4     1406.00      533.00        0.00
     0     4     1402.00      537.00        0.00
     0     4     1398.00      541.00        0.00
     0     4     1396.00      547.00        0.00
     0     4     1394.00      555.00        0.00
     0     4     1392.00      563.00        0.00
     0     4     1388.00      569.00        0.00
     0     4     1386.00      575.00        0.00
     0     4     1382.00      579.00        0.00
     0     4     1376.00      579.00        0.00
     0     4     1374.00      573.00        0.00
     0     4     1370.00      563.00        0.00
     0     4     1366.00      555.00        0.00
     0     4     1362.00      551.00        0.00
     0     4     1356.00      545.00        0.00
     0     4     1350.00      541.00        0.00
     0     4     1344.00      535.00        0.00
     0     4     1338.00      533.00        0.00
     0     4     1330.00      531.00        0.00
     0     4     1322.00      527.00        0.00
     0     4     1316.00      523.00        0.00
     0     4     1310.00      521.00        0.00
     0     4     1302.00      519.00        0.00
     0     4     1296.00      517.00        0.00
     0     4     1290.00      517.00        0.00
     0     4     1284.00      519.00        0.00
     0     4     1278.00      521.00        0.00
     0     4     1272.00      525.00        0.00
     0     4     1266.00      531.00        0.00
     0     4     1262.00      535.00        0.00
     0     4     1256.00      539.00        0.00
     0     4     1250.00      541.00        0.00
     0     4     1242.00      543.00        0.00
     0     4     1236.00      545.00        0.00
     0     4     1232.00      549.00        0.00
     0     4     1228.00      553.00        0.00
     0     4     1226.00      559.00        0.00
     0     4     1226.00      565.00        0.00
     0     4     1226.00      571.00        0.00
     0     4     1226.00      577.00        0.00
     0     4     1226.00      583.00        0.00
     0     4     1226.00      589.00        0.00
     0     4     1226.00      595.00        0.00
     0     4     1222.00      601.00        0.00
     0     4     1218.00      605.00        0.00
     0     4     1212.00      605.00        0.00
     0     4     1206.00      607.00        0.00
     0     4     1200.00      607.00        0.00
     0     4     1198.00      601.00        0.00
     0     4     1200.00      595.00        0.00
     0     4     1202.00      589.00        0.00
     0     4     1204.00      583.00        0.00
     0     4     1208.00      575.00        0.00
     0     4     1208.00      569.00        0.00
     0     4     1208.00      559.00        0.00
     0     4     1208.00      553.00        0.00
     0     4     1206.00      545.00        0.00
     0     4     1204.00      537.00        0.00
     0     4     1200.00      529.00        0.00
     0     4     1196.00      525.00        0.00
     0     4     1192.00      519.00        0.00
     0     4     1190.00      513.00        0.00
     0     4     1190.00      507.00        0.00
     0     4     1190.00      501.00        0.00
     0     4     1194.00      497.00        0.00
     0     4     1198.00      493.00        0.00
     0     4     1202.00      487.00        0.00
     0     4     1206.00      483.00        0.00
     0     4     1210.00      477.00        0.00
     0     4     1214.00      473.00        0.00
     0     4     1218.00      467.00        0.00
     0     4     1222.00      463.00        0.00
     0     4     1226.00      457.00        0.00
     0     4     1230.00      451.00        0.00
     0     4     1232.00      445.00        0.00
     0     4     1236.00      439.00        0.00
     0     4     1236.00      433.00        0.00
     0     4     1238.00      427.00        0.00
     0     4     1238.00      421.00        0.00
     0     4     1238.00      415.00        0.00
     0     4     1238.00      409.00        0.00
     0     4     1238.00      403.00        0.00
     0     4     1236.00      397.00        0.00
     0     4     1232.00      391.00        0.00
     0     4     1230.00      385.00        0.00
     0     4     1228.00      379.00        0.00
     0     4     1226.00      373.00        0.00
     0     4     1222.00      369.00        0.00
     0     4     1220.00      363.00        0.00
     0     4     1218.00      357.00        0.00
     0     4     1214.00      353.00        0.00
     0     4     1212.00      347.00        0.00
     0     4     1208.00      341.00        0.00
     0     4     1204.00      335.00        0.00
     0     4     1202.00      329.00        0.00
     0     4     1196.00      323.00        0.00
     0     4     1192.00      319.00        0.00
     0     4     1188.00      313.00        0.00
     0     4     1184.00      309.00        0.00
     0     4     1180.00      303.00        0.00
     0     4     1176.00      299.00        0.00
     0     4     1172.00      295.00        0.00
     0     4     1168.00      291.00        0.00
     0     4     1164.00      285.00        0.00
     0     4     1158.00      281.00        0.00
     0     4     1154.00      275.00        0.00
     0     4     1150.00      271.00        0.00
     0     4     1146.00      267.00        0.00
     0     4     1142.00      261.00        0.00
     0     4     1138.00      257.00        0.00
     0     4     1134.00      253.00        0.00
     0     4     1130.00      247.00        0.00
     0     4     1126.00      241.00        0.00
     0     4     1122.00      237.00        0.00
     0     4     1118.00      231.00        0.00
     0     4     1116.00      225.00        0.00
     0     4     1112.00      221.00        0.00
     0     4     1116.00      227.00        0.00
     0     4     1120.00      233.00        0.00
     0     4     1126.00      237.00        0.00
     0     4     1132.00      243.00        0.00
     0     4     1138.00      245.00        0.00
     0     4     1144.00      249.00        0.00
     0     4     1150.00      253.00        0.00
     0     4     1154.00      257.00        0.00
     0     4     1158.00      265.00        0.00
     0     4     1162.00      271.00        0.00
     0     4     1164.00      277.00        0.00
     0     4     1168.00      281.00        0.00
     0     4     1170.00      287.00        0.00
     0     4     1174.00      293.00        0.00
     0     4     1176.00      299.00        0.00
     0     4     1180.00      303.00        0.00
     0     4     1184.00      309.00        0.00
     0     4     1186.00      315.00        0.00
     0     4     1188.00      321.00        0.00
     0     4     1192.00      327.00        0.00
     0     4     1196.00      333.00        0.00
     0     4     1198.00      339.00        0.00
     0     4     1202.00      345.00        0.00
     0     4     1206.00      349.00        0.00
     0     4     1212.00      355.00        0.00
     0     4     1216.00      359.00        0.00
     0     4     1220.00      365.00        0.00
     0     4     1224.00      371.00        0.00
     0     4     1226.00      377.00        0.00
     0     4     1228.00      385.00        0.00
     0     4     1232.00      391.00        0.00
     0     4     1236.00      397.00        0.00
     0     4     1240.00      401.00        0.00
     0     4     1246.00      401.00        0.00
     0     4     1252.00      401.00        0.00
     0     4     1258.00      399.00        0.00
     0     4     1264.00      397.00        0.00
     0     4     1270.00      393.00        0.00
     0     4     1276.00      391.00        0.00
     0     4     1282.00      387.00        0.00
     0     4     1288.00      383.00        0.00
     0     4     1294.00      381.00        0.00
     0     4     1300.00      379.00        0.00
     0     4     1306.00      379.00        0.00
     0     4     1312.00      379.00        0.00
     0     5      286.00      625.00        0.00
     0     5      286.00      631.00        0.00
     0     5      288.00      637.00        0.00
     0     5      290.00      643.00        0.00
     0     5      292.00      649.00        0.00
     0     5      296.00      657.00        0.00
     0     5      296.00      665.00        0.00
     0     5      298.00      671.00        0.00
     0     5      300.00      677.00        0.00
     0     5      300.00      683.00        0.00
     0     5      302.00      689.00        0.00
     0     5      306.00      693.00        0.00
     0     5      308.00      699.00        0.00
     0     5      312.00      705.00        0.00
     0     5      316.00      711.00        0.00
     0     5      320.00      715.00        0.00
     0     5      324.00      719.00        0.00
     0     5      330.00      723.00        0.00
     0     5      336.00      725.00        0.00
     0     5      342.00      729.00        0.00
     0     5      348.00      733.00        0.00
     0     5      354.00      737.00        0.00
     0     5      360.00      741.00        0.00
     0     5      366.00      745.00        0.00
     0     5      372.00      749.00        0.00
     0     5      378.00      753.00        0.00
     0     5      382.00      757.00        0.00
     0     5      388.00      761.00        0.00
     0     5      392.00      765.00        0.00
     0     5      396.00      769.00        0.00
     0     5      400.00      775.00        0.00
     0     5      396.00      779.00        0.00
     0     5      390.00      779.00        0.00
     0     5      384.00      777.00        0.00
     0     5      378.00      777.00        0.00
     0     5      372.00      777.00        0.00
     0     5      362.00      777.00        0.00
     0     5      356.00      777.00        0.00
     0     5      348.00      777.00        0.00
     0     5      340.00      779.00        0.00
     0     5      332.00      779.00        0.00
     0     5      320.00      779.00        0.00
     0     5      314.00      779.00        0.00
     0     5      306.00      783.00        0.00
     0     5      300.00      785.00        0.00
     0     5      296.00      789.00        0.00
     0     5      290.00      791.00        0.00
     0     5      284.00      795.00        0.00
     0     5      280.00      799.00        0.00
     0     5      276.00      803.00        0.00
     0     5      272.00      807.00        0.00
     0     5      270.00      813.00        0.00
     0     5      266.00      819.00        0.00
     0     5      262.00      825.00        0.00
     0     5      260.00      831.00        0.00
     0     5      256.00      835.00        0.00
     0     5      248.00      835.00        0.00
     0     5      242.00      829.00        0.00
     0     5      238.00      825.00        0.00
     0     5      232.00      821.00        0.00
     0     5      228.00      817.00        0.00
     0     5      220.00      813.00        0.00
     0     5      212.00      807.00        0.00
     0     5      206.00      805.00        0.00
     0     5      202.00      801.00        0.00
     0     5      196.00      797.00        0.00
     0     5      192.00      793.00        0.00
     0     5      188.00      789.00        0.00
     0     5      182.00      785.00        0.00
     0     5      178.00      781.00        0.00
     0     5      174.00      777.00        0.00
     0     5      172.00      771.00        0.00
     0     5      168.00      767.00        0.00
     0     5      168.00      761.00        0.00
     0     5      166.00      753.00        0.00
     0     5      166.00      747.00        0.00
     0     5      166.00      741.00        0.00
     0     5      166.00      735.00        0.00
     0     5      166.00      727.00        0.00
     0     5      166.00      721.00        0.00
     0     5      164.00      715.00        0.00
     0     5      164.00      705.00        0.00
     0     5      162.00      697.00        0.00
     0     5      160.00      687.00        0.00
     0     5      158.00      681.00        0.00
     0     5      162.00      677.00        0.00
     0     5      168.00      677.00        0.00
     0     5      174.00      677.00        0.00
     0     5      182.00      673.00        0.00
     0     5      190.00      673.00        0.00
     0     5      196.00      673.00        0.00
     0     5      202.00      671.00        0.00
     0     5      208.00      671.00        0.00
     0     5      214.00      671.00        0.00
     0     5      220.00      671.00        0.00
     0     5      226.00      671.00        0.00
     0     5      232.00      671.00        0.00
     0     5      238.00      669.00        0.00
     0     5      240.00      663.00        0.00
     0     5      240.00      657.00        0.00
     0     5      242.00      651.00        0.00
     0     5      244.00      645.00        0.00
     0     5      246.00      639.00        0.00
     0     5      248.00      633.00        0.00
     0     5      252.00      629.00        0.00
     0     5      254.00      623.00        0.00
     0     5      260.00      619.00        0.00
     0     6      928.00      505.00        0.00
     0     6      918.00      505.00        0.00
     0     6      910.00      507.00        0.00
     0     6      904.00      507.00        0.00
     0     6      898.00      507.00        0.00
     0     6      892.00      507.00        0.00
     0     6      894.00      501.00        0.00
     0     6      898.00      497.00        0.00
     0     6      902.00      493.00        0.00
     0     6      902.00      487.00        0.00
     0     6      900.00      479.00        0.00
     0     6      900.00      473.00        0.00
     0     6      900.00      467.00        0.00
     0     6      904.00      463.00        0.00
     0     6      912.00      459.00        0.00
     0     6      918.00      457.00        0.00
     0     6      924.00      455.00        0.00
     0     6      930.00      453.00        0.00
     0     6      934.00      449.00        0.00
     0     6      940.00      449.00        0.00
     0     6      946.00      445.00        0.00
     0     6      952.00      443.00        0.00
     0     6      956.00      439.00        0.00
     0     6      960.00      435.00        0.00
     0     6      966.00      433.00        0.00
     0     6      972.00      429.00        0.00
     0     6      978.00      429.00        0.00
     0     6      984.00      429.00        0.00
     0     6      990.00      429.00        0.00
     0     6      996.00      427.00        0.00
     0     6     1000.00      423.00        0.00
     0     6     1004.00      419.00        0.00
     0     6     1010.00      417.00        0.00
     0     6     1010.00      411.00        0.00
     0     6     1006.00      403.00        0.00
     0     6     1006.00      397.00        0.00
     0     6     1008.00      391.00        0.00
     0     6     1012.00      385.00        0.00
     0     6     1018.00      381.00        0.00
     0     6     1024.00      377.00        0.00
     0     6     1030.00      375.00        0.00
     0     6     1038.00      373.00        0.00
     0     6     1050.00      371.00        0.00
     0     6     1056.00      371.00        0.00
     0     6     1064.00      369.00        0.00
     0     6     1070.00      369.00        0.00
     0     6     1084.00      367.00        0.00
     0     6     1092.00      367.00        0.00
     0     6     1100.00      367.00        0.00
     0     6     1106.00      367.00        0.00
     0     6     1112.00      369.00        0.00
     0     6     1118.00      373.00        0.00
     0     6     1124.00      377.00        0.00
     0     6     1130.00      383.00        0.00
     0     6     1134.00      387.00        0.00
     0     6     1142.00      397.00        0.00
     0     6     1146.00      401.00        0.00
     0     6     1150.00      407.00        0.00
     0     6     1154.00      413.00        0.00
     0     6     1158.00      417.00        0.00
     0     6     1162.00      423.00        0.00
     0     6     1164.00      429.00        0.00
     0     6     1164.00      437.00        0.00
     0     6     1160.00      441.00        0.00
     0     6     1154.00      447.00        0.00
     0     6     1148.00      451.00        0.00
     0     6     1142.00      455.00        0.00
     0     6     1136.00      457.00        0.00
     0     6     1132.00      461.00        0.00
     0     6     1128.00      465.00        0.00
     0     6     1124.00      471.00        0.00
     0     6     1122.00      477.00        0.00
     0     6     1122.00      483.00        0.00
     0     6     1120.00      489.00        0.00
     0     6     1120.00      495.00        0.00
     0     6     1122.00      501.00        0.00
     0     6     1126.00      507.00        0.00
     0     6     1128.00      513.00        0.00
     0     6     1132.00      519.00        0.00
     0     6     1140.00      529.00        0.00
     0     6     1146.00      539.00        0.00
     0     6     1152.00      545.00        0.00
     0     6     1156.00      551.00        0.00
     0     6     1160.00      555.00        0.00
     0     6     1154.00      553.00        0.00
     0     6     1146.00      549.00        0.00
     0     6     1138.00      541.00        0.00
     0     6     1132.00      535.00        0.00
     0     6     1128.00      529.00        0.00
     0     6     1124.00      523.00        0.00
     0     6     1120.00      517.00        0.00
     0     6     1116.00      513.00        0.00
     0     6     1112.00      509.00        0.00
     0     6     1104.00      509.00        0.00
     0     6     1096.00      507.00        0.00
     0     6     1090.00      507.00        0.00
     0     6     1084.00      507.00        0.00
     0     6     1076.00      507.00        0.00
     0     6     1070.00      507.00        0.00
     0     6     1062.00      505.00        0.00
     0     6     1056.00      505.00        0.00
     0     6     1048.00      505.00        0.00
     0     6     1042.00      505.00        0.00
     0     6     1034.00      505.00        0.00
     0     7     1288.00      173.00        0.00
     0     7     1300.00      167.00        0.00
     0     7     1306.00      165.00        0.00
     0     7     1314.00      163.00        0.00
     0     7     1320.00      159.00        0.00
     0     7     1326.00      157.00        0.00
     0     7     1332.00      157.00        0.00
     0     7     1338.00      157.00        0.00
     0     7     1344.00      157.00        0.00
     0     7     1352.00      157.00        0.00
     0     7     1358.00      155.00        0.00
     0     7     1364.00      151.00        0.00
     0     7     1370.00      145.00        0.00
     0     7     1374.00      139.00        0.00
     0     7     1378.00      133.00        0.00
     0     7     1382.00      125.00        0.00
     0     7     1386.00      119.00        0.00
     0     7     1390.00      111.00        0.00
     0     7     1394.00      105.00        0.00
     0     7     1400.00       99.00        0.00
     0     7     1404.00       93.00        0.00
     0     7     1408.00       87.00        0.00
     0     7     1414.00       79.00        0.00
     0     7     1420.00       75.00        0.00
     0     7     1424.00       71.00        0.00
     0     7     1428.00       67.00        0.00
     0     7     1432.00       63.00        0.00
     0     7     1434.00       57.00        0.00
     0     7     1438.00       53.00        0.00
     0     7     1434.00       59.00        0.00
     0     7     1430.00       65.00        0.00
     0     7     1426.00       69.00        0.00
     0     7     1420.00       77.00        0.00
     0     7     1416.00       81.00        0.00
     0     7     1412.00       85.00        0.00
     0     7     1408.00       89.00        0.00
     0     7     1404.00       93.00        0.00
     0     7     1402.00       99.00        0.00
     0     7     1398.00      103.00        0.00
     0     7     1394.00      107.00        0.00
     0     7     1390.00      111.00        0.00
     0     7     1388.00      117.00        0.00
     0     7     1384.00      121.00        0.00
     0     7     1380.00      127.00        0.00
     0     7     1376.00      133.00        0.00
     0     7     1374.00      139.00        0.00
     0     7     1372.00      145.00        0.00
     0     7     1370.00      151.00        0.00
     0     7     1370.00      157.00        0.00
     0     7     1370.00      163.00        0.00
     0     7     1370.00      169.00        0.00
     0     7     1370.00      177.00        0.00
     0     7     1372.00      185.00        0.00
     0     7     1372.00      193.00        0.00
     0     7     1372.00      199.00        0.00
     0     7     1372.00      207.00        0.00
     0     7     1372.00      213.00        0.00
     0     7     1372.00      219.00        0.00
     0     7     1376.00      225.00        0.00
     0     7     1378.00      231.00        0.00
     0     7     1382.00      237.00        0.00
     0     7     1386.00      241.00        0.00
     0     7     1390.00      245.00        0.00
     0     7     1396.00      249.00        0.00
     0     7     1402.00      251.00        0.00
     0     7     1408.00      255.00        0.00
     0     7     1414.00      259.00        0.00
     0     7     1418.00      263.00        0.00
     0     7     1422.00      267.00        0.00
     0     7     1426.00      273.00        0.00
     0     7     1432.00      277.00        0.00
     0     7     1440.00      281.00        0.00
     0     7     1444.00      285.00        0.00
     0     7     1450.00      289.00        0.00
     0     7     1456.00      293.00        0.00
     0     7     1462.00      297.00        0.00
     0     7     1470.00      301.00        0.00
     0     7     1476.00      303.00        0.00
     0     7     1482.00      305.00        0.00
     0     7     1490.00      307.00        0.00
     0     7     1496.00      307.00        0.00
     0     7     1500.00      311.00        0.00
     0     7     1506.00      313.00        0.00
     0     7     1508.00      319.00        0.00
     0     7     1510.00      325.00        0.00
     0     7     1510.00      333.00        0.00
     0     7     1508.00      339.00        0.00
     0     7     1506.00      347.00        0.00
     0     7     1504.00      353.00        0.00
     0     7     1500.00      359.00        0.00
     0     7     1496.00      367.00        0.00
     0     7     1492.00      373.00        0.00
     0     7     1488.00      379.00        0.00
     0     7     1486.00      385.00        0.00
     0     7     1482.00      391.00        0.00
     0     7     1476.00      395.00        0.00
     0     7     1472.00      401.00        0.00
     0     7     1466.00      405.00        0.00
     0     7     1462.00      409.00        0.00
     0     7     1456.00      413.00        0.00
     0     7     1450.00      417.00        0.00
     0     7     1444.00      419.00        0.00
     0     7     1438.00      421.00        0.00
     0     7     1432.00      421.00        0.00
     0     7     1424.00      421.00        0.00
     0     7     1418.00      417.00        0.00
     0     7     1412.00      415.00        0.00
     0     7     1406.00      413.00        0.00
     0     7     1400.00      413.00        0.00
     0     7     1394.00      413.00        0.00
     0     7     1388.00      413.00        0.00
     0     7     1382.00      415.00        0.00
     0     7     1376.00      415.00        0.00
     0     7     1370.00      415.00        0.00
     0     7     1362.00      413.00        0.00
     0     7     1354.00      409.00        0.00
     0     7     1350.00      405.00        0.00
     0     7     1344.00      401.00        0.00
     0     7     1340.00      397.00        0.00
     0     7     1336.00      393.00        0.00
     0     7     1332.00      389.00        0.00
     0     7     1328.00      385.00        0.00
     0     7     1320.00      381.00        0.00
     0     7     1314.00      379.00        0.00
     0     7     1308.00      377.00        0.00
     0     7     1302.00      373.00        0.00
     0     7     1296.00      371.00        0.00
     0     7     1290.00      369.00        0.00
     0     7     1286.00      363.00        0.00
     0     7     1286.00      355.00        0.00
     0     7     1286.00      347.00        0.00
     0     7     1288.00      341.00        0.00
     0     7     1292.00      333.00        0.00
     0     7     1294.00      327.00        0.00
     0     7     1298.00      321.00        0.00
     0     7     1300.00      315.00        0.00
     0     7     1302.00      309.00        0.00
     0     7     1306.00      303.00        0.00
     0     7     1310.00      295.00        0.00
     0     7     1314.00      287.00        0.00
     0     7     1314.00      281.00        0.00
     0     7     1314.00      275.00        0.00
     0     7     1314.00      269.00        0.00
     0     7     1312.00      263.00        0.00
     0     7     1310.00      257.00        0.00
     0     7     1306.00      251.00        0.00
     0     7     1306.00      245.00        0.00
     0     7     1302.00      241.00        0.00
     0     7     1302.00      235.00        0.00
     0     7     1300.00      229.00        0.00
     0     7     1298.00      223.00        0.00
     0     7     1296.00      217.00        0.00
     0     7     1294.00      211.00        0.00
     0     8     1718.00      239.00        0.00
     0     8     1724.00      243.00        0.00
     0     8     1730.00      247.00        0.00
     0     8     1736.00      249.00        0.00
     0     8     1742.00      251.00        0.00
     0     8     1748.00      253.00        0.00
     0     8     1756.00      253.00        0.00
     0     8     1766.00      253.00        0.00
     0     8     1772.00      255.00        0.00
     0     8     1780.00      255.00        0.00
     0     8     1786.00      255.00        0.00
     0     8     1792.00      255.00        0.00
     0     8     1798.00      255.00        0.00
     0     8     1804.00      255.00        0.00
     0     8     1812.00      257.00        0.00
     0     8     1818.00      259.00        0.00
     0     8     1824.00      259.00        0.00
     0     8     1830.00      261.00        0.00
     0     8     1836.00      265.00        0.00
     0     8     1842.00      267.00        0.00
     0     8     1850.00      271.00        0.00
     0     8     1852.00      277.00        0.00
     0     8     1846.00      281.00        0.00
     0     8     1840.00      283.00        0.00
     0     8     1834.00      285.00        0.00
     0     8     1828.00      289.00        0.00
     0     8     1822.00      293.00        0.00
     0     8     1818.00      297.00        0.00
     0     8     1814.00      305.00        0.00
     0     8     1810.00      311.00        0.00
     0     8     1808.00      317.00        0.00
     0     8     1808.00      323.00        0.00
     0     8     1806.00      329.00        0.00
     0     8     1806.00      337.00        0.00
     0     8     1806.00      345.00        0.00
     0     8     1808.00      353.00        0.00
     0     8     1814.00      359.00        0.00
     0     8     1820.00      365.00        0.00
     0     8     1826.00      371.00        0.00
     0     8     1834.00      375.00        0.00
     0     8     1842.00      377.00        0.00
     0     8     1848.00      379.00        0.00
     0     8     1854.00      379.00        0.00
     0     8     1860.00      381.00        0.00
     0     8     1862.00      387.00        0.00
     0     8     1862.00      397.00        0.00
     0     8     1860.00      403.00        0.00
     0     8     1856.00      407.00        0.00
     0     8     1852.00      413.00        0.00
     0     8     1848.00      417.00        0.00
     0     8     1840.00      419.00        0.00
     0     8     1834.00      419.00        0.00
     0     8     1826.00      421.00        0.00
     0     8     1820.00      423.00        0.00
     0     8     1814.00      425.00        0.00
     0     8     1810.00      429.00        0.00
     0     8     1808.00      435.00        0.00
     0     8     1808.00      441.00        0.00
     0     8     1808.00      449.00        0.00
     0     8     1810.00      455.00        0.00
     0     8     1812.00      463.00        0.00
     0     8     1814.00      469.00        0.00
     0     8     1814.00      475.00        0.00
     0     8     1808.00      477.00        0.00
     0     8     1802.00      477.00        0.00
     0     8     1798.00      473.00        0.00
     0     8     1794.00      469.00        0.00
     0     8     1790.00      463.00        0.00
     0     8     1786.00      459.00        0.00
     0     8     1782.00      455.00        0.00
     0     8     1778.00      451.00        0.00
     0     8     1772.00      445.00        0.00
     0     8     1768.00      441.00        0.00
     0     8     1764.00      435.00        0.00
     0     8     1760.00      429.00        0.00
     0     8     1756.00      423.00        0.00
     0     8     1750.00      419.00        0.00
     0     8     1746.00      415.00        0.00
     0     8     1742.00      411.00        0.00
     0     8     1740.00      405.00        0.00
     0     8     1736.00      401.00        0.00
     0     8     1732.00      395.00        0.00
     0     8     1728.00      391.00        0.00
     0     8     1722.00      387.00        0.00
     0     8     1716.00      385.00        0.00
     0     8     1710.00      385.00        0.00
     0     8     1704.00      385.00        0.00
     0     8     1700.00      391.00        0.00
     0     8     1696.00      397.00        0.00
     0     8     1694.00      403.00        0.00
     0     8     1690.00      411.00        0.00
     0     8     1686.00      417.00        0.00
     0     8     1682.00      423.00        0.00
     0     8     1686.00      417.00        0.00
     0     8     1686.00      411.00        0.00
     0     8     1688.00      403.00        0.00
     0     8     1690.00      397.00        0.00
     0     8     1690.00      391.00        0.00
     0     8     1692.00      385.00        0.00
     0     8     1692.00      379.00        0.00
     0     8     1692.00      373.00        0.00
     0     8     1690.00      367.00        0.00
     0     8     1688.00      361.00        0.00
     0     8     1686.00      353.00        0.00
     0     8     1684.00      347.00        0.00
     0     8     1682.00      341.00        0.00
     0     8     1680.00      335.00        0.00
     0     8     1676.00      331.00        0.00
     0     8     1672.00      325.00        0.00
     0     8     1668.00      321.00        0.00
     0     8     1664.00      317.00        0.00
     0     8     1658.00      313.00        0.00
     0     8     1654.00      309.00        0.00
     0     8     1648.00      307.00        0.00
     0     8     1640.00      303.00        0.00
     0     8     1634.00      301.00        0.00
     0     8     1630.00      295.00        0.00
     0     8     1638.00      293.00        0.00
     0     8     1646.00      293.00        0.00
     0     8     1652.00      293.00        0.00
     0     8     1658.00      291.00        0.00
     0     8     1664.00      291.00        0.00
     0     8     1668.00      287.00        0.00
     0     8     1672.00      283.00        0.00
     0     8     1676.00      277.00        0.00
     0     8     1680.00      271.00        0.00
     0     8     1684.00      267.00        0.00
     0     8     1688.00      263.00        0.00
     0     8     1690.00      257.00        0.00
     0     8     1690.00      251.00        0.00
     0     8     1690.00      245.00        0.00
