     0     0      938.00      469.00        0.00
     0     0      948.00      483.00        0.00
     0     0      954.00      491.00        0.00
     0     0      960.00      495.00        0.00
     0     0      966.00      497.00        0.00
     0     0      972.00      497.00        0.00
     0     0      978.00      497.00        0.00
     0     0      986.00      497.00        0.00
     0     0      992.00      497.00        0.00
     0     0      998.00      497.00        0.00
     0     0     1006.00      495.00        0.00
     0     0     1012.00      495.00        0.00
     0     0     1018.00      497.00        0.00
     0     0     1024.00      497.00        0.00
     0     0     1028.00      503.00        0.00
     0     0     1034.00      505.00        0.00
     0     0     1040.00      507.00        0.00
     0     0     1046.00      511.00        0.00
     0     0     1052.00      511.00        0.00
     0     0     1058.00      513.00        0.00
     0     0     1064.00      513.00        0.00
     0     0     1070.00      513.00        0.00
     0     0     1076.00      513.00        0.00
     0     0     1082.00      513.00        0.00
     0     0     1088.00      513.00        0.00
     0     0     1094.00      513.00        0.00
     0     0     1088.00      515.00        0.00
     0     0     1076.00      517.00        0.00
     0     0     1066.00      517.00        0.00
     0     0     1060.00      519.00        0.00
     0     0     1054.00      521.00        0.00
     0     0     1048.00      521.00        0.00
     0     0     1042.00      525.00        0.00
     0     0     1036.00      527.00        0.00
     0     0     1032.00      533.00        0.00
     0     0     1026.00      537.00        0.00
     0     0     1022.00      541.00        0.00
     0     0     1018.00      545.00        0.00
     0     0     1016.00      551.00        0.00
     0     0     1016.00      557.00        0.00
     0     0     1014.00      563.00        0.00
     0     0     1014.00      569.00        0.00
     0     0     1010.00      573.00        0.00
     0     0     1008.00      579.00        0.00
     0     0     1002.00      581.00        0.00
     0     0      996.00      585.00        0.00
     0     0      990.00      587.00        0.00
     0     0      984.00      591.00        0.00
     0     0      978.00      593.00        0.00
     0     0      972.00      597.00        0.00
     0     0      970.00      603.00        0.00
     0     0      966.00      607.00        0.00
     0     0      964.00      613.00        0.00
     0     0      962.00      619.00        0.00
     0     0      958.00      625.00        0.00
     0     0      958.00      631.00        0.00
     0     0      954.00      637.00        0.00
     0     0      948.00      637.00        0.00
     0     0      942.00      637.00        0.00
     0     0      936.00      637.00        0.00
     0     0      930.00      635.00        0.00
     0     0      924.00      635.00        0.00
     0     0      918.00      631.00        0.00
     0     0      912.00      629.00        0.00
     0     0      908.00      625.00        0.00
     0     0      904.00      621.00        0.00
     0     0      898.00      621.00        0.00
     0     0      892.00      619.00        0.00
     0     0      890.00      613.00        0.00
     0     0      886.00      609.00        0.00
     0     0      880.00      607.00        0.00
     0     0      874.00      607.00        0.00
     0     0      870.00      611.00        0.00
     0     0      864.00      613.00        0.00
     0     0      858.00      611.00        0.00
     0     0      854.00      605.00        0.00
     0     0      850.00      601.00        0.00
     0     0      846.00      597.00        0.00
     0     0      844.00      591.00        0.00
     0     0      842.00      585.00        0.00
     0     0      842.00      579.00        0.00
     0     0      842.00      573.00        0.00
     0     0      842.00      567.00        0.00
     0     0      842.00      559.00        0.00
     0     0      842.00      553.00        0.00
     0     0      842.00      547.00        0.00
     0     0      842.00      539.00        0.00
     0     0      842.00      533.00        0.00
     0     0      842.00      527.00        0.00
     0     0      844.00      521.00        0.00
     0     0      846.00      515.00        0.00
     0     0      850.00      509.00        0.00
     0     0      854.00      505.00        0.00
     0     0      860.00      501.00        0.00
     0     0      864.00      497.00        0.00
     0     0      870.00      493.00        0.00
     0     0      874.00      489.00        0.00
     0     0      880.00      487.00        0.00
     0     0      884.00      483.00        0.00
     0     0      890.00      481.00        0.00
     0     0      894.00      477.00        0.00
     0     0      900.00      473.00        0.00
     0     0      906.00      471.00        0.00
     0     0      910.00      467.00        0.00
     0     1      822.00      555.00        0.00
     0     1      830.00      575.00        0.00
     0     1      832.00      581.00        0.00
     0     1      834.00      587.00        0.00
     0     1      836.00      593.00        0.00
     0     1      840.00      597.00        0.00
     0     1      842.00      603.00        0.00
     0     1      846.00      609.00        0.00
     0     1      850.00      613.00        0.00
     0     1      852.00      619.00        0.00
     0     1      854.00      625.00        0.00
     0     1      858.00      629.00        0.00
     0     1      860.00      635.00        0.00
     0     1      864.00      639.00        0.00
     0     1      868.00      643.00        0.00
     0     1      872.00      647.00        0.00
     0     1      876.00      651.00        0.00
     0     1      880.00      655.00        0.00
     0     1      882.00      661.00        0.00
     0     1      882.00      667.00        0.00
     0     1      882.00      673.00        0.00
     0     1      880.00      679.00        0.00
     0     1      874.00      681.00        0.00
     0     1      868.00      681.00        0.00
     0     1      862.00      681.00        0.00
     0     1      854.00      681.00        0.00
     0     1      848.00      681.00        0.00
     0     1      840.00      677.00        0.00
     0     1      832.00      673.00        0.00
     0     1      826.00      669.00        0.00
     0     1      820.00      665.00        0.00
     0     1      814.00      661.00        0.00
     0     1      806.00      655.00        0.00
     0     1      802.00      651.00        0.00
     0     1      798.00      647.00        0.00
     0     1      792.00      639.00        0.00
     0     1      788.00      633.00        0.00
     0     1      784.00      627.00        0.00
     0     1      780.00      621.00        0.00
     0     1      776.00      617.00        0.00
     0     1      772.00      611.00        0.00
     0     1      768.00      605.00        0.00
     0     1      764.00      601.00        0.00
     0     1      760.00      597.00        0.00
     0     1      754.00      595.00        0.00
     0     1      752.00      589.00        0.00
     0     1      752.00      583.00        0.00
     0     1      752.00      577.00        0.00
     0     1      752.00      571.00        0.00
     0     1      752.00      565.00        0.00
     0     1      752.00      559.00        0.00
     0     1      750.00      553.00        0.00
     0     1      746.00      549.00        0.00
     0     1      742.00      545.00        0.00
     0     1      744.00      537.00        0.00
     0     1      748.00      533.00        0.00
     0     1      750.00      527.00        0.00
     0     1      752.00      521.00        0.00
     0     1      752.00      513.00        0.00
     0     1      752.00      507.00        0.00
     0     1      752.00      497.00        0.00
     0     1      754.00      491.00        0.00
     0     1      754.00      485.00        0.00
     0     1      754.00      479.00        0.00
     0     1      754.00      471.00        0.00
     0     1      754.00      465.00        0.00
     0     1      756.00      459.00        0.00
     0     1      760.00      453.00        0.00
     0     1      764.00      447.00        0.00
     0     1      768.00      441.00        0.00
     0     1      774.00      433.00        0.00
     0     1      780.00      427.00        0.00
     0     1      784.00      421.00        0.00
     0     1      788.00      417.00        0.00
     0     1      790.00      409.00        0.00
     0     1      794.00      405.00        0.00
     0     1      798.00      399.00        0.00
     0     1      802.00      395.00        0.00
     0     1      806.00      389.00        0.00
     0     1      810.00      383.00        0.00
     0     1      814.00      379.00        0.00
     0     1      818.00      375.00        0.00
     0     1      824.00      369.00        0.00
     0     1      830.00      367.00        0.00
     0     1      836.00      367.00        0.00
     0     1      842.00      367.00        0.00
     0     1      848.00      369.00        0.00
     0     1      854.00      373.00        0.00
     0     1      860.00      377.00        0.00
     0     1      864.00      383.00        0.00
     0     1      866.00      389.00        0.00
     0     1      870.00      397.00        0.00
     0     1      870.00      403.00        0.00
     0     1      872.00      411.00        0.00
     0     1      872.00      417.00        0.00
     0     1      872.00      427.00        0.00
     0     1      872.00      433.00        0.00
     0     1      868.00      441.00        0.00
     0     1      864.00      447.00        0.00
     0     1      860.00      453.00        0.00
     0     1      858.00      459.00        0.00
     0     1      854.00      467.00        0.00
     0     1      850.00      473.00        0.00
     0     1      846.00      479.00        0.00
     0     1      842.00      485.00        0.00
     0     1      838.00      489.00        0.00
     0     1      834.00      493.00        0.00
     0     1      830.00      497.00        0.00
     0     1      826.00      503.00        0.00
     0     1      824.00      509.00        0.00
     0     1      822.00      515.00        0.00
     0     1      820.00      521.00        0.00
     0     2      446.00      353.00        0.00
     0     2      466.00      365.00        0.00
     0     2      472.00      367.00        0.00
     0     2      478.00      369.00        0.00
     0     2      484.00      371.00        0.00
     0     2      490.00      373.00        0.00
     0     2      496.00      377.00        0.00
     0     2      502.00      379.00        0.00
     0     2      508.00      383.00        0.00
     0     2      514.00      385.00        0.00
     0     2      522.00      389.00        0.00
     0     2      528.00      391.00        0.00
     0     2      534.00      395.00        0.00
     0     2      540.00      399.00        0.00
     0     2      546.00      401.00        0.00
     0     2      552.00      403.00        0.00
     0     2      556.00      407.00        0.00
     0     2      564.00      409.00        0.00
     0     2      570.00      411.00        0.00
     0     2      574.00      415.00        0.00
     0     2      578.00      419.00        0.00
     0     2      582.00      423.00        0.00
     0     2      582.00      429.00        0.00
     0     2      582.00      435.00        0.00
     0     2      580.00      441.00        0.00
     0     2      578.00      447.00        0.00
     0     2      576.00      453.00        0.00
     0     2      574.00      459.00        0.00
     0     2      574.00      465.00        0.00
     0     2      574.00      471.00        0.00
     0     2      576.00      477.00        0.00
     0     2      578.00      485.00        0.00
     0     2      580.00      491.00        0.00
     0     2      574.00      493.00        0.00
     0     2      566.00      489.00        0.00
     0     2      560.00      489.00        0.00
     0     2      552.00      487.00        0.00
     0     2      544.00      483.00        0.00
     0     2      538.00      479.00        0.00
     0     2      530.00      479.00        0.00
     0     2      524.00      479.00        0.00
     0     2      518.00      477.00        0.00
     0     2      512.00      479.00        0.00
     0     2      508.00      483.00        0.00
     0     2      504.00      487.00        0.00
     0     2      500.00      493.00        0.00
     0     2      496.00      497.00        0.00
     0     2      490.00      499.00        0.00
     0     2      484.00      501.00        0.00
     0     2      478.00      501.00        0.00
     0     2      472.00      501.00        0.00
     0     2      466.00      499.00        0.00
     0     2      460.00      495.00        0.00
     0     2      452.00      491.00        0.00
     0     2      444.00      485.00        0.00
     0     2      438.00      483.00        0.00
     0     2      434.00      479.00        0.00
     0     2      428.00      477.00        0.00
     0     2      422.00      477.00        0.00
     0     2      420.00      483.00        0.00
     0     2      418.00      489.00        0.00
     0     2      412.00      493.00        0.00
     0     2      404.00      493.00        0.00
     0     2      398.00      493.00        0.00
     0     2      390.00      489.00        0.00
     0     2      384.00      485.00        0.00
     0     2      378.00      483.00        0.00
     0     2      370.00      481.00        0.00
     0     2      364.00      481.00        0.00
     0     2      358.00      485.00        0.00
     0     2      354.00      489.00        0.00
     0     2      350.00      493.00        0.00
     0     2      344.00      497.00        0.00
     0     2      338.00      501.00        0.00
     0     2      332.00      503.00        0.00
     0     2      326.00      503.00        0.00
     0     2      320.00      503.00        0.00
     0     2      312.00      501.00        0.00
     0     2      306.00      501.00        0.00
     0     2      300.00      499.00        0.00
     0     2      294.00      495.00        0.00
     0     2      288.00      491.00        0.00
     0     2      284.00      487.00        0.00
     0     2      278.00      481.00        0.00
     0     2      272.00      477.00        0.00
     0     2      270.00      471.00        0.00
     0     2      266.00      467.00        0.00
     0     2      260.00      459.00        0.00
     0     2      258.00      453.00        0.00
     0     2      254.00      449.00        0.00
     0     2      252.00      443.00        0.00
     0     2      248.00      439.00        0.00
     0     2      244.00      433.00        0.00
     0     2      240.00      429.00        0.00
     0     2      236.00      425.00        0.00
     0     2      232.00      417.00        0.00
     0     2      230.00      411.00        0.00
     0     2      226.00      405.00        0.00
     0     2      224.00      399.00        0.00
     0     2      222.00      393.00        0.00
     0     2      220.00      387.00        0.00
     0     2      220.00      379.00        0.00
     0     2      220.00      373.00        0.00
     0     2      220.00      365.00        0.00
     0     2      220.00      359.00        0.00
     0     2      222.00      351.00        0.00
     0     2      226.00      343.00        0.00
     0     2      230.00      339.00        0.00
     0     2      236.00      335.00        0.00
     0     2      242.00      333.00        0.00
     0     2      248.00      331.00        0.00
     0     2      254.00      329.00        0.00
     0     2      262.00      329.00        0.00
     0     2      268.00      327.00        0.00
     0     2      274.00      327.00        0.00
     0     2      280.00      325.00        0.00
     0     2      286.00      325.00        0.00
     0     2      290.00      321.00        0.00
     0     2      294.00      317.00        0.00
     0     2      300.00      317.00        0.00
     0     2      306.00      317.00        0.00
     0     2      312.00      317.00        0.00
     0     2      320.00      317.00        0.00
     0     2      326.00      317.00        0.00
     0     2      334.00      319.00        0.00
     0     2      340.00      319.00        0.00
     0     2      348.00      321.00        0.00
     0     2      356.00      323.00        0.00
     0     2      362.00      325.00        0.00
     0     2      368.00      325.00        0.00
     0     2      374.00      325.00        0.00
     0     2      380.00      327.00        0.00
     0     2      388.00      329.00        0.00
     0     2      394.00      331.00        0.00
     0     2      400.00      333.00        0.00
     0     2      406.00      337.00        0.00
     0     2      412.00      339.00        0.00
     0     3      302.00      525.00        0.00
     0     3      304.00      541.00        0.00
     0     3      300.00      545.00        0.00
     0     3      294.00      545.00        0.00
     0     3      288.00      545.00        0.00
     0     3      276.00      545.00        0.00
     0     3      268.00      545.00        0.00
     0     3      262.00      545.00        0.00
     0     3      256.00      543.00        0.00
     0     3      252.00      539.00        0.00
     0     3      248.00      535.00        0.00
     0     3      244.00      531.00        0.00
     0     3      240.00      525.00        0.00
     0     3      236.00      519.00        0.00
     0     3      232.00      513.00        0.00
     0     3      228.00      509.00        0.00
     0     3      222.00      507.00        0.00
     0     3      216.00      507.00        0.00
     0     3      212.00      511.00        0.00
     0     3      210.00      517.00        0.00
     0     3      208.00      523.00        0.00
     0     3      206.00      529.00        0.00
     0     3      204.00      535.00        0.00
     0     3      202.00      541.00        0.00
     0     3      202.00      549.00        0.00
     0     3      200.00      555.00        0.00
     0     3      200.00      563.00        0.00
     0     3      200.00      569.00        0.00
     0     3      200.00      575.00        0.00
     0     3      200.00      581.00        0.00
     0     3      200.00      587.00        0.00
     0     3      200.00      597.00        0.00
     0     3      200.00      603.00        0.00
     0     3      200.00      611.00        0.00
     0     3      200.00      617.00        0.00
     0     3      200.00      625.00        0.00
     0     3      200.00      631.00        0.00
     0     3      200.00      637.00        0.00
     0     3      200.00      643.00        0.00
     0     3      200.00      651.00        0.00
     0     3      200.00      661.00        0.00
     0     3      200.00      667.00        0.00
     0     3      202.00      677.00        0.00
     0     3      204.00      687.00        0.00
     0     3      206.00      693.00        0.00
     0     3      206.00      701.00        0.00
     0     3      208.00      711.00        0.00
     0     3      210.00      717.00        0.00
     0     3      212.00      725.00        0.00
     0     3      216.00      731.00        0.00
     0     3      222.00      739.00        0.00
     0     3      228.00      745.00        0.00
     0     3      232.00      749.00        0.00
     0     3      238.00      753.00        0.00
     0     3      242.00      757.00        0.00
     0     3      246.00      761.00        0.00
     0     3      250.00      765.00        0.00
     0     3      254.00      769.00        0.00
     0     3      260.00      773.00        0.00
     0     3      264.00      777.00        0.00
     0     3      270.00      779.00        0.00
     0     3      264.00      777.00        0.00
     0     3      260.00      773.00        0.00
     0     3      254.00      769.00        0.00
     0     3      250.00      765.00        0.00
     0     3      246.00      761.00        0.00
     0     3      242.00      757.00        0.00
     0     3      234.00      751.00        0.00
     0     3      230.00      745.00        0.00
     0     3      226.00      741.00        0.00
     0     3      222.00      737.00        0.00
     0     3      218.00      729.00        0.00
     0     3      216.00      723.00        0.00
     0     3      214.00      715.00        0.00
     0     3      212.00      707.00        0.00
     0     3      210.00      701.00        0.00
     0     3      208.00      691.00        0.00
     0     3      208.00      681.00        0.00
     0     3      208.00      673.00        0.00
     0     3      206.00      665.00        0.00
     0     3      206.00      657.00        0.00
     0     3      204.00      649.00        0.00
     0     3      202.00      639.00        0.00
     0     3      200.00      631.00        0.00
     0     3      200.00      625.00        0.00
     0     3      198.00      613.00        0.00
     0     3      196.00      601.00        0.00
     0     3      194.00      595.00        0.00
     0     3      192.00      587.00        0.00
     0     3      188.00      579.00        0.00
     0     3      188.00      573.00        0.00
     0     3      184.00      569.00        0.00
     0     3      180.00      561.00        0.00
     0     3      174.00      553.00        0.00
     0     3      170.00      545.00        0.00
     0     3      168.00      537.00        0.00
     0     3      164.00      533.00        0.00
     0     3      160.00      527.00        0.00
     0     3      158.00      521.00        0.00
     0     3      156.00      515.00        0.00
     0     3      150.00      507.00        0.00
     0     3      144.00      499.00        0.00
     0     3      140.00      495.00        0.00
     0     3      136.00      487.00        0.00
     0     3      132.00      479.00        0.00
     0     3      132.00      473.00        0.00
     0     3      130.00      465.00        0.00
     0     3      130.00      459.00        0.00
     0     3      130.00      451.00        0.00
     0     3      130.00      441.00        0.00
     0     3      130.00      429.00        0.00
     0     3      132.00      419.00        0.00
     0     3      132.00      409.00        0.00
     0     3      134.00      401.00        0.00
     0     3      138.00      389.00        0.00
     0     3      140.00      379.00        0.00
     0     3      144.00      371.00        0.00
     0     3      146.00      361.00        0.00
     0     3      150.00      351.00        0.00
     0     3      152.00      341.00        0.00
     0     3      156.00      335.00        0.00
     0     3      158.00      327.00        0.00
     0     3      160.00      319.00        0.00
     0     3      162.00      311.00        0.00
     0     3      166.00      307.00        0.00
     0     3      168.00      301.00        0.00
     0     3      170.00      293.00        0.00
     0     3      170.00      285.00        0.00
     0     3      172.00      275.00        0.00
     0     3      176.00      267.00        0.00
     0     3      178.00      261.00        0.00
     0     3      178.00      255.00        0.00
     0     3      178.00      245.00        0.00
     0     3      182.00      237.00        0.00
     0     3      186.00      233.00        0.00
     0     3      190.00      229.00        0.00
     0     3      196.00      227.00        0.00
     0     3      202.00      229.00        0.00
     0     3      204.00      235.00        0.00
     0     3      208.00      239.00        0.00
     0     3      210.00      247.00        0.00
     0     3      212.00      253.00        0.00
     0     3      212.00      263.00        0.00
     0     3      212.00      269.00        0.00
     0     3      210.00      277.00        0.00
     0     3      208.00      283.00        0.00
     0     3      206.00      293.00        0.00
     0     3      206.00      301.00        0.00
     0     3      204.00      309.00        0.00
     0     3      202.00      319.00        0.00
     0     3      202.00      325.00        0.00
     0     3      202.00      331.00        0.00
     0     3      202.00      337.00        0.00
     0     3      204.00      343.00        0.00
     0     3      204.00      349.00        0.00
     0     3      204.00      355.00        0.00
     0     3      206.00      361.00        0.00
     0     3      208.00      369.00        0.00
     0     3      210.00      375.00        0.00
     0     3      212.00      383.00        0.00
     0     3      214.00      391.00        0.00
     0     3      218.00      397.00        0.00
     0     3      222.00      405.00        0.00
     0     3      226.00      411.00        0.00
     0     3      228.00      417.00        0.00
     0     3      230.00      423.00        0.00
     0     3      234.00      429.00        0.00
     0     3      236.00      435.00        0.00
     0     3      238.00      441.00        0.00
     0     3      242.00      445.00        0.00
     0     3      246.00      449.00        0.00
     0     3      250.00      455.00        0.00
     0     3      252.00      461.00        0.00
     0     3      256.00      467.00        0.00
     0     3      260.00      473.00        0.00
     0     3      264.00      477.00        0.00
     0     3      266.00      483.00        0.00
     0     4      578.00      595.00        0.00
     0     4      590.00      597.00        0.00
     0     4      594.00      601.00        0.00
     0     4      598.00      605.00        0.00
     0     4      600.00      611.00        0.00
     0     4      600.00      617.00        0.00
     0     4      600.00      623.00        0.00
     0     4      604.00      631.00        0.00
     0     4      606.00      637.00        0.00
     0     4      610.00      641.00        0.00
     0     4      616.00      643.00        0.00
     0     4      622.00      643.00        0.00
     0     4      628.00      641.00        0.00
     0     4      636.00      639.00        0.00
     0     4      638.00      645.00        0.00
     0     4      632.00      651.00        0.00
     0     4      626.00      657.00        0.00
     0     4      620.00      663.00        0.00
     0     4      616.00      669.00        0.00
     0     4      612.00      675.00        0.00
     0     4      608.00      681.00        0.00
     0     4      602.00      681.00        0.00
     0     4      592.00      685.00        0.00
     0     4      586.00      691.00        0.00
     0     4      584.00      697.00        0.00
     0     4      588.00      703.00        0.00
     0     4      594.00      707.00        0.00
     0     4      596.00      713.00        0.00
     0     4      588.00      719.00        0.00
     0     4      582.00      725.00        0.00
     0     4      578.00      729.00        0.00
     0     4      572.00      737.00        0.00
     0     4      568.00      743.00        0.00
     0     4      564.00      749.00        0.00
     0     4      564.00      755.00        0.00
     0     4      562.00      765.00        0.00
     0     4      558.00      771.00        0.00
     0     4      552.00      773.00        0.00
     0     4      546.00      773.00        0.00
     0     4      540.00      771.00        0.00
     0     4      530.00      765.00        0.00
     0     4      522.00      761.00        0.00
     0     4      512.00      757.00        0.00
     0     4      504.00      753.00        0.00
     0     4      496.00      749.00        0.00
     0     4      490.00      745.00        0.00
     0     4      484.00      743.00        0.00
     0     4      478.00      741.00        0.00
     0     4      468.00      739.00        0.00
     0     4      462.00      737.00        0.00
     0     4      454.00      735.00        0.00
     0     4      448.00      733.00        0.00
     0     4      440.00      733.00        0.00
     0     4      434.00      733.00        0.00
     0     4      428.00      731.00        0.00
     0     4      420.00      729.00        0.00
     0     4      414.00      727.00        0.00
     0     4      406.00      725.00        0.00
     0     4      400.00      725.00        0.00
     0     4      394.00      725.00        0.00
     0     4      388.00      727.00        0.00
     0     4      382.00      727.00        0.00
     0     4      376.00      729.00        0.00
     0     4      370.00      731.00        0.00
     0     4      364.00      733.00        0.00
     0     4      358.00      739.00        0.00
     0     4      354.00      743.00        0.00
     0     4      350.00      751.00        0.00
     0     4      342.00      757.00        0.00
     0     4      338.00      763.00        0.00
     0     4      332.00      767.00        0.00
     0     4      338.00      761.00        0.00
     0     4      344.00      753.00        0.00
     0     4      348.00      747.00        0.00
     0     4      352.00      741.00        0.00
     0     4      356.00      733.00        0.00
     0     4      360.00      729.00        0.00
     0     4      364.00      725.00        0.00
     0     4      370.00      721.00        0.00
     0     4      376.00      719.00        0.00
     0     4      382.00      717.00        0.00
     0     4      388.00      715.00        0.00
     0     4      394.00      713.00        0.00
     0     4      402.00      711.00        0.00
     0     4      408.00      709.00        0.00
     0     4      412.00      705.00        0.00
     0     4      418.00      705.00        0.00
     0     4      424.00      701.00        0.00
     0     4      428.00      695.00        0.00
     0     4      432.00      691.00        0.00
     0     4      436.00      687.00        0.00
     0     4      440.00      681.00        0.00
     0     4      444.00      677.00        0.00
     0     4      448.00      671.00        0.00
     0     4      452.00      667.00        0.00
     0     4      454.00      661.00        0.00
     0     4      456.00      655.00        0.00
     0     4      460.00      649.00        0.00
     0     4      460.00      643.00        0.00
     0     4      456.00      639.00        0.00
     0     4      450.00      637.00        0.00
     0     4      444.00      635.00        0.00
     0     4      438.00      633.00        0.00
     0     4      436.00      627.00        0.00
     0     4      436.00      621.00        0.00
     0     4      440.00      617.00        0.00
     0     4      444.00      613.00        0.00
     0     4      452.00      611.00        0.00
     0     4      458.00      609.00        0.00
     0     4      466.00      605.00        0.00
     0     4      472.00      605.00        0.00
     0     4      476.00      601.00        0.00
     0     4      480.00      597.00        0.00
     0     4      486.00      595.00        0.00
     0     4      492.00      593.00        0.00
     0     4      500.00      593.00        0.00
     0     4      506.00      593.00        0.00
     0     4      512.00      595.00        0.00
     0     4      518.00      597.00        0.00
     0     4      524.00      597.00        0.00
     0     4      530.00      601.00        0.00
     0     4      536.00      601.00        0.00
     0     4      542.00      601.00        0.00
     0     4      548.00      599.00        0.00
     0     5      558.00      781.00        0.00
     0     5      568.00      793.00        0.00
     0     5      572.00      799.00        0.00
     0     5      576.00      805.00        0.00
     0     5      580.00      811.00        0.00
     0     5      584.00      817.00        0.00
     0     5      588.00      821.00        0.00
     0     5      592.00      827.00        0.00
     0     5      596.00      831.00        0.00
     0     5      600.00      835.00        0.00
     0     5      606.00      841.00        0.00
     0     5      612.00      845.00        0.00
     0     5      618.00      851.00        0.00
     0     5      626.00      853.00        0.00
     0     5      636.00      857.00        0.00
     0     5      644.00      861.00        0.00
     0     5      650.00      861.00        0.00
     0     5      656.00      863.00        0.00
     0     5      666.00      865.00        0.00
     0     5      674.00      865.00        0.00
     0     5      680.00      867.00        0.00
     0     5      688.00      869.00        0.00
     0     5      696.00      871.00        0.00
     0     5      704.00      873.00        0.00
     0     5      710.00      873.00        0.00
     0     5      716.00      875.00        0.00
     0     5      724.00      879.00        0.00
     0     5      730.00      881.00        0.00
     0     5      736.00      885.00        0.00
     0     5      742.00      889.00        0.00
     0     5      736.00      891.00        0.00
     0     5      730.00      895.00        0.00
     0     5      724.00      897.00        0.00
     0     5      718.00      899.00        0.00
     0     5      712.00      905.00        0.00
     0     5      706.00      907.00        0.00
     0     5      702.00      911.00        0.00
     0     5      696.00      913.00        0.00
     0     5      692.00      917.00        0.00
     0     5      686.00      921.00        0.00
     0     5      680.00      925.00        0.00
     0     5      674.00      927.00        0.00
     0     5      670.00      931.00        0.00
     0     5      670.00      937.00        0.00
     0     5      670.00      945.00        0.00
     0     5      670.00      951.00        0.00
     0     5      670.00      961.00        0.00
     0     5      670.00      969.00        0.00
     0     5      672.00      979.00        0.00
     0     5      672.00      989.00        0.00
     0     5      676.00      997.00        0.00
     0     5      680.00     1007.00        0.00
     0     5      684.00     1019.00        0.00
     0     5      686.00     1029.00        0.00
     0     5      688.00     1037.00        0.00
     0     5      690.00     1049.00        0.00
     0     5      686.00     1053.00        0.00
     0     5      676.00     1043.00        0.00
     0     5      668.00     1035.00        0.00
     0     5      660.00     1027.00        0.00
     0     5      652.00     1019.00        0.00
     0     5      646.00     1011.00        0.00
     0     5      640.00     1009.00        0.00
     0     5      634.00     1003.00        0.00
     0     5      626.00      997.00        0.00
     0     5      618.00      993.00        0.00
     0     5      608.00      989.00        0.00
     0     5      600.00      985.00        0.00
     0     5      590.00      981.00        0.00
     0     5      582.00      979.00        0.00
     0     5      576.00      977.00        0.00
     0     5      568.00      977.00        0.00
     0     5      560.00      977.00        0.00
     0     5      554.00      977.00        0.00
     0     5      548.00      977.00        0.00
     0     5      542.00      977.00        0.00
     0     5      536.00      979.00        0.00
     0     5      530.00      979.00        0.00
     0     5      524.00      975.00        0.00
     0     5      518.00      971.00        0.00
     0     5      512.00      969.00        0.00
     0     5      506.00      965.00        0.00
     0     5      500.00      963.00        0.00
     0     5      494.00      959.00        0.00
     0     5      488.00      957.00        0.00
     0     5      482.00      953.00        0.00
     0     5      476.00      951.00        0.00
     0     5      470.00      951.00        0.00
     0     5      462.00      951.00        0.00
     0     5      456.00      953.00        0.00
     0     5      452.00      957.00        0.00
     0     5      446.00      961.00        0.00
     0     5      438.00      965.00        0.00
     0     5      432.00      973.00        0.00
     0     5      428.00      977.00        0.00
     0     5      424.00      981.00        0.00
     0     5      428.00      977.00        0.00
     0     5      432.00      973.00        0.00
     0     5      436.00      965.00        0.00
     0     5      442.00      957.00        0.00
     0     5      446.00      953.00        0.00
     0     5      454.00      949.00        0.00
     0     5      460.00      945.00        0.00
     0     5      466.00      941.00        0.00
     0     5      472.00      937.00        0.00
     0     5      478.00      933.00        0.00
     0     5      484.00      929.00        0.00
     0     5      486.00      923.00        0.00
     0     5      486.00      917.00        0.00
     0     5      482.00      911.00        0.00
     0     5      476.00      907.00        0.00
     0     5      470.00      903.00        0.00
     0     5      466.00      899.00        0.00
     0     5      460.00      893.00        0.00
     0     5      456.00      887.00        0.00
     0     5      456.00      879.00        0.00
     0     5      456.00      871.00        0.00
     0     5      458.00      863.00        0.00
     0     5      462.00      855.00        0.00
     0     5      462.00      849.00        0.00
     0     5      460.00      843.00        0.00
     0     5      458.00      837.00        0.00
     0     5      456.00      831.00        0.00
     0     5      452.00      827.00        0.00
     0     5      446.00      821.00        0.00
     0     5      442.00      815.00        0.00
     0     5      440.00      809.00        0.00
     0     5      438.00      801.00        0.00
     0     5      440.00      795.00        0.00
     0     5      446.00      793.00        0.00
     0     5      456.00      791.00        0.00
     0     5      462.00      791.00        0.00
     0     5      468.00      791.00        0.00
     0     5      474.00      791.00        0.00
     0     5      480.00      791.00        0.00
     0     5      486.00      789.00        0.00
     0     5      492.00      787.00        0.00
     0     5      498.00      785.00        0.00
     0     5      504.00      785.00        0.00
     0     5      510.00      783.00        0.00
     0     5      516.00      783.00        0.00
     0     6     1096.00     1291.00        0.00
     0     6     1086.00     1271.00        0.00
     0     6     1086.00     1265.00        0.00
     0     6     1084.00     1255.00        0.00
     0     6     1082.00     1243.00        0.00
     0     6     1082.00     1235.00        0.00
     0     6     1080.00     1223.00        0.00
     0     6     1080.00     1213.00        0.00
     0     6     1080.00     1201.00        0.00
     0     6     1078.00     1193.00        0.00
     0     6     1078.00     1185.00        0.00
     0     6     1076.00     1175.00        0.00
     0     6     1076.00     1169.00        0.00
     0     6     1074.00     1159.00        0.00
     0     6     1074.00     1151.00        0.00
     0     6     1072.00     1139.00        0.00
     0     6     1072.00     1131.00        0.00
     0     6     1070.00     1121.00        0.00
     0     6     1070.00     1111.00        0.00
     0     6     1068.00     1103.00        0.00
     0     6     1068.00     1093.00        0.00
     0     6     1066.00     1085.00        0.00
     0     6     1064.00     1075.00        0.00
     0     6     1064.00     1067.00        0.00
     0     6     1062.00     1057.00        0.00
     0     6     1060.00     1051.00        0.00
     0     6     1060.00     1043.00        0.00
     0     6     1058.00     1033.00        0.00
     0     6     1056.00     1025.00        0.00
     0     6     1056.00     1019.00        0.00
     0     6     1056.00     1013.00        0.00
     0     6     1056.00     1005.00        0.00
     0     6     1054.00      997.00        0.00
     0     6     1054.00      989.00        0.00
     0     6     1054.00      983.00        0.00
     0     6     1054.00      977.00        0.00
     0     6     1054.00      969.00        0.00
     0     6     1054.00      961.00        0.00
     0     6     1054.00      953.00        0.00
     0     6     1056.00      947.00        0.00
     0     6     1056.00      941.00        0.00
     0     6     1060.00      935.00        0.00
     0     6     1062.00      929.00        0.00
     0     6     1066.00      925.00        0.00
     0     6     1068.00      919.00        0.00
     0     6     1070.00      913.00        0.00
     0     6     1072.00      905.00        0.00
     0     6     1072.00      899.00        0.00
     0     6     1072.00      893.00        0.00
     0     6     1074.00      887.00        0.00
     0     6     1076.00      879.00        0.00
     0     6     1078.00      873.00        0.00
     0     6     1082.00      869.00        0.00
     0     6     1086.00      865.00        0.00
     0     6     1090.00      859.00        0.00
     0     6     1094.00      853.00        0.00
     0     6     1098.00      849.00        0.00
     0     6     1102.00      845.00        0.00
     0     6     1108.00      843.00        0.00
     0     6     1114.00      839.00        0.00
     0     6     1120.00      835.00        0.00
     0     6     1126.00      831.00        0.00
     0     6     1132.00      829.00        0.00
     0     6     1138.00      825.00        0.00
     0     6     1140.00      819.00        0.00
     0     6     1140.00      811.00        0.00
     0     6     1136.00      805.00        0.00
     0     6     1132.00      801.00        0.00
     0     6     1126.00      795.00        0.00
     0     6     1120.00      791.00        0.00
     0     6     1114.00      789.00        0.00
     0     6     1108.00      787.00        0.00
     0     6     1100.00      781.00        0.00
     0     6     1094.00      779.00        0.00
     0     6     1090.00      775.00        0.00
     0     6     1082.00      773.00        0.00
     0     6     1076.00      769.00        0.00
     0     6     1068.00      767.00        0.00
     0     6     1060.00      767.00        0.00
     0     6     1054.00      767.00        0.00
     0     6     1048.00      769.00        0.00
     0     6     1040.00      773.00        0.00
     0     6     1034.00      777.00        0.00
     0     6     1028.00      781.00        0.00
     0     6     1022.00      785.00        0.00
     0     6     1016.00      787.00        0.00
     0     6     1012.00      793.00        0.00
     0     6     1006.00      797.00        0.00
     0     6     1000.00      799.00        0.00
     0     6      994.00      803.00        0.00
     0     6      988.00      805.00        0.00
     0     6      980.00      805.00        0.00
     0     6      974.00      805.00        0.00
     0     6      966.00      805.00        0.00
     0     6      960.00      807.00        0.00
     0     6      952.00      807.00        0.00
     0     6      944.00      805.00        0.00
     0     6      936.00      803.00        0.00
     0     6      930.00      801.00        0.00
     0     6      924.00      803.00        0.00
     0     6      918.00      803.00        0.00
     0     6      914.00      807.00        0.00
     0     6      914.00      815.00        0.00
     0     6      914.00      825.00        0.00
     0     6      914.00      833.00        0.00
     0     6      912.00      843.00        0.00
     0     6      912.00      853.00        0.00
     0     6      912.00      859.00        0.00
     0     6      912.00      869.00        0.00
     0     6      910.00      875.00        0.00
     0     6      908.00      883.00        0.00
     0     6      902.00      893.00        0.00
     0     6      898.00      899.00        0.00
     0     6      894.00      903.00        0.00
     0     6      892.00      909.00        0.00
     0     6      888.00      913.00        0.00
     0     6      892.00      917.00        0.00
     0     6      896.00      921.00        0.00
     0     6      902.00      927.00        0.00
     0     6      908.00      929.00        0.00
     0     6      916.00      933.00        0.00
     0     6      922.00      937.00        0.00
     0     6      926.00      941.00        0.00
     0     6      930.00      947.00        0.00
     0     6      934.00      953.00        0.00
     0     6      934.00      959.00        0.00
     0     6      934.00      965.00        0.00
     0     6      934.00      973.00        0.00
     0     6      932.00      979.00        0.00
     0     6      930.00      991.00        0.00
     0     6      926.00     1001.00        0.00
     0     6      924.00     1007.00        0.00
     0     6      924.00     1015.00        0.00
     0     6      924.00     1021.00        0.00
     0     6      924.00     1027.00        0.00
     0     6      928.00     1033.00        0.00
     0     6      934.00     1037.00        0.00
     0     6      940.00     1037.00        0.00
     0     6      946.00     1037.00        0.00
     0     6      954.00     1033.00        0.00
     0     6      964.00     1029.00        0.00
     0     6      970.00     1023.00        0.00
     0     6      974.00     1017.00        0.00
     0     6      980.00     1011.00        0.00
     0     6      984.00     1007.00        0.00
     0     6      990.00     1003.00        0.00
     0     6      994.00      997.00        0.00
     0     6     1000.00      995.00        0.00
     0     6     1006.00      997.00        0.00
     0     6     1012.00      997.00        0.00
     0     6     1016.00      993.00        0.00
     0     6     1020.00      989.00        0.00
     0     6     1022.00      983.00        0.00
     0     6     1026.00      979.00        0.00
     0     6     1028.00      973.00        0.00
     0     6     1034.00      971.00        0.00
     0     6     1040.00      973.00        0.00
     0     6     1042.00      979.00        0.00
     0     6     1046.00      985.00        0.00
     0     7     1498.00     1027.00        0.00
     0     7     1520.00     1029.00        0.00
     0     7     1530.00     1029.00        0.00
     0     7     1542.00     1029.00        0.00
     0     7     1552.00     1029.00        0.00
     0     7     1560.00     1027.00        0.00
     0     7     1568.00     1025.00        0.00
     0     7     1578.00     1023.00        0.00
     0     7     1586.00     1023.00        0.00
     0     7     1594.00     1021.00        0.00
     0     7     1604.00     1019.00        0.00
     0     7     1610.00     1019.00        0.00
     0     7     1618.00     1017.00        0.00
     0     7     1626.00     1015.00        0.00
     0     7     1636.00     1013.00        0.00
     0     7     1644.00     1013.00        0.00
     0     7     1652.00     1011.00        0.00
     0     7     1660.00     1011.00        0.00
     0     7     1670.00     1011.00        0.00
     0     7     1676.00     1011.00        0.00
     0     7     1682.00     1011.00        0.00
     0     7     1690.00     1011.00        0.00
     0     7     1698.00     1011.00        0.00
     0     7     1706.00     1013.00        0.00
     0     7     1712.00     1017.00        0.00
     0     7     1720.00     1019.00        0.00
     0     7     1726.00     1023.00        0.00
     0     7     1730.00     1027.00        0.00
     0     7     1738.00     1033.00        0.00
     0     7     1742.00     1039.00        0.00
     0     7     1746.00     1045.00        0.00
     0     7     1752.00     1055.00        0.00
     0     7     1756.00     1061.00        0.00
     0     7     1760.00     1067.00        0.00
     0     7     1766.00     1073.00        0.00
     0     7     1772.00     1077.00        0.00
     0     7     1782.00     1085.00        0.00
     0     7     1788.00     1091.00        0.00
     0     7     1794.00     1095.00        0.00
     0     7     1800.00     1097.00        0.00
     0     7     1806.00     1101.00        0.00
     0     7     1812.00     1103.00        0.00
     0     7     1822.00     1105.00        0.00
     0     7     1830.00     1107.00        0.00
     0     7     1836.00     1109.00        0.00
     0     7     1840.00     1113.00        0.00
     0     7     1844.00     1121.00        0.00
     0     7     1848.00     1127.00        0.00
     0     7     1850.00     1135.00        0.00
     0     7     1852.00     1143.00        0.00
     0     7     1852.00     1153.00        0.00
     0     7     1852.00     1163.00        0.00
     0     7     1852.00     1173.00        0.00
     0     7     1852.00     1179.00        0.00
     0     7     1850.00     1187.00        0.00
     0     7     1848.00     1197.00        0.00
     0     7     1842.00     1201.00        0.00
     0     7     1836.00     1203.00        0.00
     0     7     1828.00     1203.00        0.00
     0     7     1822.00     1203.00        0.00
     0     7     1816.00     1203.00        0.00
     0     7     1806.00     1201.00        0.00
     0     7     1800.00     1199.00        0.00
     0     7     1794.00     1195.00        0.00
     0     7     1786.00     1191.00        0.00
     0     7     1776.00     1183.00        0.00
     0     7     1766.00     1177.00        0.00
     0     7     1756.00     1167.00        0.00
     0     7     1748.00     1161.00        0.00
     0     7     1740.00     1149.00        0.00
     0     7     1732.00     1141.00        0.00
     0     7     1728.00     1135.00        0.00
     0     7     1720.00     1129.00        0.00
     0     7     1714.00     1123.00        0.00
     0     7     1710.00     1117.00        0.00
     0     7     1704.00     1111.00        0.00
     0     7     1698.00     1105.00        0.00
     0     7     1692.00     1101.00        0.00
     0     7     1686.00     1095.00        0.00
     0     7     1682.00     1091.00        0.00
     0     7     1676.00     1085.00        0.00
     0     7     1668.00     1081.00        0.00
     0     7     1662.00     1075.00        0.00
     0     7     1654.00     1071.00        0.00
     0     7     1644.00     1067.00        0.00
     0     7     1638.00     1065.00        0.00
     0     7     1630.00     1061.00        0.00
     0     7     1624.00     1059.00        0.00
     0     7     1616.00     1057.00        0.00
     0     7     1610.00     1055.00        0.00
     0     7     1602.00     1053.00        0.00
     0     7     1596.00     1051.00        0.00
     0     7     1590.00     1049.00        0.00
     0     7     1582.00     1047.00        0.00
     0     7     1576.00     1047.00        0.00
     0     7     1568.00     1047.00        0.00
     0     7     1562.00     1047.00        0.00
     0     7     1556.00     1047.00        0.00
     0     7     1550.00     1047.00        0.00
     0     7     1542.00     1045.00        0.00
     0     7     1536.00     1045.00        0.00
     0     7     1530.00     1045.00        0.00
     0     7     1524.00     1043.00        0.00
     0     7     1518.00     1043.00        0.00
     0     8     1460.00      987.00        0.00
     0     8     1478.00     1005.00        0.00
     0     8     1488.00     1015.00        0.00
     0     8     1492.00     1021.00        0.00
     0     8     1498.00     1029.00        0.00
     0     8     1506.00     1035.00        0.00
     0     8     1510.00     1043.00        0.00
     0     8     1512.00     1051.00        0.00
     0     8     1514.00     1057.00        0.00
     0     8     1514.00     1065.00        0.00
     0     8     1516.00     1073.00        0.00
     0     8     1520.00     1079.00        0.00
     0     8     1524.00     1085.00        0.00
     0     8     1532.00     1089.00        0.00
     0     8     1538.00     1089.00        0.00
     0     8     1546.00     1091.00        0.00
     0     8     1554.00     1091.00        0.00
     0     8     1562.00     1091.00        0.00
     0     8     1570.00     1091.00        0.00
     0     8     1578.00     1091.00        0.00
     0     8     1586.00     1091.00        0.00
     0     8     1594.00     1091.00        0.00
     0     8     1606.00     1091.00        0.00
     0     8     1614.00     1091.00        0.00
     0     8     1622.00     1091.00        0.00
     0     8     1630.00     1091.00        0.00
     0     8     1636.00     1091.00        0.00
     0     8     1646.00     1093.00        0.00
     0     8     1654.00     1095.00        0.00
     0     8     1662.00     1097.00        0.00
     0     8     1668.00     1101.00        0.00
     0     8     1658.00     1103.00        0.00
     0     8     1644.00     1103.00        0.00
     0     8     1634.00     1101.00        0.00
     0     8     1626.00     1101.00        0.00
     0     8     1614.00     1101.00        0.00
     0     8     1602.00     1101.00        0.00
     0     8     1596.00     1101.00        0.00
     0     8     1586.00     1101.00        0.00
     0     8     1578.00     1101.00        0.00
     0     8     1572.00     1101.00        0.00
     0     8     1564.00     1101.00        0.00
     0     8     1558.00     1101.00        0.00
     0     8     1550.00     1101.00        0.00
     0     8     1542.00     1101.00        0.00
     0     8     1532.00     1101.00        0.00
     0     8     1520.00     1103.00        0.00
     0     8     1512.00     1105.00        0.00
     0     8     1506.00     1107.00        0.00
     0     8     1500.00     1111.00        0.00
     0     8     1492.00     1115.00        0.00
     0     8     1486.00     1119.00        0.00
     0     8     1478.00     1121.00        0.00
     0     8     1470.00     1125.00        0.00
     0     8     1460.00     1129.00        0.00
     0     8     1452.00     1133.00        0.00
     0     8     1444.00     1137.00        0.00
     0     8     1438.00     1139.00        0.00
     0     8     1432.00     1143.00        0.00
     0     8     1426.00     1145.00        0.00
     0     8     1418.00     1147.00        0.00
     0     8     1412.00     1149.00        0.00
     0     8     1404.00     1151.00        0.00
     0     8     1398.00     1151.00        0.00
     0     8     1390.00     1151.00        0.00
     0     8     1384.00     1151.00        0.00
     0     8     1378.00     1149.00        0.00
     0     8     1372.00     1147.00        0.00
     0     8     1366.00     1145.00        0.00
     0     8     1358.00     1143.00        0.00
     0     8     1350.00     1143.00        0.00
     0     8     1344.00     1143.00        0.00
     0     8     1338.00     1145.00        0.00
     0     8     1332.00     1147.00        0.00
     0     8     1326.00     1149.00        0.00
     0     8     1318.00     1153.00        0.00
     0     8     1320.00     1147.00        0.00
     0     8     1320.00     1141.00        0.00
     0     8     1320.00     1135.00        0.00
     0     8     1316.00     1125.00        0.00
     0     8     1314.00     1119.00        0.00
     0     8     1310.00     1113.00        0.00
     0     8     1306.00     1107.00        0.00
     0     8     1300.00     1101.00        0.00
     0     8     1298.00     1093.00        0.00
     0     8     1294.00     1085.00        0.00
     0     8     1292.00     1077.00        0.00
     0     8     1292.00     1071.00        0.00
     0     8     1294.00     1063.00        0.00
     0     8     1296.00     1055.00        0.00
     0     8     1300.00     1047.00        0.00
     0     8     1306.00     1041.00        0.00
     0     8     1312.00     1037.00        0.00
     0     8     1318.00     1035.00        0.00
     0     8     1324.00     1031.00        0.00
     0     8     1332.00     1027.00        0.00
     0     8     1338.00     1023.00        0.00
     0     8     1346.00     1017.00        0.00
     0     8     1352.00     1015.00        0.00
     0     8     1358.00     1011.00        0.00
     0     8     1362.00     1007.00        0.00
     0     8     1366.00     1003.00        0.00
     0     8     1370.00      999.00        0.00
     0     8     1374.00      995.00        0.00
     0     8     1380.00      991.00        0.00
     0     8     1388.00      989.00        0.00
     0     8     1394.00      985.00        0.00
     0     8     1400.00      983.00        0.00
     0     8     1406.00      983.00        0.00
     0     8     1414.00      983.00        0.00
     0     9     1306.00      351.00        0.00
     0     9     1296.00      359.00        0.00
     0     9     1292.00      365.00        0.00
     0     9     1288.00      369.00        0.00
     0     9     1284.00      375.00        0.00
     0     9     1278.00      377.00        0.00
     0     9     1272.00      379.00        0.00
     0     9     1266.00      381.00        0.00
     0     9     1260.00      381.00        0.00
     0     9     1254.00      381.00        0.00
     0     9     1246.00      381.00        0.00
     0     9     1240.00      379.00        0.00
     0     9     1234.00      379.00        0.00
     0     9     1228.00      379.00        0.00
     0     9     1222.00      383.00        0.00
     0     9     1216.00      383.00        0.00
     0     9     1214.00      375.00        0.00
     0     9     1216.00      369.00        0.00
     0     9     1220.00      363.00        0.00
     0     9     1224.00      355.00        0.00
     0     9     1228.00      349.00        0.00
     0     9     1230.00      343.00        0.00
     0     9     1232.00      337.00        0.00
     0     9     1232.00      331.00        0.00
     0     9     1232.00      325.00        0.00
     0     9     1228.00      317.00        0.00
     0     9     1224.00      311.00        0.00
     0     9     1222.00      305.00        0.00
     0     9     1222.00      297.00        0.00
     0     9     1224.00      291.00        0.00
     0     9     1230.00      283.00        0.00
     0     9     1236.00      279.00        0.00
     0     9     1240.00      273.00        0.00
     0     9     1244.00      269.00        0.00
     0     9     1252.00      265.00        0.00
     0     9     1256.00      261.00        0.00
     0     9     1262.00      257.00        0.00
     0     9     1266.00      253.00        0.00
     0     9     1270.00      249.00        0.00
     0     9     1274.00      245.00        0.00
     0     9     1278.00      241.00        0.00
     0     9     1282.00      237.00        0.00
     0     9     1284.00      231.00        0.00
     0     9     1286.00      223.00        0.00
     0     9     1290.00      219.00        0.00
     0     9     1294.00      215.00        0.00
     0     9     1300.00      215.00        0.00
     0     9     1306.00      213.00        0.00
     0     9     1314.00      209.00        0.00
     0     9     1320.00      209.00        0.00
     0     9     1326.00      207.00        0.00
     0     9     1332.00      207.00        0.00
     0     9     1338.00      207.00        0.00
     0     9     1346.00      207.00        0.00
     0     9     1352.00      207.00        0.00
     0     9     1358.00      207.00        0.00
     0     9     1364.00      207.00        0.00
     0     9     1370.00      207.00        0.00
     0     9     1376.00      207.00        0.00
     0     9     1382.00      211.00        0.00
     0     9     1388.00      213.00        0.00
     0     9     1392.00      219.00        0.00
     0     9     1394.00      227.00        0.00
     0     9     1394.00      235.00        0.00
     0     9     1394.00      241.00        0.00
     0     9     1394.00      247.00        0.00
     0     9     1390.00      253.00        0.00
     0     9     1388.00      259.00        0.00
     0     9     1386.00      265.00        0.00
     0     9     1382.00      269.00        0.00
     0     9     1378.00      273.00        0.00
     0     9     1374.00      279.00        0.00
     0     9     1370.00      285.00        0.00
     0     9     1368.00      291.00        0.00
     0     9     1364.00      297.00        0.00
     0     9     1360.00      301.00        0.00
     0     9     1356.00      307.00        0.00
     0     9     1352.00      313.00        0.00
     0     9     1350.00      319.00        0.00
     0     9     1346.00      323.00        0.00
     0     9     1342.00      327.00        0.00
     0     9     1340.00      333.00        0.00
     0    10      794.00      919.00        0.00
     0    10      788.00      911.00        0.00
     0    10      784.00      905.00        0.00
     0    10      782.00      899.00        0.00
     0    10      778.00      891.00        0.00
     0    10      774.00      885.00        0.00
     0    10      770.00      879.00        0.00
     0    10      766.00      875.00        0.00
     0    10      762.00      871.00        0.00
     0    10      756.00      869.00        0.00
     0    10      748.00      865.00        0.00
     0    10      742.00      863.00        0.00
     0    10      736.00      859.00        0.00
     0    10      728.00      857.00        0.00
     0    10      720.00      857.00        0.00
     0    10      714.00      855.00        0.00
     0    10      708.00      855.00        0.00
     0    10      700.00      857.00        0.00
     0    10      694.00      857.00        0.00
     0    10      686.00      861.00        0.00
     0    10      680.00      861.00        0.00
     0    10      674.00      863.00        0.00
     0    10      668.00      863.00        0.00
     0    10      662.00      863.00        0.00
     0    10      652.00      859.00        0.00
     0    10      644.00      857.00        0.00
     0    10      638.00      855.00        0.00
     0    10      630.00      851.00        0.00
     0    10      618.00      843.00        0.00
     0    10      610.00      841.00        0.00
     0    10      604.00      835.00        0.00
     0    10      594.00      829.00        0.00
     0    10      588.00      825.00        0.00
     0    10      582.00      821.00        0.00
     0    10      576.00      815.00        0.00
     0    10      570.00      809.00        0.00
     0    10      568.00      803.00        0.00
     0    10      566.00      793.00        0.00
     0    10      566.00      785.00        0.00
     0    10      566.00      779.00        0.00
     0    10      564.00      773.00        0.00
     0    10      566.00      767.00        0.00
     0    10      568.00      761.00        0.00
     0    10      572.00      755.00        0.00
     0    10      576.00      751.00        0.00
     0    10      582.00      745.00        0.00
     0    10      586.00      739.00        0.00
     0    10      590.00      731.00        0.00
     0    10      594.00      727.00        0.00
     0    10      598.00      721.00        0.00
     0    10      600.00      713.00        0.00
     0    10      602.00      707.00        0.00
     0    10      602.00      701.00        0.00
     0    10      602.00      695.00        0.00
     0    10      600.00      689.00        0.00
     0    10      604.00      683.00        0.00
     0    10      610.00      679.00        0.00
     0    10      616.00      677.00        0.00
     0    10      622.00      675.00        0.00
     0    10      628.00      671.00        0.00
     0    10      634.00      669.00        0.00
     0    10      640.00      667.00        0.00
     0    10      646.00      665.00        0.00
     0    10      652.00      659.00        0.00
     0    10      658.00      653.00        0.00
     0    10      666.00      649.00        0.00
     0    10      672.00      647.00        0.00
     0    10      680.00      643.00        0.00
     0    10      684.00      639.00        0.00
     0    10      690.00      637.00        0.00
     0    10      696.00      637.00        0.00
     0    10      700.00      641.00        0.00
     0    10      700.00      647.00        0.00
     0    10      698.00      655.00        0.00
     0    10      696.00      665.00        0.00
     0    10      694.00      671.00        0.00
     0    10      694.00      677.00        0.00
     0    10      694.00      683.00        0.00
     0    10      694.00      689.00        0.00
     0    10      694.00      697.00        0.00
     0    10      694.00      705.00        0.00
     0    10      694.00      711.00        0.00
     0    10      694.00      717.00        0.00
     0    10      692.00      725.00        0.00
     0    10      692.00      731.00        0.00
     0    10      690.00      739.00        0.00
     0    10      688.00      745.00        0.00
     0    10      688.00      751.00        0.00
     0    10      688.00      757.00        0.00
     0    10      690.00      763.00        0.00
     0    10      690.00      769.00        0.00
     0    10      692.00      777.00        0.00
     0    10      694.00      783.00        0.00
     0    10      698.00      789.00        0.00
     0    10      702.00      793.00        0.00
     0    10      706.00      797.00        0.00
     0    10      712.00      803.00        0.00
     0    10      718.00      809.00        0.00
     0    10      722.00      815.00        0.00
     0    10      728.00      821.00        0.00
     0    10      734.00      825.00        0.00
     0    10      738.00      829.00        0.00
     0    10      744.00      831.00        0.00
     0    10      752.00      835.00        0.00
     0    10      758.00      837.00        0.00
     0    10      762.00      841.00        0.00
     0    10      768.00      843.00        0.00
     0    10      772.00      847.00        0.00
     0    10      776.00      851.00        0.00
     0    10      780.00      857.00        0.00
     0    10      784.00      861.00        0.00
     0    10      788.00      867.00        0.00
     0    10      792.00      873.00        0.00
     0    10      796.00      879.00        0.00
     0    10      800.00      885.00        0.00
     0    10      804.00      893.00        0.00
     0    10      806.00      901.00        0.00
