     0     0      802.00     1153.00        0.00
     0     0      780.00     1155.00        0.00
     0     0      764.00     1157.00        0.00
     0     0      760.00     1161.00        0.00
     0     0      754.00     1161.00        0.00
     0     0      750.00     1157.00        0.00
     0     0      744.00     1153.00        0.00
     0     0      740.00     1149.00        0.00
     0     0      736.00     1143.00        0.00
     0     0      732.00     1139.00        0.00
     0     0      730.00     1133.00        0.00
     0     0      730.00     1127.00        0.00
     0     0      730.00     1121.00        0.00
     0     0      730.00     1115.00        0.00
     0     0      730.00     1109.00        0.00
     0     0      730.00     1103.00        0.00
     0     0      732.00     1097.00        0.00
     0     0      736.00     1093.00        0.00
     0     0      740.00     1089.00        0.00
     0     0      744.00     1085.00        0.00
     0     0      748.00     1081.00        0.00
     0     0      750.00     1075.00        0.00
     0     0      754.00     1069.00        0.00
     0     0      756.00     1063.00        0.00
     0     0      758.00     1057.00        0.00
     0     0      762.00     1049.00        0.00
     0     0      766.00     1043.00        0.00
     0     0      770.00     1037.00        0.00
     0     0      774.00     1033.00        0.00
     0     0      780.00     1033.00        0.00
     0     0      786.00     1031.00        0.00
     0     0      792.00     1031.00        0.00
     0     0      798.00     1031.00        0.00
     0     0      804.00     1033.00        0.00
     0     0      810.00     1035.00        0.00
     0     0      814.00     1043.00        0.00
     0     0      818.00     1051.00        0.00
     0     0      818.00     1057.00        0.00
     0     0      818.00     1063.00        0.00
     0     0      820.00     1069.00        0.00
     0     0      820.00     1075.00        0.00
     0     0      824.00     1081.00        0.00
     0     0      828.00     1089.00        0.00
     0     0      828.00     1095.00        0.00
     0     0      830.00     1101.00        0.00
     0     0      830.00     1107.00        0.00
     0     0      832.00     1113.00        0.00
     0     0      832.00     1119.00        0.00
     0     0      832.00     1125.00        0.00
     0     0      832.00     1131.00        0.00
     0     0      832.00     1137.00        0.00
     0     0      830.00     1143.00        0.00
     0     0      826.00     1149.00        0.00
     0     1      622.00     1091.00        0.00
     0     1      640.00     1099.00        0.00
     0     1      646.00     1101.00        0.00
     0     1      652.00     1103.00        0.00
     0     1      656.00     1107.00        0.00
     0     1      660.00     1111.00        0.00
     0     1      658.00     1117.00        0.00
     0     1      652.00     1121.00        0.00
     0     1      646.00     1125.00        0.00
     0     1      642.00     1129.00        0.00
     0     1      638.00     1133.00        0.00
     0     1      634.00     1137.00        0.00
     0     1      630.00     1141.00        0.00
     0     1      626.00     1145.00        0.00
     0     1      620.00     1147.00        0.00
     0     1      616.00     1151.00        0.00
     0     1      612.00     1155.00        0.00
     0     1      606.00     1159.00        0.00
     0     1      598.00     1163.00        0.00
     0     1      594.00     1167.00        0.00
     0     1      588.00     1169.00        0.00
     0     1      584.00     1173.00        0.00
     0     1      580.00     1177.00        0.00
     0     1      574.00     1179.00        0.00
     0     1      570.00     1183.00        0.00
     0     1      564.00     1187.00        0.00
     0     1      556.00     1191.00        0.00
     0     1      550.00     1195.00        0.00
     0     1      544.00     1199.00        0.00
     0     1      540.00     1203.00        0.00
     0     1      534.00     1205.00        0.00
     0     1      528.00     1209.00        0.00
     0     1      520.00     1211.00        0.00
     0     1      514.00     1215.00        0.00
     0     1      508.00     1217.00        0.00
     0     1      502.00     1219.00        0.00
     0     1      496.00     1223.00        0.00
     0     1      490.00     1225.00        0.00
     0     1      484.00     1227.00        0.00
     0     1      478.00     1229.00        0.00
     0     1      472.00     1231.00        0.00
     0     1      466.00     1235.00        0.00
     0     1      460.00     1239.00        0.00
     0     1      454.00     1241.00        0.00
     0     1      450.00     1245.00        0.00
     0     1      444.00     1247.00        0.00
     0     1      440.00     1251.00        0.00
     0     1      434.00     1257.00        0.00
     0     1      430.00     1261.00        0.00
     0     1      422.00     1269.00        0.00
     0     1      416.00     1271.00        0.00
     0     1      420.00     1267.00        0.00
     0     1      424.00     1263.00        0.00
     0     1      430.00     1257.00        0.00
     0     1      436.00     1251.00        0.00
     0     1      440.00     1247.00        0.00
     0     1      446.00     1241.00        0.00
     0     1      450.00     1237.00        0.00
     0     1      456.00     1231.00        0.00
     0     1      460.00     1225.00        0.00
     0     1      460.00     1219.00        0.00
     0     1      458.00     1213.00        0.00
     0     1      458.00     1207.00        0.00
     0     1      458.00     1201.00        0.00
     0     1      462.00     1195.00        0.00
     0     1      466.00     1189.00        0.00
     0     1      470.00     1185.00        0.00
     0     1      474.00     1181.00        0.00
     0     1      480.00     1179.00        0.00
     0     1      486.00     1177.00        0.00
     0     1      492.00     1173.00        0.00
     0     1      496.00     1169.00        0.00
     0     1      502.00     1167.00        0.00
     0     1      506.00     1163.00        0.00
     0     1      512.00     1159.00        0.00
     0     1      518.00     1155.00        0.00
     0     1      524.00     1151.00        0.00
     0     1      528.00     1147.00        0.00
     0     1      532.00     1143.00        0.00
     0     1      538.00     1141.00        0.00
     0     1      544.00     1137.00        0.00
     0     1      548.00     1133.00        0.00
     0     1      552.00     1129.00        0.00
     0     1      556.00     1123.00        0.00
     0     1      560.00     1117.00        0.00
     0     1      562.00     1111.00        0.00
     0     1      566.00     1105.00        0.00
     0     1      568.00     1099.00        0.00
     0     1      572.00     1095.00        0.00
     0     1      576.00     1091.00        0.00
     0     1      582.00     1091.00        0.00
     0     1      588.00     1091.00        0.00
     0     2      414.00     1099.00        0.00
     0     2      422.00     1113.00        0.00
     0     2      424.00     1121.00        0.00
     0     2      424.00     1127.00        0.00
     0     2      424.00     1133.00        0.00
     0     2      424.00     1139.00        0.00
     0     2      424.00     1145.00        0.00
     0     2      426.00     1153.00        0.00
     0     2      428.00     1159.00        0.00
     0     2      430.00     1165.00        0.00
     0     2      434.00     1169.00        0.00
     0     2      438.00     1173.00        0.00
     0     2      442.00     1179.00        0.00
     0     2      446.00     1183.00        0.00
     0     2      448.00     1189.00        0.00
     0     2      440.00     1189.00        0.00
     0     2      432.00     1187.00        0.00
     0     2      434.00     1193.00        0.00
     0     2      430.00     1197.00        0.00
     0     2      424.00     1195.00        0.00
     0     2      412.00     1193.00        0.00
     0     2      404.00     1191.00        0.00
     0     2      396.00     1191.00        0.00
     0     2      386.00     1191.00        0.00
     0     2      380.00     1191.00        0.00
     0     2      372.00     1195.00        0.00
     0     2      366.00     1197.00        0.00
     0     2      360.00     1201.00        0.00
     0     2      354.00     1203.00        0.00
     0     2      350.00     1207.00        0.00
     0     2      344.00     1209.00        0.00
     0     2      338.00     1209.00        0.00
     0     2      330.00     1209.00        0.00
     0     2      324.00     1209.00        0.00
     0     2      318.00     1207.00        0.00
     0     2      310.00     1205.00        0.00
     0     2      306.00     1201.00        0.00
     0     2      300.00     1199.00        0.00
     0     2      294.00     1195.00        0.00
     0     2      288.00     1193.00        0.00
     0     2      284.00     1189.00        0.00
     0     2      278.00     1185.00        0.00
     0     2      274.00     1181.00        0.00
     0     2      268.00     1177.00        0.00
     0     2      262.00     1175.00        0.00
     0     2      256.00     1173.00        0.00
     0     2      248.00     1173.00        0.00
     0     2      242.00     1171.00        0.00
     0     2      236.00     1169.00        0.00
     0     2      240.00     1165.00        0.00
     0     2      248.00     1163.00        0.00
     0     2      254.00     1161.00        0.00
     0     2      260.00     1159.00        0.00
     0     2      262.00     1153.00        0.00
     0     2      260.00     1147.00        0.00
     0     2      256.00     1143.00        0.00
     0     2      252.00     1139.00        0.00
     0     2      248.00     1135.00        0.00
     0     2      244.00     1131.00        0.00
     0     2      242.00     1125.00        0.00
     0     2      240.00     1119.00        0.00
     0     2      238.00     1113.00        0.00
     0     2      238.00     1107.00        0.00
     0     2      242.00     1103.00        0.00
     0     2      248.00     1099.00        0.00
     0     2      252.00     1093.00        0.00
     0     2      256.00     1089.00        0.00
     0     2      260.00     1085.00        0.00
     0     2      266.00     1081.00        0.00
     0     2      270.00     1077.00        0.00
     0     2      276.00     1075.00        0.00
     0     2      282.00     1073.00        0.00
     0     2      288.00     1071.00        0.00
     0     2      292.00     1067.00        0.00
     0     2      298.00     1065.00        0.00
     0     2      304.00     1063.00        0.00
     0     2      310.00     1061.00        0.00
     0     2      316.00     1059.00        0.00
     0     2      322.00     1059.00        0.00
     0     2      328.00     1059.00        0.00
     0     2      334.00     1061.00        0.00
     0     2      340.00     1063.00        0.00
     0     2      344.00     1067.00        0.00
     0     2      350.00     1069.00        0.00
     0     2      354.00     1073.00        0.00
     0     2      356.00     1079.00        0.00
     0     2      360.00     1083.00        0.00
     0     2      366.00     1087.00        0.00
     0     3      934.00      941.00        0.00
     0     3      952.00      947.00        0.00
     0     3      958.00      947.00        0.00
     0     3      964.00      949.00        0.00
     0     3      970.00      949.00        0.00
     0     3      976.00      951.00        0.00
     0     3      984.00      951.00        0.00
     0     3      990.00      951.00        0.00
     0     3      996.00      949.00        0.00
     0     3     1004.00      949.00        0.00
     0     3     1010.00      949.00        0.00
     0     3     1016.00      947.00        0.00
     0     3     1022.00      945.00        0.00
     0     3     1028.00      945.00        0.00
     0     3     1034.00      945.00        0.00
     0     3     1040.00      945.00        0.00
     0     3     1048.00      945.00        0.00
     0     3     1054.00      945.00        0.00
     0     3     1060.00      945.00        0.00
     0     3     1066.00      945.00        0.00
     0     3     1072.00      945.00        0.00
     0     3     1078.00      945.00        0.00
     0     3     1084.00      943.00        0.00
     0     3     1090.00      941.00        0.00
     0     3     1096.00      941.00        0.00
     0     3     1100.00      937.00        0.00
     0     3     1102.00      943.00        0.00
     0     3     1102.00      949.00        0.00
     0     3     1106.00      953.00        0.00
     0     3     1112.00      953.00        0.00
     0     3     1118.00      953.00        0.00
     0     3     1126.00      953.00        0.00
     0     3     1132.00      953.00        0.00
     0     3     1136.00      957.00        0.00
     0     3     1140.00      963.00        0.00
     0     3     1146.00      963.00        0.00
     0     3     1154.00      961.00        0.00
     0     3     1160.00      959.00        0.00
     0     3     1166.00      957.00        0.00
     0     3     1172.00      957.00        0.00
     0     3     1180.00      955.00        0.00
     0     3     1186.00      953.00        0.00
     0     3     1194.00      951.00        0.00
     0     3     1200.00      951.00        0.00
     0     3     1206.00      949.00        0.00
     0     3     1214.00      947.00        0.00
     0     3     1220.00      945.00        0.00
     0     3     1226.00      945.00        0.00
     0     3     1234.00      945.00        0.00
     0     3     1240.00      943.00        0.00
     0     3     1246.00      943.00        0.00
     0     3     1252.00      943.00        0.00
     0     3     1260.00      943.00        0.00
     0     3     1266.00      941.00        0.00
     0     3     1272.00      941.00        0.00
     0     3     1278.00      941.00        0.00
     0     3     1284.00      939.00        0.00
     0     3     1290.00      939.00        0.00
     0     3     1298.00      939.00        0.00
     0     3     1306.00      939.00        0.00
     0     3     1314.00      939.00        0.00
     0     3     1320.00      939.00        0.00
     0     3     1328.00      939.00        0.00
     0     3     1334.00      939.00        0.00
     0     3     1340.00      941.00        0.00
     0     3     1346.00      941.00        0.00
     0     3     1352.00      943.00        0.00
     0     3     1358.00      945.00        0.00
     0     3     1366.00      947.00        0.00
     0     3     1372.00      947.00        0.00
     0     3     1378.00      949.00        0.00
     0     3     1386.00      951.00        0.00
     0     3     1380.00      951.00        0.00
     0     3     1372.00      949.00        0.00
     0     3     1366.00      947.00        0.00
     0     3     1360.00      947.00        0.00
     0     3     1354.00      945.00        0.00
     0     3     1346.00      943.00        0.00
     0     3     1338.00      943.00        0.00
     0     3     1332.00      943.00        0.00
     0     3     1324.00      941.00        0.00
     0     3     1318.00      941.00        0.00
     0     3     1310.00      941.00        0.00
     0     3     1302.00      941.00        0.00
     0     3     1296.00      941.00        0.00
     0     3     1288.00      943.00        0.00
     0     3     1280.00      943.00        0.00
     0     3     1274.00      945.00        0.00
     0     3     1268.00      947.00        0.00
     0     3     1260.00      949.00        0.00
     0     3     1252.00      949.00        0.00
     0     3     1246.00      951.00        0.00
     0     3     1240.00      951.00        0.00
     0     3     1234.00      951.00        0.00
     0     3     1228.00      953.00        0.00
     0     3     1222.00      955.00        0.00
     0     3     1214.00      957.00        0.00
     0     3     1208.00      957.00        0.00
     0     3     1200.00      959.00        0.00
     0     3     1192.00      959.00        0.00
     0     3     1186.00      961.00        0.00
     0     3     1178.00      963.00        0.00
     0     3     1172.00      965.00        0.00
     0     3     1166.00      967.00        0.00
     0     3     1160.00      969.00        0.00
     0     3     1154.00      973.00        0.00
     0     3     1148.00      977.00        0.00
     0     3     1142.00      981.00        0.00
     0     3     1138.00      985.00        0.00
     0     3     1136.00      991.00        0.00
     0     3     1132.00      995.00        0.00
     0     3     1130.00     1001.00        0.00
     0     3     1126.00     1005.00        0.00
     0     3     1120.00     1009.00        0.00
     0     3     1116.00     1013.00        0.00
     0     3     1110.00     1017.00        0.00
     0     3     1104.00     1019.00        0.00
     0     3     1100.00     1023.00        0.00
     0     3     1096.00     1027.00        0.00
     0     3     1092.00     1031.00        0.00
     0     3     1090.00     1037.00        0.00
     0     3     1086.00     1043.00        0.00
     0     3     1080.00     1049.00        0.00
     0     3     1076.00     1053.00        0.00
     0     3     1072.00     1057.00        0.00
     0     3     1066.00     1061.00        0.00
     0     3     1060.00     1061.00        0.00
     0     3     1054.00     1061.00        0.00
     0     3     1048.00     1061.00        0.00
     0     3     1044.00     1065.00        0.00
     0     3     1040.00     1069.00        0.00
     0     3     1034.00     1071.00        0.00
     0     3     1026.00     1073.00        0.00
     0     3     1020.00     1071.00        0.00
     0     3     1014.00     1065.00        0.00
     0     3     1010.00     1061.00        0.00
     0     3     1006.00     1057.00        0.00
     0     3     1002.00     1053.00        0.00
     0     3      998.00     1047.00        0.00
     0     3      994.00     1043.00        0.00
     0     3      988.00     1041.00        0.00
     0     3      984.00     1037.00        0.00
     0     3      978.00     1035.00        0.00
     0     3      970.00     1035.00        0.00
     0     3      962.00     1033.00        0.00
     0     3      956.00     1031.00        0.00
     0     3      950.00     1027.00        0.00
     0     3      946.00     1023.00        0.00
     0     3      942.00     1017.00        0.00
     0     3      938.00     1011.00        0.00
     0     3      932.00     1005.00        0.00
     0     3      928.00      999.00        0.00
     0     3      924.00      993.00        0.00
     0     3      922.00      987.00        0.00
     0     3      920.00      981.00        0.00
     0     3      920.00      975.00        0.00
     0     3      918.00      969.00        0.00
     0     3      918.00      963.00        0.00
     0     3      920.00      957.00        0.00
     0     4     1086.00     1075.00        0.00
     0     4     1092.00     1093.00        0.00
     0     4     1094.00     1099.00        0.00
     0     4     1094.00     1105.00        0.00
     0     4     1094.00     1111.00        0.00
     0     4     1094.00     1117.00        0.00
     0     4     1092.00     1125.00        0.00
     0     4     1092.00     1131.00        0.00
     0     4     1092.00     1137.00        0.00
     0     4     1092.00     1145.00        0.00
     0     4     1094.00     1153.00        0.00
     0     4     1094.00     1159.00        0.00
     0     4     1092.00     1165.00        0.00
     0     4     1090.00     1173.00        0.00
     0     4     1086.00     1181.00        0.00
     0     4     1084.00     1187.00        0.00
     0     4     1082.00     1193.00        0.00
     0     4     1078.00     1197.00        0.00
     0     4     1074.00     1201.00        0.00
     0     4     1070.00     1207.00        0.00
     0     4     1064.00     1211.00        0.00
     0     4     1056.00     1213.00        0.00
     0     4     1050.00     1215.00        0.00
     0     4     1044.00     1217.00        0.00
     0     4     1038.00     1217.00        0.00
     0     4     1032.00     1217.00        0.00
     0     4     1024.00     1217.00        0.00
     0     4     1018.00     1217.00        0.00
     0     4     1012.00     1217.00        0.00
     0     4     1004.00     1217.00        0.00
     0     4      994.00     1217.00        0.00
     0     4      988.00     1215.00        0.00
     0     4      980.00     1213.00        0.00
     0     4      974.00     1209.00        0.00
     0     4      966.00     1205.00        0.00
     0     4      960.00     1201.00        0.00
     0     4      954.00     1193.00        0.00
     0     4      952.00     1187.00        0.00
     0     4      952.00     1181.00        0.00
     0     4      952.00     1173.00        0.00
     0     4      952.00     1165.00        0.00
     0     4      954.00     1159.00        0.00
     0     4      956.00     1153.00        0.00
     0     4      958.00     1145.00        0.00
     0     4      960.00     1139.00        0.00
     0     4      962.00     1133.00        0.00
     0     4      966.00     1125.00        0.00
     0     4      968.00     1119.00        0.00
     0     4      972.00     1113.00        0.00
     0     4      976.00     1109.00        0.00
     0     4      980.00     1105.00        0.00
     0     4      984.00     1101.00        0.00
     0     4      988.00     1097.00        0.00
     0     4      994.00     1095.00        0.00
     0     4     1000.00     1093.00        0.00
     0     4     1006.00     1091.00        0.00
     0     4     1012.00     1089.00        0.00
     0     4     1018.00     1087.00        0.00
     0     4     1024.00     1085.00        0.00
     0     4     1030.00     1085.00        0.00
     0     4     1036.00     1085.00        0.00
     0     4     1040.00     1081.00        0.00
     0     4     1046.00     1079.00        0.00
     0     5     1600.00     1145.00        0.00
     0     5     1588.00     1157.00        0.00
     0     5     1580.00     1161.00        0.00
     0     5     1572.00     1167.00        0.00
     0     5     1566.00     1171.00        0.00
     0     5     1558.00     1177.00        0.00
     0     5     1546.00     1183.00        0.00
     0     5     1540.00     1187.00        0.00
     0     5     1532.00     1189.00        0.00
     0     5     1524.00     1191.00        0.00
     0     5     1516.00     1193.00        0.00
     0     5     1510.00     1193.00        0.00
     0     5     1500.00     1193.00        0.00
     0     5     1494.00     1195.00        0.00
     0     5     1488.00     1197.00        0.00
     0     5     1482.00     1199.00        0.00
     0     5     1476.00     1201.00        0.00
     0     5     1468.00     1205.00        0.00
     0     5     1460.00     1209.00        0.00
     0     5     1456.00     1213.00        0.00
     0     5     1452.00     1217.00        0.00
     0     5     1448.00     1221.00        0.00
     0     5     1444.00     1227.00        0.00
     0     5     1440.00     1233.00        0.00
     0     5     1436.00     1237.00        0.00
     0     5     1430.00     1241.00        0.00
     0     5     1426.00     1245.00        0.00
     0     5     1422.00     1249.00        0.00
     0     5     1418.00     1253.00        0.00
     0     5     1412.00     1257.00        0.00
     0     5     1406.00     1263.00        0.00
     0     5     1400.00     1269.00        0.00
     0     5     1396.00     1273.00        0.00
     0     5     1392.00     1279.00        0.00
     0     5     1386.00     1285.00        0.00
     0     5     1382.00     1291.00        0.00
     0     5     1376.00     1297.00        0.00
     0     5     1372.00     1305.00        0.00
     0     5     1368.00     1311.00        0.00
     0     5     1366.00     1319.00        0.00
     0     5     1364.00     1325.00        0.00
     0     5     1362.00     1331.00        0.00
     0     5     1360.00     1339.00        0.00
     0     5     1360.00     1347.00        0.00
     0     5     1358.00     1353.00        0.00
     0     5     1356.00     1359.00        0.00
     0     5     1352.00     1365.00        0.00
     0     5     1346.00     1371.00        0.00
     0     5     1340.00     1373.00        0.00
     0     5     1334.00     1373.00        0.00
     0     5     1330.00     1369.00        0.00
     0     5     1328.00     1363.00        0.00
     0     5     1328.00     1355.00        0.00
     0     5     1328.00     1347.00        0.00
     0     5     1334.00     1337.00        0.00
     0     5     1336.00     1329.00        0.00
     0     5     1340.00     1321.00        0.00
     0     5     1344.00     1311.00        0.00
     0     5     1348.00     1301.00        0.00
     0     5     1352.00     1293.00        0.00
     0     5     1356.00     1283.00        0.00
     0     5     1358.00     1275.00        0.00
     0     5     1360.00     1267.00        0.00
     0     5     1362.00     1261.00        0.00
     0     5     1364.00     1255.00        0.00
     0     5     1364.00     1249.00        0.00
     0     5     1360.00     1243.00        0.00
     0     5     1356.00     1239.00        0.00
     0     5     1352.00     1235.00        0.00
     0     5     1348.00     1229.00        0.00
     0     5     1344.00     1225.00        0.00
     0     5     1340.00     1221.00        0.00
     0     5     1332.00     1215.00        0.00
     0     5     1326.00     1211.00        0.00
     0     5     1318.00     1205.00        0.00
     0     5     1308.00     1199.00        0.00
     0     5     1302.00     1195.00        0.00
     0     5     1298.00     1191.00        0.00
     0     5     1294.00     1185.00        0.00
     0     5     1292.00     1179.00        0.00
     0     5     1288.00     1173.00        0.00
     0     5     1286.00     1165.00        0.00
     0     5     1286.00     1157.00        0.00
     0     5     1286.00     1151.00        0.00
     0     5     1284.00     1145.00        0.00
     0     5     1284.00     1137.00        0.00
     0     5     1284.00     1131.00        0.00
     0     5     1284.00     1125.00        0.00
     0     5     1284.00     1119.00        0.00
     0     5     1282.00     1113.00        0.00
     0     5     1280.00     1107.00        0.00
     0     5     1280.00     1101.00        0.00
     0     5     1284.00     1095.00        0.00
     0     5     1288.00     1089.00        0.00
     0     5     1292.00     1083.00        0.00
     0     5     1296.00     1077.00        0.00
     0     5     1300.00     1071.00        0.00
     0     5     1304.00     1067.00        0.00
     0     5     1308.00     1063.00        0.00
     0     5     1312.00     1059.00        0.00
     0     5     1318.00     1057.00        0.00
     0     5     1324.00     1053.00        0.00
     0     5     1328.00     1049.00        0.00
     0     5     1326.00     1043.00        0.00
     0     5     1324.00     1037.00        0.00
     0     5     1320.00     1033.00        0.00
     0     5     1318.00     1027.00        0.00
     0     5     1316.00     1019.00        0.00
     0     5     1314.00     1013.00        0.00
     0     5     1310.00     1007.00        0.00
     0     5     1316.00     1007.00        0.00
     0     5     1320.00     1011.00        0.00
     0     5     1324.00     1017.00        0.00
     0     5     1326.00     1023.00        0.00
     0     5     1330.00     1027.00        0.00
     0     5     1334.00     1033.00        0.00
     0     5     1338.00     1037.00        0.00
     0     5     1344.00     1039.00        0.00
     0     5     1350.00     1039.00        0.00
     0     5     1356.00     1039.00        0.00
     0     5     1362.00     1039.00        0.00
     0     5     1370.00     1039.00        0.00
     0     5     1378.00     1039.00        0.00
     0     5     1384.00     1039.00        0.00
     0     5     1390.00     1039.00        0.00
     0     5     1396.00     1041.00        0.00
     0     5     1400.00     1045.00        0.00
     0     5     1408.00     1047.00        0.00
     0     5     1414.00     1047.00        0.00
     0     5     1420.00     1047.00        0.00
     0     5     1426.00     1047.00        0.00
     0     5     1432.00     1047.00        0.00
     0     5     1438.00     1047.00        0.00
     0     5     1444.00     1047.00        0.00
     0     5     1450.00     1049.00        0.00
     0     5     1456.00     1051.00        0.00
     0     5     1462.00     1053.00        0.00
     0     5     1468.00     1055.00        0.00
     0     5     1474.00     1059.00        0.00
     0     5     1480.00     1061.00        0.00
     0     5     1484.00     1065.00        0.00
     0     5     1488.00     1069.00        0.00
     0     5     1490.00     1075.00        0.00
     0     5     1486.00     1079.00        0.00
     0     5     1480.00     1083.00        0.00
     0     5     1472.00     1087.00        0.00
     0     5     1466.00     1091.00        0.00
     0     5     1460.00     1097.00        0.00
     0     5     1456.00     1101.00        0.00
     0     5     1450.00     1105.00        0.00
     0     5     1446.00     1111.00        0.00
     0     5     1440.00     1117.00        0.00
     0     5     1436.00     1123.00        0.00
     0     5     1432.00     1129.00        0.00
     0     5     1428.00     1135.00        0.00
     0     5     1428.00     1141.00        0.00
     0     5     1428.00     1147.00        0.00
     0     5     1428.00     1153.00        0.00
     0     5     1430.00     1161.00        0.00
     0     5     1430.00     1167.00        0.00
     0     5     1432.00     1173.00        0.00
     0     5     1434.00     1179.00        0.00
     0     5     1440.00     1183.00        0.00
     0     5     1444.00     1187.00        0.00
     0     5     1450.00     1189.00        0.00
     0     5     1456.00     1191.00        0.00
     0     5     1462.00     1191.00        0.00
     0     5     1468.00     1191.00        0.00
     0     5     1474.00     1193.00        0.00
     0     6     1204.00      695.00        0.00
     0     6     1214.00      705.00        0.00
     0     6     1220.00      709.00        0.00
     0     6     1224.00      713.00        0.00
     0     6     1230.00      717.00        0.00
     0     6     1236.00      717.00        0.00
     0     6     1242.00      719.00        0.00
     0     6     1246.00      725.00        0.00
     0     6     1252.00      729.00        0.00
     0     6     1256.00      733.00        0.00
     0     6     1262.00      739.00        0.00
     0     6     1266.00      743.00        0.00
     0     6     1270.00      747.00        0.00
     0     6     1274.00      753.00        0.00
     0     6     1278.00      757.00        0.00
     0     6     1282.00      761.00        0.00
     0     6     1286.00      765.00        0.00
     0     6     1290.00      771.00        0.00
     0     6     1292.00      777.00        0.00
     0     6     1296.00      781.00        0.00
     0     6     1298.00      787.00        0.00
     0     6     1300.00      793.00        0.00
     0     6     1300.00      799.00        0.00
     0     6     1298.00      807.00        0.00
     0     6     1294.00      811.00        0.00
     0     6     1292.00      817.00        0.00
     0     6     1288.00      823.00        0.00
     0     6     1286.00      829.00        0.00
     0     6     1284.00      835.00        0.00
     0     6     1280.00      839.00        0.00
     0     6     1276.00      843.00        0.00
     0     6     1270.00      845.00        0.00
     0     6     1262.00      847.00        0.00
     0     6     1254.00      851.00        0.00
     0     6     1244.00      853.00        0.00
     0     6     1234.00      857.00        0.00
     0     6     1228.00      859.00        0.00
     0     6     1222.00      859.00        0.00
     0     6     1214.00      861.00        0.00
     0     6     1206.00      861.00        0.00
     0     6     1196.00      863.00        0.00
     0     6     1188.00      863.00        0.00
     0     6     1180.00      863.00        0.00
     0     6     1174.00      863.00        0.00
     0     6     1166.00      865.00        0.00
     0     6     1160.00      865.00        0.00
     0     6     1154.00      865.00        0.00
     0     6     1148.00      863.00        0.00
     0     6     1140.00      863.00        0.00
     0     6     1130.00      859.00        0.00
     0     6     1122.00      857.00        0.00
     0     6     1116.00      853.00        0.00
     0     6     1110.00      849.00        0.00
     0     6     1102.00      845.00        0.00
     0     6     1096.00      841.00        0.00
     0     6     1090.00      837.00        0.00
     0     6     1086.00      833.00        0.00
     0     6     1080.00      829.00        0.00
     0     6     1076.00      825.00        0.00
     0     6     1070.00      821.00        0.00
     0     6     1066.00      817.00        0.00
     0     6     1058.00      811.00        0.00
     0     6     1054.00      807.00        0.00
     0     6     1048.00      805.00        0.00
     0     6     1042.00      803.00        0.00
     0     6     1038.00      799.00        0.00
     0     6     1032.00      797.00        0.00
     0     6     1026.00      793.00        0.00
     0     6     1020.00      791.00        0.00
     0     6     1014.00      789.00        0.00
     0     6     1010.00      785.00        0.00
     0     6     1004.00      785.00        0.00
     0     6     1000.00      781.00        0.00
     0     6      994.00      781.00        0.00
     0     6      990.00      777.00        0.00
     0     6      984.00      773.00        0.00
     0     6      978.00      771.00        0.00
     0     6      978.00      765.00        0.00
     0     6      978.00      759.00        0.00
     0     6      980.00      751.00        0.00
     0     6      980.00      745.00        0.00
     0     6      982.00      737.00        0.00
     0     6      982.00      729.00        0.00
     0     6      982.00      723.00        0.00
     0     6      982.00      715.00        0.00
     0     6      978.00      711.00        0.00
     0     6      974.00      705.00        0.00
     0     6      970.00      699.00        0.00
     0     6      964.00      691.00        0.00
     0     6      960.00      687.00        0.00
     0     6      956.00      681.00        0.00
     0     6      956.00      675.00        0.00
     0     6      960.00      671.00        0.00
     0     6      968.00      669.00        0.00
     0     6      974.00      667.00        0.00
     0     6      982.00      665.00        0.00
     0     6      988.00      661.00        0.00
     0     6      994.00      661.00        0.00
     0     6     1000.00      663.00        0.00
     0     6     1006.00      667.00        0.00
     0     6     1014.00      671.00        0.00
     0     6     1022.00      677.00        0.00
     0     6     1028.00      681.00        0.00
     0     6     1034.00      683.00        0.00
     0     6     1042.00      687.00        0.00
     0     6     1048.00      689.00        0.00
     0     6     1054.00      693.00        0.00
     0     6     1060.00      695.00        0.00
     0     6     1066.00      697.00        0.00
     0     6     1072.00      699.00        0.00
     0     6     1078.00      701.00        0.00
     0     6     1084.00      703.00        0.00
     0     6     1090.00      703.00        0.00
     0     6     1096.00      703.00        0.00
     0     6     1102.00      703.00        0.00
     0     6     1108.00      703.00        0.00
     0     7      842.00      527.00        0.00
     0     7      842.00      551.00        0.00
     0     7      844.00      559.00        0.00
     0     7      846.00      565.00        0.00
     0     7      846.00      571.00        0.00
     0     7      848.00      577.00        0.00
     0     7      848.00      583.00        0.00
     0     7      846.00      589.00        0.00
     0     7      844.00      595.00        0.00
     0     7      842.00      601.00        0.00
     0     7      840.00      607.00        0.00
     0     7      836.00      613.00        0.00
     0     7      832.00      617.00        0.00
     0     7      828.00      621.00        0.00
     0     7      824.00      627.00        0.00
     0     7      820.00      631.00        0.00
     0     7      816.00      637.00        0.00
     0     7      812.00      641.00        0.00
     0     7      808.00      645.00        0.00
     0     7      804.00      649.00        0.00
     0     7      802.00      655.00        0.00
     0     7      796.00      661.00        0.00
     0     7      794.00      669.00        0.00
     0     7      790.00      673.00        0.00
     0     7      790.00      679.00        0.00
     0     7      790.00      685.00        0.00
     0     7      792.00      691.00        0.00
     0     7      794.00      697.00        0.00
     0     7      796.00      703.00        0.00
     0     7      796.00      711.00        0.00
     0     7      800.00      715.00        0.00
     0     7      800.00      721.00        0.00
     0     7      800.00      729.00        0.00
     0     7      798.00      735.00        0.00
     0     7      794.00      743.00        0.00
     0     7      788.00      747.00        0.00
     0     7      782.00      749.00        0.00
     0     7      778.00      753.00        0.00
     0     7      772.00      753.00        0.00
     0     7      766.00      755.00        0.00
     0     7      760.00      757.00        0.00
     0     7      754.00      759.00        0.00
     0     7      746.00      759.00        0.00
     0     7      740.00      759.00        0.00
     0     7      734.00      757.00        0.00
     0     7      726.00      755.00        0.00
     0     7      718.00      753.00        0.00
     0     7      712.00      753.00        0.00
     0     7      704.00      749.00        0.00
     0     7      698.00      747.00        0.00
     0     7      692.00      747.00        0.00
     0     7      686.00      743.00        0.00
     0     7      680.00      743.00        0.00
     0     7      674.00      741.00        0.00
     0     7      664.00      737.00        0.00
     0     7      658.00      737.00        0.00
     0     7      652.00      733.00        0.00
     0     7      646.00      731.00        0.00
     0     7      640.00      727.00        0.00
     0     7      634.00      723.00        0.00
     0     7      630.00      719.00        0.00
     0     7      624.00      715.00        0.00
     0     7      622.00      709.00        0.00
     0     7      620.00      703.00        0.00
     0     7      620.00      695.00        0.00
     0     7      624.00      689.00        0.00
     0     7      628.00      683.00        0.00
     0     7      632.00      677.00        0.00
     0     7      636.00      671.00        0.00
     0     7      642.00      665.00        0.00
     0     7      646.00      659.00        0.00
     0     7      648.00      653.00        0.00
     0     7      652.00      649.00        0.00
     0     7      654.00      643.00        0.00
     0     7      654.00      637.00        0.00
     0     7      656.00      631.00        0.00
     0     7      656.00      625.00        0.00
     0     7      656.00      619.00        0.00
     0     7      658.00      613.00        0.00
     0     7      658.00      607.00        0.00
     0     7      660.00      601.00        0.00
     0     7      660.00      595.00        0.00
     0     7      662.00      589.00        0.00
     0     7      664.00      583.00        0.00
     0     7      668.00      577.00        0.00
     0     7      672.00      571.00        0.00
     0     7      678.00      567.00        0.00
     0     7      684.00      565.00        0.00
     0     7      690.00      563.00        0.00
     0     7      696.00      563.00        0.00
     0     7      704.00      561.00        0.00
     0     7      710.00      561.00        0.00
     0     7      716.00      565.00        0.00
     0     7      722.00      567.00        0.00
     0     7      728.00      567.00        0.00
     0     7      734.00      567.00        0.00
     0     7      740.00      567.00        0.00
     0     7      746.00      565.00        0.00
     0     7      752.00      563.00        0.00
     0     7      756.00      559.00        0.00
     0     7      760.00      553.00        0.00
     0     7      764.00      547.00        0.00
     0     7      768.00      543.00        0.00
     0     7      772.00      539.00        0.00
     0     7      776.00      533.00        0.00
     0     7      782.00      531.00        0.00
     0     7      786.00      525.00        0.00
     0     7      792.00      523.00        0.00
     0     7      796.00      519.00        0.00
     0     7      802.00      515.00        0.00
     0     7      808.00      511.00        0.00
     0     7      812.00      507.00        0.00
     0     7      818.00      505.00        0.00
     0     7      822.00      501.00        0.00
     0     7      828.00      499.00        0.00
     0     7      834.00      495.00        0.00
     0     7      836.00      489.00        0.00
     0     7      842.00      485.00        0.00
     0     7      846.00      481.00        0.00
     0     7      850.00      477.00        0.00
     0     7      856.00      475.00        0.00
     0     7      860.00      469.00        0.00
     0     7      866.00      467.00        0.00
     0     7      872.00      465.00        0.00
     0     7      872.00      471.00        0.00
     0     7      868.00      475.00        0.00
     0     7      862.00      479.00        0.00
     0     7      858.00      483.00        0.00
     0     7      852.00      487.00        0.00
     0     7      848.00      493.00        0.00
     0     7      842.00      495.00        0.00
     0     7      836.00      497.00        0.00
     0     7      832.00      501.00        0.00
     0     7      826.00      503.00        0.00
     0     7      820.00      507.00        0.00
     0     7      814.00      509.00        0.00
     0     7      808.00      513.00        0.00
     0     7      804.00      517.00        0.00
     0     7      800.00      521.00        0.00
     0     7      794.00      525.00        0.00
     0     7      788.00      527.00        0.00
     0     7      784.00      531.00        0.00
     0     7      778.00      535.00        0.00
     0     7      772.00      539.00        0.00
     0     7      768.00      543.00        0.00
     0     7      766.00      549.00        0.00
     0     7      762.00      555.00        0.00
     0     7      762.00      561.00        0.00
     0     7      760.00      567.00        0.00
     0     7      766.00      567.00        0.00
     0     7      770.00      561.00        0.00
     0     7      776.00      557.00        0.00
     0     7      780.00      553.00        0.00
     0     7      784.00      549.00        0.00
     0     7      790.00      545.00        0.00
     0     8      582.00      255.00        0.00
     0     8      598.00      265.00        0.00
     0     8      602.00      271.00        0.00
     0     8      606.00      275.00        0.00
     0     8      612.00      279.00        0.00
     0     8      616.00      285.00        0.00
     0     8      620.00      289.00        0.00
     0     8      626.00      293.00        0.00
     0     8      632.00      295.00        0.00
     0     8      638.00      299.00        0.00
     0     8      644.00      299.00        0.00
     0     8      654.00      301.00        0.00
     0     8      660.00      301.00        0.00
     0     8      666.00      303.00        0.00
     0     8      672.00      303.00        0.00
     0     8      678.00      303.00        0.00
     0     8      684.00      303.00        0.00
     0     8      690.00      303.00        0.00
     0     8      694.00      307.00        0.00
     0     8      698.00      311.00        0.00
     0     8      700.00      317.00        0.00
     0     8      702.00      323.00        0.00
     0     8      708.00      327.00        0.00
     0     8      714.00      329.00        0.00
     0     8      718.00      333.00        0.00
     0     8      724.00      333.00        0.00
     0     8      730.00      333.00        0.00
     0     8      736.00      333.00        0.00
     0     8      742.00      335.00        0.00
     0     8      746.00      339.00        0.00
     0     8      750.00      343.00        0.00
     0     8      754.00      347.00        0.00
     0     8      758.00      353.00        0.00
     0     8      762.00      357.00        0.00
     0     8      764.00      363.00        0.00
     0     8      764.00      369.00        0.00
     0     8      766.00      375.00        0.00
     0     8      766.00      381.00        0.00
     0     8      764.00      387.00        0.00
     0     8      764.00      393.00        0.00
     0     8      762.00      399.00        0.00
     0     8      760.00      405.00        0.00
     0     8      758.00      411.00        0.00
     0     8      752.00      417.00        0.00
     0     8      750.00      423.00        0.00
     0     8      748.00      429.00        0.00
     0     8      744.00      435.00        0.00
     0     8      744.00      441.00        0.00
     0     8      740.00      445.00        0.00
     0     8      736.00      449.00        0.00
     0     8      732.00      453.00        0.00
     0     8      726.00      457.00        0.00
     0     8      720.00      459.00        0.00
     0     8      714.00      461.00        0.00
     0     8      710.00      467.00        0.00
     0     8      708.00      473.00        0.00
     0     8      704.00      477.00        0.00
     0     8      698.00      477.00        0.00
     0     8      690.00      477.00        0.00
     0     8      684.00      477.00        0.00
     0     8      680.00      473.00        0.00
     0     8      672.00      467.00        0.00
     0     8      668.00      463.00        0.00
     0     8      662.00      459.00        0.00
     0     8      656.00      455.00        0.00
     0     8      650.00      453.00        0.00
     0     8      640.00      451.00        0.00
     0     8      632.00      449.00        0.00
     0     8      622.00      445.00        0.00
     0     8      616.00      441.00        0.00
     0     8      610.00      437.00        0.00
     0     8      606.00      433.00        0.00
     0     8      602.00      429.00        0.00
     0     8      600.00      423.00        0.00
     0     8      596.00      417.00        0.00
     0     8      596.00      409.00        0.00
     0     8      594.00      401.00        0.00
     0     8      592.00      393.00        0.00
     0     8      592.00      387.00        0.00
     0     8      592.00      377.00        0.00
     0     8      592.00      371.00        0.00
     0     8      592.00      363.00        0.00
     0     8      590.00      357.00        0.00
     0     8      588.00      349.00        0.00
     0     8      588.00      343.00        0.00
     0     8      586.00      335.00        0.00
     0     8      584.00      329.00        0.00
     0     8      580.00      323.00        0.00
     0     8      578.00      317.00        0.00
     0     8      576.00      311.00        0.00
     0     8      572.00      305.00        0.00
     0     8      570.00      299.00        0.00
     0     8      568.00      293.00        0.00
     0     8      564.00      287.00        0.00
     0     8      562.00      281.00        0.00
     0     8      560.00      275.00        0.00
     0     9     1486.00      497.00        0.00
     0     9     1480.00      529.00        0.00
     0     9     1486.00      545.00        0.00
     0     9     1490.00      553.00        0.00
     0     9     1492.00      559.00        0.00
     0     9     1494.00      565.00        0.00
     0     9     1492.00      571.00        0.00
     0     9     1488.00      577.00        0.00
     0     9     1482.00      581.00        0.00
     0     9     1478.00      585.00        0.00
     0     9     1474.00      589.00        0.00
     0     9     1470.00      593.00        0.00
     0     9     1464.00      597.00        0.00
     0     9     1460.00      601.00        0.00
     0     9     1454.00      603.00        0.00
     0     9     1446.00      609.00        0.00
     0     9     1440.00      615.00        0.00
     0     9     1436.00      623.00        0.00
     0     9     1432.00      627.00        0.00
     0     9     1428.00      631.00        0.00
     0     9     1424.00      627.00        0.00
     0     9     1422.00      619.00        0.00
     0     9     1418.00      613.00        0.00
     0     9     1412.00      613.00        0.00
     0     9     1404.00      617.00        0.00
     0     9     1398.00      617.00        0.00
     0     9     1390.00      619.00        0.00
     0     9     1382.00      619.00        0.00
     0     9     1376.00      619.00        0.00
     0     9     1366.00      619.00        0.00
     0     9     1360.00      617.00        0.00
     0     9     1354.00      617.00        0.00
     0     9     1346.00      615.00        0.00
     0     9     1344.00      607.00        0.00
     0     9     1344.00      597.00        0.00
     0     9     1348.00      591.00        0.00
     0     9     1350.00      581.00        0.00
     0     9     1352.00      571.00        0.00
     0     9     1354.00      559.00        0.00
     0     9     1354.00      547.00        0.00
     0     9     1354.00      537.00        0.00
     0     9     1354.00      529.00        0.00
     0     9     1354.00      519.00        0.00
     0     9     1354.00      511.00        0.00
     0     9     1354.00      505.00        0.00
     0     9     1356.00      497.00        0.00
     0     9     1358.00      491.00        0.00
     0     9     1358.00      485.00        0.00
     0     9     1358.00      479.00        0.00
     0     9     1356.00      473.00        0.00
     0     9     1352.00      467.00        0.00
     0     9     1348.00      463.00        0.00
     0     9     1344.00      459.00        0.00
     0     9     1338.00      453.00        0.00
     0     9     1344.00      453.00        0.00
     0     9     1350.00      455.00        0.00
     0     9     1356.00      457.00        0.00
     0     9     1362.00      457.00        0.00
     0     9     1368.00      455.00        0.00
     0     9     1374.00      453.00        0.00
     0     9     1378.00      449.00        0.00
     0     9     1386.00      445.00        0.00
     0     9     1392.00      445.00        0.00
     0     9     1398.00      443.00        0.00
     0     9     1404.00      443.00        0.00
     0     9     1412.00      443.00        0.00
     0     9     1418.00      443.00        0.00
     0     9     1424.00      443.00        0.00
     0     9     1430.00      443.00        0.00
     0     9     1436.00      443.00        0.00
     0     9     1442.00      443.00        0.00
     0     9     1448.00      443.00        0.00
     0     9     1452.00      447.00        0.00
     0     9     1458.00      449.00        0.00
     0     9     1464.00      451.00        0.00
