     0     0      604.00     1107.00        0.00
     0     0      598.00     1105.00        0.00
     0     0      592.00     1103.00        0.00
     0     0      586.00     1101.00        0.00
     0     0      580.00     1101.00        0.00
     0     0      572.00     1101.00        0.00
     0     0      566.00     1101.00        0.00
     0     0      560.00     1101.00        0.00
     0     0      554.00     1101.00        0.00
     0     0      546.00     1101.00        0.00
     0     0      540.00     1103.00        0.00
     0     0      534.00     1103.00        0.00
     0     0      528.00     1103.00        0.00
     0     0      524.00     1107.00        0.00
     0     0      518.00     1109.00        0.00
     0     0      512.00     1113.00        0.00
     0     0      506.00     1115.00        0.00
     0     0      500.00     1117.00        0.00
     0     0      494.00     1121.00        0.00
     0     0      490.00     1125.00        0.00
     0     0      486.00     1129.00        0.00
     0     0      480.00     1133.00        0.00
     0     0      476.00     1137.00        0.00
     0     0      472.00     1141.00        0.00
     0     0      468.00     1147.00        0.00
     0     0      464.00     1151.00        0.00
     0     0      460.00     1157.00        0.00
     0     0      456.00     1161.00        0.00
     0     0      452.00     1167.00        0.00
     0     0      448.00     1171.00        0.00
     0     0      444.00     1175.00        0.00
     0     0      440.00     1179.00        0.00
     0     0      436.00     1183.00        0.00
     0     0      432.00     1187.00        0.00
     0     0      428.00     1191.00        0.00
     0     0      424.00     1195.00        0.00
     0     0      418.00     1199.00        0.00
     0     0      412.00     1201.00        0.00
     0     0      414.00     1195.00        0.00
     0     0      418.00     1191.00        0.00
     0     0      422.00     1185.00        0.00
     0     0      426.00     1181.00        0.00
     0     0      430.00     1177.00        0.00
     0     0      434.00     1171.00        0.00
     0     0      438.00     1167.00        0.00
     0     0      442.00     1163.00        0.00
     0     0      446.00     1157.00        0.00
     0     0      450.00     1153.00        0.00
     0     0      456.00     1149.00        0.00
     0     0      462.00     1147.00        0.00
     0     0      466.00     1143.00        0.00
     0     0      470.00     1139.00        0.00
     0     0      476.00     1135.00        0.00
     0     0      480.00     1131.00        0.00
     0     0      484.00     1127.00        0.00
     0     0      488.00     1123.00        0.00
     0     0      492.00     1119.00        0.00
     0     0      496.00     1115.00        0.00
     0     0      500.00     1111.00        0.00
     0     0      504.00     1107.00        0.00
     0     0      510.00     1101.00        0.00
     0     0      516.00     1097.00        0.00
     0     0      518.00     1091.00        0.00
     0     0      522.00     1087.00        0.00
     0     0      526.00     1083.00        0.00
     0     0      528.00     1077.00        0.00
     0     0      532.00     1071.00        0.00
     0     0      534.00     1065.00        0.00
     0     0      538.00     1059.00        0.00
     0     0      540.00     1051.00        0.00
     0     0      542.00     1043.00        0.00
     0     0      544.00     1037.00        0.00
     0     0      546.00     1031.00        0.00
     0     0      546.00     1025.00        0.00
     0     0      546.00     1019.00        0.00
     0     0      546.00     1013.00        0.00
     0     0      546.00     1007.00        0.00
     0     0      546.00     1001.00        0.00
     0     0      546.00      995.00        0.00
     0     0      546.00      989.00        0.00
     0     0      546.00      983.00        0.00
     0     0      546.00      977.00        0.00
     0     0      548.00      971.00        0.00
     0     0      550.00      965.00        0.00
     0     0      554.00      959.00        0.00
     0     0      556.00      953.00        0.00
     0     0      560.00      949.00        0.00
     0     0      564.00      945.00        0.00
     0     0      566.00      955.00        0.00
     0     0      566.00      961.00        0.00
     0     0      566.00      967.00        0.00
     0     0      566.00      973.00        0.00
     0     0      566.00      979.00        0.00
     0     0      570.00      985.00        0.00
     0     0      574.00      991.00        0.00
     0     0      580.00      995.00        0.00
     0     0      586.00      995.00        0.00
     0     0      592.00      995.00        0.00
     0     0      598.00      993.00        0.00
     0     0      604.00      991.00        0.00
     0     0      608.00      987.00        0.00
     0     0      612.00      983.00        0.00
     0     0      618.00      981.00        0.00
     0     0      616.00      987.00        0.00
     0     0      614.00      993.00        0.00
     0     0      612.00      999.00        0.00
     0     0      612.00     1005.00        0.00
     0     0      610.00     1011.00        0.00
     0     0      610.00     1019.00        0.00
     0     0      610.00     1025.00        0.00
     0     0      610.00     1031.00        0.00
     0     0      610.00     1037.00        0.00
     0     0      614.00     1043.00        0.00
     0     0      618.00     1049.00        0.00
     0     0      622.00     1053.00        0.00
     0     0      628.00     1057.00        0.00
     0     0      634.00     1059.00        0.00
     0     0      640.00     1061.00        0.00
     0     0      646.00     1063.00        0.00
     0     0      654.00     1067.00        0.00
     0     0      660.00     1069.00        0.00
     0     0      666.00     1071.00        0.00
     0     0      672.00     1073.00        0.00
     0     0      680.00     1075.00        0.00
     0     0      686.00     1077.00        0.00
     0     0      692.00     1081.00        0.00
     0     0      698.00     1083.00        0.00
     0     0      704.00     1085.00        0.00
     0     0      708.00     1089.00        0.00
     0     0      710.00     1095.00        0.00
     0     0      706.00     1101.00        0.00
     0     0      704.00     1107.00        0.00
     0     0      700.00     1111.00        0.00
     0     0      696.00     1115.00        0.00
     0     0      692.00     1119.00        0.00
     0     0      688.00     1123.00        0.00
     0     0      686.00     1129.00        0.00
     0     0      682.00     1133.00        0.00
     0     0      680.00     1139.00        0.00
     0     0      676.00     1143.00        0.00
     0     0      670.00     1147.00        0.00
     0     0      664.00     1147.00        0.00
     0     0      658.00     1147.00        0.00
     0     0      652.00     1149.00        0.00
     0     0      644.00     1149.00        0.00
     0     0      636.00     1147.00        0.00
     0     0      630.00     1143.00        0.00
     0     0      626.00     1139.00        0.00
     0     0      624.00     1133.00        0.00
     0     1      298.00      355.00        0.00
     0     1      302.00      365.00        0.00
     0     1      304.00      371.00        0.00
     0     1      304.00      377.00        0.00
     0     1      302.00      383.00        0.00
     0     1      298.00      387.00        0.00
     0     1      296.00      393.00        0.00
     0     1      294.00      399.00        0.00
     0     1      294.00      407.00        0.00
     0     1      294.00      415.00        0.00
     0     1      294.00      423.00        0.00
     0     1      294.00      429.00        0.00
     0     1      294.00      435.00        0.00
     0     1      294.00      441.00        0.00
     0     1      292.00      447.00        0.00
     0     1      290.00      453.00        0.00
     0     1      286.00      457.00        0.00
     0     1      282.00      461.00        0.00
     0     1      278.00      465.00        0.00
     0     1      274.00      469.00        0.00
     0     1      270.00      473.00        0.00
     0     1      266.00      477.00        0.00
     0     1      264.00      483.00        0.00
     0     1      260.00      489.00        0.00
     0     1      260.00      495.00        0.00
     0     1      256.00      501.00        0.00
     0     1      254.00      507.00        0.00
     0     1      250.00      513.00        0.00
     0     1      248.00      519.00        0.00
     0     1      248.00      525.00        0.00
     0     1      248.00      531.00        0.00
     0     1      248.00      537.00        0.00
     0     1      246.00      543.00        0.00
     0     1      242.00      547.00        0.00
     0     1      236.00      549.00        0.00
     0     1      230.00      551.00        0.00
     0     1      224.00      551.00        0.00
     0     1      218.00      551.00        0.00
     0     1      212.00      553.00        0.00
     0     1      206.00      555.00        0.00
     0     1      200.00      555.00        0.00
     0     1      194.00      557.00        0.00
     0     1      186.00      557.00        0.00
     0     1      180.00      557.00        0.00
     0     1      174.00      557.00        0.00
     0     1      168.00      557.00        0.00
     0     1      162.00      553.00        0.00
     0     1      158.00      549.00        0.00
     0     1      152.00      547.00        0.00
     0     1      148.00      543.00        0.00
     0     1      144.00      539.00        0.00
     0     1      140.00      535.00        0.00
     0     1      136.00      531.00        0.00
     0     1      134.00      525.00        0.00
     0     1      132.00      519.00        0.00
     0     1      132.00      513.00        0.00
     0     1      130.00      507.00        0.00
     0     1      130.00      499.00        0.00
     0     1      128.00      491.00        0.00
     0     1      128.00      485.00        0.00
     0     1      124.00      481.00        0.00
     0     1      122.00      475.00        0.00
     0     1      122.00      469.00        0.00
     0     1      126.00      463.00        0.00
     0     1      130.00      457.00        0.00
     0     1      134.00      451.00        0.00
     0     1      134.00      443.00        0.00
     0     1      134.00      437.00        0.00
     0     1      132.00      431.00        0.00
     0     1      130.00      425.00        0.00
     0     1      130.00      417.00        0.00
     0     1      134.00      411.00        0.00
     0     1      136.00      405.00        0.00
     0     1      140.00      401.00        0.00
     0     1      144.00      397.00        0.00
     0     1      146.00      391.00        0.00
     0     1      150.00      387.00        0.00
     0     1      156.00      385.00        0.00
     0     1      162.00      381.00        0.00
     0     1      168.00      379.00        0.00
     0     1      174.00      375.00        0.00
     0     1      178.00      371.00        0.00
     0     1      182.00      367.00        0.00
     0     1      186.00      363.00        0.00
     0     1      190.00      359.00        0.00
     0     1      194.00      355.00        0.00
     0     1      200.00      353.00        0.00
     0     1      204.00      349.00        0.00
     0     1      210.00      349.00        0.00
     0     1      218.00      345.00        0.00
     0     1      224.00      345.00        0.00
     0     1      230.00      349.00        0.00
     0     1      232.00      357.00        0.00
     0     1      232.00      363.00        0.00
     0     1      232.00      371.00        0.00
     0     1      232.00      377.00        0.00
     0     1      236.00      381.00        0.00
     0     1      240.00      387.00        0.00
     0     1      244.00      391.00        0.00
     0     1      250.00      395.00        0.00
     0     1      254.00      399.00        0.00
     0     1      260.00      399.00        0.00
     0     1      266.00      399.00        0.00
     0     1      272.00      395.00        0.00
     0     1      278.00      391.00        0.00
     0     1      282.00      387.00        0.00
     0     1      286.00      383.00        0.00
     0     2      660.00      535.00        0.00
     0     2      676.00      549.00        0.00
     0     2      680.00      553.00        0.00
     0     2      686.00      559.00        0.00
     0     2      692.00      563.00        0.00
     0     2      696.00      567.00        0.00
     0     2      696.00      573.00        0.00
     0     2      696.00      579.00        0.00
     0     2      692.00      585.00        0.00
     0     2      688.00      591.00        0.00
     0     2      686.00      597.00        0.00
     0     2      686.00      603.00        0.00
     0     2      682.00      607.00        0.00
     0     2      678.00      611.00        0.00
     0     2      672.00      615.00        0.00
     0     2      666.00      615.00        0.00
     0     2      660.00      617.00        0.00
     0     2      652.00      619.00        0.00
     0     2      646.00      619.00        0.00
     0     2      640.00      619.00        0.00
     0     2      632.00      619.00        0.00
     0     2      626.00      619.00        0.00
     0     2      618.00      621.00        0.00
     0     2      612.00      621.00        0.00
     0     2      606.00      623.00        0.00
     0     2      600.00      623.00        0.00
     0     2      594.00      625.00        0.00
     0     2      590.00      631.00        0.00
     0     2      586.00      635.00        0.00
     0     2      582.00      639.00        0.00
     0     2      576.00      643.00        0.00
     0     2      570.00      647.00        0.00
     0     2      564.00      651.00        0.00
     0     2      560.00      655.00        0.00
     0     2      552.00      659.00        0.00
     0     2      548.00      663.00        0.00
     0     2      542.00      665.00        0.00
     0     2      538.00      669.00        0.00
     0     2      534.00      673.00        0.00
     0     2      530.00      677.00        0.00
     0     2      522.00      681.00        0.00
     0     2      516.00      685.00        0.00
     0     2      508.00      687.00        0.00
     0     2      502.00      687.00        0.00
     0     2      494.00      687.00        0.00
     0     2      488.00      687.00        0.00
     0     2      482.00      687.00        0.00
     0     2      476.00      683.00        0.00
     0     2      476.00      675.00        0.00
     0     2      480.00      669.00        0.00
     0     2      482.00      661.00        0.00
     0     2      482.00      655.00        0.00
     0     2      480.00      649.00        0.00
     0     2      476.00      645.00        0.00
     0     2      468.00      645.00        0.00
     0     2      462.00      647.00        0.00
     0     2      456.00      649.00        0.00
     0     2      450.00      649.00        0.00
     0     2      444.00      649.00        0.00
     0     2      438.00      649.00        0.00
     0     2      432.00      649.00        0.00
     0     2      426.00      647.00        0.00
     0     2      422.00      643.00        0.00
     0     2      422.00      637.00        0.00
     0     2      422.00      629.00        0.00
     0     2      426.00      623.00        0.00
     0     2      428.00      615.00        0.00
     0     2      428.00      609.00        0.00
     0     2      428.00      603.00        0.00
     0     2      428.00      597.00        0.00
     0     2      430.00      591.00        0.00
     0     2      432.00      583.00        0.00
     0     2      438.00      573.00        0.00
     0     2      444.00      569.00        0.00
     0     2      448.00      563.00        0.00
     0     2      454.00      559.00        0.00
     0     2      460.00      555.00        0.00
     0     2      468.00      549.00        0.00
     0     2      474.00      545.00        0.00
     0     2      480.00      541.00        0.00
     0     2      484.00      537.00        0.00
     0     2      488.00      533.00        0.00
     0     2      494.00      529.00        0.00
     0     2      500.00      525.00        0.00
     0     2      504.00      521.00        0.00
     0     2      508.00      517.00        0.00
     0     2      512.00      511.00        0.00
     0     2      516.00      507.00        0.00
     0     2      520.00      501.00        0.00
     0     2      526.00      497.00        0.00
     0     2      532.00      495.00        0.00
     0     2      538.00      493.00        0.00
     0     2      546.00      493.00        0.00
     0     2      554.00      493.00        0.00
     0     2      562.00      493.00        0.00
     0     2      570.00      493.00        0.00
     0     2      578.00      493.00        0.00
     0     2      584.00      493.00        0.00
     0     2      590.00      497.00        0.00
     0     2      596.00      499.00        0.00
     0     2      602.00      499.00        0.00
     0     2      608.00      499.00        0.00
     0     2      614.00      499.00        0.00
     0     2      622.00      501.00        0.00
     0     2      630.00      501.00        0.00
     0     2      636.00      501.00        0.00
     0     2      640.00      505.00        0.00
     0     2      644.00      509.00        0.00
     0     3      962.00      623.00        0.00
     0     3      950.00      613.00        0.00
     0     3      950.00      607.00        0.00
     0     3      950.00      601.00        0.00
     0     3      952.00      593.00        0.00
     0     3      956.00      587.00        0.00
     0     3      960.00      579.00        0.00
     0     3      964.00      573.00        0.00
     0     3      970.00      569.00        0.00
     0     3      976.00      565.00        0.00
     0     3      984.00      559.00        0.00
     0     3      988.00      555.00        0.00
     0     3      996.00      551.00        0.00
     0     3     1002.00      549.00        0.00
     0     3     1010.00      547.00        0.00
     0     3     1016.00      545.00        0.00
     0     3     1022.00      545.00        0.00
     0     3     1028.00      545.00        0.00
     0     3     1036.00      545.00        0.00
     0     3     1042.00      545.00        0.00
     0     3     1050.00      543.00        0.00
     0     3     1056.00      541.00        0.00
     0     3     1062.00      541.00        0.00
     0     3     1070.00      537.00        0.00
     0     3     1076.00      535.00        0.00
     0     3     1082.00      533.00        0.00
     0     3     1088.00      531.00        0.00
     0     3     1096.00      529.00        0.00
     0     3     1102.00      529.00        0.00
     0     3     1108.00      527.00        0.00
     0     3     1114.00      523.00        0.00
     0     3     1120.00      521.00        0.00
     0     3     1124.00      517.00        0.00
     0     3     1130.00      513.00        0.00
     0     3     1136.00      509.00        0.00
     0     3     1142.00      505.00        0.00
     0     3     1146.00      499.00        0.00
     0     3     1150.00      495.00        0.00
     0     3     1154.00      489.00        0.00
     0     3     1158.00      483.00        0.00
     0     3     1164.00      479.00        0.00
     0     3     1170.00      477.00        0.00
     0     3     1176.00      475.00        0.00
     0     3     1182.00      473.00        0.00
     0     3     1188.00      469.00        0.00
     0     3     1194.00      467.00        0.00
     0     3     1200.00      467.00        0.00
     0     3     1206.00      467.00        0.00
     0     3     1212.00      467.00        0.00
     0     3     1218.00      469.00        0.00
     0     3     1224.00      469.00        0.00
     0     3     1230.00      469.00        0.00
     0     3     1236.00      469.00        0.00
     0     3     1244.00      469.00        0.00
     0     3     1250.00      469.00        0.00
     0     3     1256.00      469.00        0.00
     0     3     1264.00      467.00        0.00
     0     3     1270.00      465.00        0.00
     0     3     1276.00      463.00        0.00
     0     3     1282.00      461.00        0.00
     0     3     1288.00      457.00        0.00
     0     3     1296.00      455.00        0.00
     0     3     1302.00      453.00        0.00
     0     3     1308.00      451.00        0.00
     0     3     1314.00      449.00        0.00
     0     3     1320.00      447.00        0.00
     0     3     1326.00      445.00        0.00
     0     3     1334.00      441.00        0.00
     0     3     1340.00      439.00        0.00
     0     3     1344.00      435.00        0.00
     0     3     1348.00      431.00        0.00
     0     3     1352.00      427.00        0.00
     0     3     1358.00      425.00        0.00
     0     3     1364.00      425.00        0.00
     0     3     1370.00      425.00        0.00
     0     3     1378.00      425.00        0.00
     0     3     1384.00      427.00        0.00
     0     3     1390.00      431.00        0.00
     0     3     1394.00      437.00        0.00
     0     3     1398.00      445.00        0.00
     0     3     1398.00      451.00        0.00
     0     3     1398.00      457.00        0.00
     0     3     1398.00      463.00        0.00
     0     3     1394.00      471.00        0.00
     0     3     1392.00      477.00        0.00
     0     3     1390.00      485.00        0.00
     0     3     1388.00      491.00        0.00
     0     3     1386.00      499.00        0.00
     0     3     1384.00      505.00        0.00
     0     3     1382.00      511.00        0.00
     0     3     1380.00      517.00        0.00
     0     3     1378.00      523.00        0.00
     0     3     1376.00      529.00        0.00
     0     3     1374.00      535.00        0.00
     0     3     1370.00      541.00        0.00
     0     3     1364.00      545.00        0.00
     0     3     1360.00      551.00        0.00
     0     3     1356.00      557.00        0.00
     0     3     1352.00      565.00        0.00
     0     3     1348.00      571.00        0.00
     0     3     1346.00      577.00        0.00
     0     3     1344.00      583.00        0.00
     0     3     1342.00      591.00        0.00
     0     3     1338.00      599.00        0.00
     0     3     1334.00      603.00        0.00
     0     3     1324.00      609.00        0.00
     0     3     1318.00      613.00        0.00
     0     3     1312.00      619.00        0.00
     0     3     1304.00      623.00        0.00
     0     3     1298.00      627.00        0.00
     0     3     1294.00      631.00        0.00
     0     3     1288.00      635.00        0.00
     0     3     1284.00      639.00        0.00
     0     3     1280.00      643.00        0.00
     0     3     1274.00      645.00        0.00
     0     3     1268.00      647.00        0.00
     0     3     1262.00      649.00        0.00
     0     3     1256.00      649.00        0.00
     0     3     1248.00      649.00        0.00
     0     3     1242.00      649.00        0.00
     0     3     1236.00      647.00        0.00
     0     3     1230.00      647.00        0.00
     0     3     1224.00      651.00        0.00
     0     3     1222.00      657.00        0.00
     0     3     1218.00      661.00        0.00
     0     3     1214.00      665.00        0.00
     0     3     1210.00      669.00        0.00
     0     3     1204.00      673.00        0.00
     0     3     1196.00      677.00        0.00
     0     3     1192.00      681.00        0.00
     0     3     1186.00      681.00        0.00
     0     3     1180.00      681.00        0.00
     0     3     1174.00      681.00        0.00
     0     3     1168.00      681.00        0.00
     0     3     1162.00      677.00        0.00
     0     3     1156.00      675.00        0.00
     0     3     1150.00      673.00        0.00
     0     3     1144.00      671.00        0.00
     0     3     1138.00      669.00        0.00
     0     3     1128.00      669.00        0.00
     0     3     1122.00      669.00        0.00
     0     3     1116.00      669.00        0.00
     0     3     1110.00      669.00        0.00
     0     3     1102.00      669.00        0.00
     0     3     1094.00      671.00        0.00
     0     3     1086.00      671.00        0.00
     0     3     1076.00      671.00        0.00
     0     3     1068.00      669.00        0.00
     0     3     1062.00      669.00        0.00
     0     3     1056.00      667.00        0.00
     0     3     1050.00      665.00        0.00
     0     3     1046.00      661.00        0.00
     0     3     1042.00      657.00        0.00
     0     3     1036.00      653.00        0.00
     0     3     1030.00      653.00        0.00
     0     3     1020.00      651.00        0.00
     0     3     1014.00      651.00        0.00
     0     3     1008.00      651.00        0.00
     0     3     1002.00      651.00        0.00
     0     3      996.00      649.00        0.00
     0     3      992.00      645.00        0.00
     0     4     1506.00      889.00        0.00
     0     4     1514.00      909.00        0.00
     0     4     1518.00      915.00        0.00
     0     4     1522.00      921.00        0.00
     0     4     1526.00      927.00        0.00
     0     4     1530.00      931.00        0.00
     0     4     1532.00      939.00        0.00
     0     4     1536.00      943.00        0.00
     0     4     1540.00      949.00        0.00
     0     4     1542.00      955.00        0.00
     0     4     1546.00      961.00        0.00
     0     4     1550.00      967.00        0.00
     0     4     1552.00      975.00        0.00
     0     4     1554.00      981.00        0.00
     0     4     1558.00      985.00        0.00
     0     4     1562.00      991.00        0.00
     0     4     1568.00      995.00        0.00
     0     4     1574.00      999.00        0.00
     0     4     1578.00     1003.00        0.00
     0     4     1584.00     1007.00        0.00
     0     4     1590.00     1011.00        0.00
     0     4     1596.00     1015.00        0.00
     0     4     1600.00     1019.00        0.00
     0     4     1606.00     1023.00        0.00
     0     4     1610.00     1027.00        0.00
     0     4     1614.00     1033.00        0.00
     0     4     1620.00     1041.00        0.00
     0     4     1624.00     1045.00        0.00
     0     4     1628.00     1053.00        0.00
     0     4     1632.00     1059.00        0.00
     0     4     1636.00     1065.00        0.00
     0     4     1638.00     1071.00        0.00
     0     4     1640.00     1077.00        0.00
     0     4     1642.00     1083.00        0.00
     0     4     1644.00     1091.00        0.00
     0     4     1648.00     1097.00        0.00
     0     4     1652.00     1101.00        0.00
     0     4     1652.00     1107.00        0.00
     0     4     1652.00     1113.00        0.00
     0     4     1648.00     1117.00        0.00
     0     4     1644.00     1123.00        0.00
     0     4     1642.00     1129.00        0.00
     0     4     1638.00     1133.00        0.00
     0     4     1632.00     1137.00        0.00
     0     4     1626.00     1137.00        0.00
     0     4     1618.00     1137.00        0.00
     0     4     1612.00     1137.00        0.00
     0     4     1606.00     1137.00        0.00
     0     4     1600.00     1137.00        0.00
     0     4     1594.00     1137.00        0.00
     0     4     1584.00     1135.00        0.00
     0     4     1578.00     1133.00        0.00
     0     4     1572.00     1133.00        0.00
     0     4     1566.00     1135.00        0.00
     0     4     1560.00     1135.00        0.00
     0     4     1552.00     1137.00        0.00
     0     4     1544.00     1137.00        0.00
     0     4     1536.00     1137.00        0.00
     0     4     1528.00     1137.00        0.00
     0     4     1522.00     1137.00        0.00
     0     4     1516.00     1137.00        0.00
     0     4     1510.00     1135.00        0.00
     0     4     1502.00     1133.00        0.00
     0     4     1496.00     1129.00        0.00
     0     4     1490.00     1127.00        0.00
     0     4     1484.00     1123.00        0.00
     0     4     1478.00     1121.00        0.00
     0     4     1474.00     1117.00        0.00
     0     4     1470.00     1111.00        0.00
     0     4     1466.00     1105.00        0.00
     0     4     1462.00     1099.00        0.00
     0     4     1462.00     1091.00        0.00
     0     4     1462.00     1085.00        0.00
     0     4     1462.00     1077.00        0.00
     0     4     1462.00     1071.00        0.00
     0     4     1462.00     1063.00        0.00
     0     4     1462.00     1057.00        0.00
     0     4     1462.00     1049.00        0.00
     0     4     1462.00     1043.00        0.00
     0     4     1466.00     1037.00        0.00
     0     4     1470.00     1031.00        0.00
     0     4     1474.00     1027.00        0.00
     0     4     1478.00     1023.00        0.00
     0     4     1482.00     1017.00        0.00
     0     4     1484.00     1011.00        0.00
     0     4     1484.00     1005.00        0.00
     0     4     1484.00      999.00        0.00
     0     4     1482.00      993.00        0.00
     0     4     1480.00      987.00        0.00
     0     4     1476.00      981.00        0.00
     0     4     1476.00      975.00        0.00
     0     4     1476.00      969.00        0.00
     0     4     1476.00      963.00        0.00
     0     4     1480.00      957.00        0.00
     0     4     1482.00      949.00        0.00
     0     4     1484.00      943.00        0.00
     0     4     1484.00      937.00        0.00
     0     4     1486.00      931.00        0.00
     0     5      654.00      961.00        0.00
     0     5      636.00      961.00        0.00
     0     5      630.00      961.00        0.00
     0     5      622.00      961.00        0.00
     0     5      616.00      959.00        0.00
     0     5      610.00      957.00        0.00
     0     5      604.00      953.00        0.00
     0     5      598.00      949.00        0.00
     0     5      592.00      945.00        0.00
     0     5      588.00      941.00        0.00
     0     5      580.00      937.00        0.00
     0     5      576.00      933.00        0.00
     0     5      568.00      929.00        0.00
     0     5      562.00      925.00        0.00
     0     5      558.00      921.00        0.00
     0     5      554.00      917.00        0.00
     0     5      548.00      913.00        0.00
     0     5      544.00      907.00        0.00
     0     5      540.00      903.00        0.00
     0     5      536.00      897.00        0.00
     0     5      534.00      891.00        0.00
     0     5      534.00      885.00        0.00
     0     5      538.00      881.00        0.00
     0     5      544.00      879.00        0.00
     0     5      552.00      877.00        0.00
     0     5      562.00      875.00        0.00
     0     5      572.00      871.00        0.00
     0     5      578.00      867.00        0.00
     0     5      584.00      861.00        0.00
     0     5      588.00      855.00        0.00
     0     5      590.00      849.00        0.00
     0     5      592.00      843.00        0.00
     0     5      596.00      837.00        0.00
     0     5      600.00      831.00        0.00
     0     5      606.00      827.00        0.00
     0     5      612.00      823.00        0.00
     0     5      616.00      819.00        0.00
     0     5      622.00      815.00        0.00
     0     5      630.00      811.00        0.00
     0     5      636.00      809.00        0.00
     0     5      642.00      805.00        0.00
     0     5      646.00      801.00        0.00
     0     5      652.00      797.00        0.00
     0     5      656.00      793.00        0.00
     0     5      660.00      789.00        0.00
     0     5      664.00      783.00        0.00
     0     5      668.00      777.00        0.00
     0     5      674.00      771.00        0.00
     0     5      680.00      767.00        0.00
     0     5      688.00      765.00        0.00
     0     5      696.00      761.00        0.00
     0     5      704.00      759.00        0.00
     0     5      710.00      757.00        0.00
     0     5      716.00      753.00        0.00
     0     5      722.00      751.00        0.00
     0     5      728.00      753.00        0.00
     0     5      736.00      757.00        0.00
     0     5      744.00      761.00        0.00
     0     5      752.00      765.00        0.00
     0     5      756.00      773.00        0.00
     0     5      760.00      777.00        0.00
     0     5      764.00      781.00        0.00
     0     5      766.00      789.00        0.00
     0     5      768.00      795.00        0.00
     0     5      768.00      801.00        0.00
     0     5      770.00      809.00        0.00
     0     5      770.00      815.00        0.00
     0     5      772.00      821.00        0.00
     0     5      774.00      827.00        0.00
     0     5      776.00      833.00        0.00
     0     5      780.00      839.00        0.00
     0     5      784.00      843.00        0.00
     0     5      790.00      849.00        0.00
     0     5      794.00      855.00        0.00
     0     5      800.00      859.00        0.00
     0     5      808.00      865.00        0.00
     0     5      814.00      871.00        0.00
     0     5      820.00      875.00        0.00
     0     5      826.00      881.00        0.00
     0     5      828.00      887.00        0.00
     0     5      828.00      893.00        0.00
     0     5      826.00      899.00        0.00
     0     5      818.00      905.00        0.00
     0     5      812.00      907.00        0.00
     0     5      808.00      911.00        0.00
     0     5      804.00      917.00        0.00
     0     5      802.00      923.00        0.00
     0     5      800.00      931.00        0.00
     0     5      800.00      937.00        0.00
     0     5      800.00      943.00        0.00
     0     5      800.00      949.00        0.00
     0     5      800.00      955.00        0.00
     0     5      802.00      961.00        0.00
     0     5      804.00      967.00        0.00
     0     5      804.00      973.00        0.00
     0     5      804.00      979.00        0.00
     0     5      804.00      985.00        0.00
     0     5      800.00      989.00        0.00
     0     5      792.00      991.00        0.00
     0     5      784.00      993.00        0.00
     0     5      776.00      993.00        0.00
     0     5      768.00      993.00        0.00
     0     5      760.00      993.00        0.00
     0     5      752.00      993.00        0.00
     0     5      744.00      995.00        0.00
     0     5      738.00      997.00        0.00
     0     5      732.00      997.00        0.00
     0     5      726.00      997.00        0.00
     0     5      718.00      997.00        0.00
     0     5      714.00      991.00        0.00
     0     5      710.00      985.00        0.00
     0     5      706.00      979.00        0.00
     0     5      702.00      973.00        0.00
     0     5      698.00      969.00        0.00
     0     5      692.00      967.00        0.00
     0     6      950.00      929.00        0.00
     0     6      950.00      947.00        0.00
     0     6      954.00      955.00        0.00
     0     6      958.00      965.00        0.00
     0     6      960.00      973.00        0.00
     0     6      964.00      977.00        0.00
     0     6      966.00      983.00        0.00
     0     6      970.00      989.00        0.00
     0     6      976.00      997.00        0.00
     0     6      978.00     1003.00        0.00
     0     6      982.00     1007.00        0.00
     0     6      988.00     1013.00        0.00
     0     6      992.00     1017.00        0.00
     0     6      994.00     1025.00        0.00
     0     6      998.00     1033.00        0.00
     0     6      998.00     1039.00        0.00
     0     6      998.00     1045.00        0.00
     0     6      998.00     1051.00        0.00
     0     6      996.00     1057.00        0.00
     0     6      994.00     1063.00        0.00
     0     6      992.00     1071.00        0.00
     0     6      992.00     1077.00        0.00
     0     6      992.00     1083.00        0.00
     0     6      992.00     1089.00        0.00
     0     6      988.00     1093.00        0.00
     0     6      978.00     1093.00        0.00
     0     6      968.00     1091.00        0.00
     0     6      962.00     1089.00        0.00
     0     6      954.00     1087.00        0.00
     0     6      948.00     1087.00        0.00
     0     6      942.00     1085.00        0.00
     0     6      932.00     1083.00        0.00
     0     6      924.00     1081.00        0.00
     0     6      916.00     1081.00        0.00
     0     6      908.00     1081.00        0.00
     0     6      900.00     1083.00        0.00
     0     6      894.00     1083.00        0.00
     0     6      880.00     1083.00        0.00
     0     6      868.00     1083.00        0.00
     0     6      862.00     1085.00        0.00
     0     6      856.00     1089.00        0.00
     0     6      850.00     1089.00        0.00
     0     6      844.00     1091.00        0.00
     0     6      838.00     1091.00        0.00
     0     6      834.00     1087.00        0.00
     0     6      830.00     1081.00        0.00
     0     6      828.00     1075.00        0.00
     0     6      826.00     1069.00        0.00
     0     6      824.00     1061.00        0.00
     0     6      822.00     1055.00        0.00
     0     6      820.00     1049.00        0.00
     0     6      818.00     1043.00        0.00
     0     6      814.00     1035.00        0.00
     0     6      814.00     1029.00        0.00
     0     6      814.00     1023.00        0.00
     0     6      814.00     1013.00        0.00
     0     6      816.00     1005.00        0.00
     0     6      820.00      997.00        0.00
     0     6      822.00      991.00        0.00
     0     6      824.00      985.00        0.00
     0     6      828.00      981.00        0.00
     0     6      832.00      975.00        0.00
     0     6      836.00      969.00        0.00
     0     6      842.00      965.00        0.00
     0     6      846.00      961.00        0.00
     0     6      852.00      957.00        0.00
     0     6      858.00      953.00        0.00
     0     6      864.00      951.00        0.00
     0     6      870.00      947.00        0.00
     0     6      876.00      945.00        0.00
     0     6      880.00      941.00        0.00
     0     6      886.00      939.00        0.00
     0     6      892.00      939.00        0.00
     0     6      898.00      941.00        0.00
     0     6      904.00      941.00        0.00
     0     6      910.00      941.00        0.00
     0     7      832.00     1101.00        0.00
     0     7      836.00     1113.00        0.00
     0     7      840.00     1119.00        0.00
     0     7      842.00     1125.00        0.00
     0     7      846.00     1131.00        0.00
     0     7      846.00     1137.00        0.00
     0     7      846.00     1143.00        0.00
     0     7      842.00     1147.00        0.00
     0     7      838.00     1151.00        0.00
     0     7      832.00     1155.00        0.00
     0     7      828.00     1159.00        0.00
     0     7      818.00     1163.00        0.00
     0     7      810.00     1169.00        0.00
     0     7      804.00     1171.00        0.00
     0     7      800.00     1177.00        0.00
     0     7      796.00     1181.00        0.00
     0     7      792.00     1185.00        0.00
     0     7      788.00     1189.00        0.00
     0     7      788.00     1195.00        0.00
     0     7      786.00     1203.00        0.00
     0     7      786.00     1209.00        0.00
     0     7      786.00     1215.00        0.00
     0     7      788.00     1223.00        0.00
     0     7      790.00     1231.00        0.00
     0     7      794.00     1239.00        0.00
     0     7      796.00     1245.00        0.00
     0     7      798.00     1253.00        0.00
     0     7      800.00     1261.00        0.00
     0     7      800.00     1267.00        0.00
     0     7      796.00     1273.00        0.00
     0     7      792.00     1277.00        0.00
     0     7      788.00     1281.00        0.00
     0     7      784.00     1285.00        0.00
     0     7      780.00     1289.00        0.00
     0     7      776.00     1293.00        0.00
     0     7      770.00     1295.00        0.00
     0     7      766.00     1299.00        0.00
     0     7      760.00     1303.00        0.00
     0     7      754.00     1307.00        0.00
     0     7      746.00     1309.00        0.00
     0     7      738.00     1313.00        0.00
     0     7      734.00     1317.00        0.00
     0     7      728.00     1321.00        0.00
     0     7      722.00     1325.00        0.00
     0     7      716.00     1329.00        0.00
     0     7      710.00     1333.00        0.00
     0     7      704.00     1335.00        0.00
     0     7      698.00     1337.00        0.00
     0     7      692.00     1339.00        0.00
     0     7      686.00     1341.00        0.00
     0     7      678.00     1341.00        0.00
     0     7      670.00     1343.00        0.00
     0     7      664.00     1343.00        0.00
     0     7      658.00     1343.00        0.00
     0     7      652.00     1343.00        0.00
     0     7      646.00     1343.00        0.00
     0     7      636.00     1341.00        0.00
     0     7      626.00     1339.00        0.00
     0     7      616.00     1337.00        0.00
     0     7      610.00     1335.00        0.00
     0     7      604.00     1333.00        0.00
     0     7      594.00     1331.00        0.00
     0     7      588.00     1331.00        0.00
     0     7      582.00     1329.00        0.00
     0     7      576.00     1329.00        0.00
     0     7      568.00     1329.00        0.00
     0     7      562.00     1329.00        0.00
     0     7      554.00     1329.00        0.00
     0     7      548.00     1327.00        0.00
     0     7      542.00     1323.00        0.00
     0     7      536.00     1323.00        0.00
     0     7      530.00     1321.00        0.00
     0     7      524.00     1319.00        0.00
     0     7      518.00     1319.00        0.00
     0     7      512.00     1319.00        0.00
     0     7      506.00     1317.00        0.00
     0     7      500.00     1317.00        0.00
     0     7      494.00     1317.00        0.00
     0     7      486.00     1317.00        0.00
     0     7      480.00     1317.00        0.00
     0     7      474.00     1317.00        0.00
     0     7      468.00     1317.00        0.00
     0     7      462.00     1317.00        0.00
     0     7      456.00     1319.00        0.00
     0     7      450.00     1319.00        0.00
     0     7      444.00     1317.00        0.00
     0     7      438.00     1315.00        0.00
     0     7      434.00     1309.00        0.00
     0     7      432.00     1303.00        0.00
     0     7      432.00     1297.00        0.00
     0     7      438.00     1295.00        0.00
     0     7      444.00     1295.00        0.00
     0     7      452.00     1295.00        0.00
     0     7      460.00     1295.00        0.00
     0     7      466.00     1297.00        0.00
     0     7      474.00     1297.00        0.00
     0     7      482.00     1297.00        0.00
     0     7      488.00     1297.00        0.00
     0     7      496.00     1297.00        0.00
     0     7      504.00     1297.00        0.00
     0     7      512.00     1295.00        0.00
     0     7      520.00     1295.00        0.00
     0     7      528.00     1293.00        0.00
     0     7      534.00     1291.00        0.00
     0     7      540.00     1289.00        0.00
     0     7      548.00     1287.00        0.00
     0     7      552.00     1283.00        0.00
     0     7      558.00     1281.00        0.00
     0     7      562.00     1277.00        0.00
     0     7      568.00     1275.00        0.00
     0     7      572.00     1269.00        0.00
     0     7      576.00     1265.00        0.00
     0     7      580.00     1259.00        0.00
     0     7      584.00     1255.00        0.00
     0     7      588.00     1251.00        0.00
     0     7      592.00     1245.00        0.00
     0     7      596.00     1237.00        0.00
     0     7      600.00     1233.00        0.00
     0     7      604.00     1227.00        0.00
     0     7      608.00     1219.00        0.00
     0     7      612.00     1215.00        0.00
     0     7      618.00     1211.00        0.00
     0     7      622.00     1207.00        0.00
     0     7      630.00     1203.00        0.00
     0     7      636.00     1199.00        0.00
     0     7      640.00     1195.00        0.00
     0     7      646.00     1193.00        0.00
     0     7      656.00     1191.00        0.00
     0     7      662.00     1189.00        0.00
     0     7      668.00     1187.00        0.00
     0     7      674.00     1187.00        0.00
     0     7      680.00     1185.00        0.00
     0     7      686.00     1183.00        0.00
     0     7      694.00     1181.00        0.00
     0     7      700.00     1179.00        0.00
     0     7      708.00     1177.00        0.00
     0     7      714.00     1173.00        0.00
     0     7      718.00     1169.00        0.00
     0     7      726.00     1165.00        0.00
     0     7      732.00     1163.00        0.00
     0     7      740.00     1161.00        0.00
     0     7      744.00     1157.00        0.00
     0     7      752.00     1155.00        0.00
     0     7      756.00     1151.00        0.00
     0     7      762.00     1147.00        0.00
     0     7      768.00     1141.00        0.00
     0     7      772.00     1137.00        0.00
     0     7      776.00     1133.00        0.00
     0     7      780.00     1129.00        0.00
     0     7      784.00     1125.00        0.00
     0     7      790.00     1121.00        0.00
     0     7      794.00     1117.00        0.00
