     0     0      686.00     1215.00        0.00
     0     0      696.00     1217.00        0.00
     0     0      702.00     1217.00        0.00
     0     0      708.00     1217.00        0.00
     0     0      716.00     1217.00        0.00
     0     0      722.00     1219.00        0.00
     0     0      728.00     1221.00        0.00
     0     0      734.00     1225.00        0.00
     0     0      740.00     1227.00        0.00
     0     0      744.00     1231.00        0.00
     0     0      750.00     1233.00        0.00
     0     0      756.00     1237.00        0.00
     0     0      762.00     1239.00        0.00
     0     0      768.00     1241.00        0.00
     0     0      774.00     1245.00        0.00
     0     0      780.00     1245.00        0.00
     0     0      788.00     1249.00        0.00
     0     0      794.00     1249.00        0.00
     0     0      800.00     1249.00        0.00
     0     0      806.00     1249.00        0.00
     0     0      816.00     1247.00        0.00
     0     0      822.00     1247.00        0.00
     0     0      830.00     1243.00        0.00
     0     0      838.00     1243.00        0.00
     0     0      844.00     1241.00        0.00
     0     0      852.00     1241.00        0.00
     0     0      860.00     1241.00        0.00
     0     0      870.00     1241.00        0.00
     0     0      878.00     1241.00        0.00
     0     0      884.00     1241.00        0.00
     0     0      892.00     1237.00        0.00
     0     0      900.00     1233.00        0.00
     0     0      904.00     1229.00        0.00
     0     0      908.00     1225.00        0.00
     0     0      908.00     1217.00        0.00
     0     0      908.00     1209.00        0.00
     0     0      906.00     1199.00        0.00
     0     0      904.00     1191.00        0.00
     0     0      902.00     1183.00        0.00
     0     0      902.00     1175.00        0.00
     0     0      902.00     1167.00        0.00
     0     0      900.00     1157.00        0.00
     0     0      898.00     1149.00        0.00
     0     0      896.00     1139.00        0.00
     0     0      894.00     1133.00        0.00
     0     0      892.00     1125.00        0.00
     0     0      888.00     1119.00        0.00
     0     0      884.00     1115.00        0.00
     0     0      880.00     1107.00        0.00
     0     0      876.00     1103.00        0.00
     0     0      872.00     1099.00        0.00
     0     0      868.00     1095.00        0.00
     0     0      864.00     1091.00        0.00
     0     0      858.00     1087.00        0.00
     0     0      852.00     1087.00        0.00
     0     0      846.00     1087.00        0.00
     0     0      840.00     1087.00        0.00
     0     0      834.00     1087.00        0.00
     0     0      828.00     1087.00        0.00
     0     0      822.00     1091.00        0.00
     0     0      818.00     1095.00        0.00
     0     0      812.00     1099.00        0.00
     0     0      804.00     1103.00        0.00
     0     0      800.00     1107.00        0.00
     0     0      794.00     1111.00        0.00
     0     0      788.00     1115.00        0.00
     0     0      784.00     1121.00        0.00
     0     0      782.00     1127.00        0.00
     0     0      778.00     1131.00        0.00
     0     0      776.00     1137.00        0.00
     0     0      776.00     1143.00        0.00
     0     0      772.00     1147.00        0.00
     0     0      768.00     1151.00        0.00
     0     0      764.00     1155.00        0.00
     0     0      758.00     1159.00        0.00
     0     0      752.00     1161.00        0.00
     0     0      746.00     1163.00        0.00
     0     0      740.00     1167.00        0.00
     0     0      736.00     1171.00        0.00
     0     0      728.00     1175.00        0.00
     0     0      724.00     1179.00        0.00
     0     0      720.00     1183.00        0.00
     0     0      718.00     1191.00        0.00
     0     1      604.00      809.00        0.00
     0     1      606.00      817.00        0.00
     0     1      608.00      823.00        0.00
     0     1      610.00      829.00        0.00
     0     1      610.00      835.00        0.00
     0     1      612.00      841.00        0.00
     0     1      612.00      849.00        0.00
     0     1      610.00      855.00        0.00
     0     1      610.00      861.00        0.00
     0     1      610.00      867.00        0.00
     0     1      610.00      875.00        0.00
     0     1      612.00      885.00        0.00
     0     1      612.00      893.00        0.00
     0     1      612.00      899.00        0.00
     0     1      614.00      905.00        0.00
     0     1      614.00      911.00        0.00
     0     1      614.00      921.00        0.00
     0     1      614.00      927.00        0.00
     0     1      614.00      935.00        0.00
     0     1      612.00      943.00        0.00
     0     1      612.00      951.00        0.00
     0     1      610.00      957.00        0.00
     0     1      606.00      963.00        0.00
     0     1      602.00      969.00        0.00
     0     1      600.00      975.00        0.00
     0     1      598.00      981.00        0.00
     0     1      598.00      987.00        0.00
     0     1      594.00      993.00        0.00
     0     1      592.00      999.00        0.00
     0     1      590.00     1005.00        0.00
     0     1      588.00     1011.00        0.00
     0     1      588.00     1017.00        0.00
     0     1      588.00     1025.00        0.00
     0     1      586.00     1031.00        0.00
     0     1      584.00     1037.00        0.00
     0     1      580.00     1043.00        0.00
     0     1      578.00     1049.00        0.00
     0     1      574.00     1055.00        0.00
     0     1      568.00     1059.00        0.00
     0     1      566.00     1065.00        0.00
     0     1      562.00     1069.00        0.00
     0     1      558.00     1075.00        0.00
     0     1      552.00     1077.00        0.00
     0     1      546.00     1075.00        0.00
     0     1      540.00     1071.00        0.00
     0     1      532.00     1069.00        0.00
     0     1      528.00     1065.00        0.00
     0     1      522.00     1065.00        0.00
     0     1      516.00     1063.00        0.00
     0     1      508.00     1063.00        0.00
     0     1      502.00     1061.00        0.00
     0     1      496.00     1061.00        0.00
     0     1      488.00     1059.00        0.00
     0     1      480.00     1059.00        0.00
     0     1      472.00     1055.00        0.00
     0     1      466.00     1053.00        0.00
     0     1      460.00     1049.00        0.00
     0     1      456.00     1043.00        0.00
     0     1      452.00     1035.00        0.00
     0     1      452.00     1029.00        0.00
     0     1      452.00     1023.00        0.00
     0     1      452.00     1015.00        0.00
     0     1      452.00     1009.00        0.00
     0     1      450.00      999.00        0.00
     0     1      450.00      991.00        0.00
     0     1      450.00      981.00        0.00
     0     1      450.00      975.00        0.00
     0     1      450.00      969.00        0.00
     0     1      450.00      963.00        0.00
     0     1      454.00      955.00        0.00
     0     1      460.00      949.00        0.00
     0     1      466.00      943.00        0.00
     0     1      474.00      939.00        0.00
     0     1      478.00      935.00        0.00
     0     1      484.00      929.00        0.00
     0     1      488.00      925.00        0.00
     0     1      492.00      921.00        0.00
     0     1      498.00      917.00        0.00
     0     1      502.00      913.00        0.00
     0     1      506.00      909.00        0.00
     0     1      510.00      905.00        0.00
     0     1      514.00      901.00        0.00
     0     1      520.00      897.00        0.00
     0     1      524.00      893.00        0.00
     0     1      528.00      889.00        0.00
     0     1      532.00      885.00        0.00
     0     1      538.00      881.00        0.00
     0     1      542.00      877.00        0.00
     0     1      548.00      873.00        0.00
     0     1      552.00      869.00        0.00
     0     1      556.00      865.00        0.00
     0     1      560.00      861.00        0.00
     0     1      566.00      857.00        0.00
     0     1      570.00      853.00        0.00
     0     1      576.00      849.00        0.00
     0     1      580.00      843.00        0.00
     0     2     1050.00      549.00        0.00
     0     2     1060.00      553.00        0.00
     0     2     1068.00      555.00        0.00
     0     2     1074.00      557.00        0.00
     0     2     1080.00      559.00        0.00
     0     2     1086.00      561.00        0.00
     0     2     1092.00      563.00        0.00
     0     2     1098.00      565.00        0.00
     0     2     1104.00      567.00        0.00
     0     2     1110.00      567.00        0.00
     0     2     1116.00      569.00        0.00
     0     2     1122.00      571.00        0.00
     0     2     1128.00      571.00        0.00
     0     2     1134.00      571.00        0.00
     0     2     1140.00      573.00        0.00
     0     2     1146.00      573.00        0.00
     0     2     1152.00      573.00        0.00
     0     2     1158.00      571.00        0.00
     0     2     1164.00      569.00        0.00
     0     2     1168.00      565.00        0.00
     0     2     1172.00      561.00        0.00
     0     2     1178.00      555.00        0.00
     0     2     1182.00      551.00        0.00
     0     2     1186.00      547.00        0.00
     0     2     1190.00      543.00        0.00
     0     2     1196.00      539.00        0.00
     0     2     1202.00      533.00        0.00
     0     2     1206.00      529.00        0.00
     0     2     1210.00      523.00        0.00
     0     2     1214.00      519.00        0.00
     0     2     1220.00      517.00        0.00
     0     2     1224.00      513.00        0.00
     0     2     1228.00      509.00        0.00
     0     2     1236.00      505.00        0.00
     0     2     1240.00      501.00        0.00
     0     2     1246.00      499.00        0.00
     0     2     1252.00      495.00        0.00
     0     2     1258.00      493.00        0.00
     0     2     1264.00      487.00        0.00
     0     2     1270.00      483.00        0.00
     0     2     1276.00      477.00        0.00
     0     2     1280.00      473.00        0.00
     0     2     1286.00      467.00        0.00
     0     2     1290.00      463.00        0.00
     0     2     1296.00      459.00        0.00
     0     2     1300.00      455.00        0.00
     0     2     1306.00      451.00        0.00
     0     2     1312.00      447.00        0.00
     0     2     1318.00      443.00        0.00
     0     2     1324.00      439.00        0.00
     0     2     1332.00      435.00        0.00
     0     2     1338.00      431.00        0.00
     0     2     1342.00      427.00        0.00
     0     2     1340.00      433.00        0.00
     0     2     1334.00      441.00        0.00
     0     2     1330.00      445.00        0.00
     0     2     1326.00      449.00        0.00
     0     2     1322.00      453.00        0.00
     0     2     1318.00      457.00        0.00
     0     2     1312.00      461.00        0.00
     0     2     1306.00      463.00        0.00
     0     2     1300.00      467.00        0.00
     0     2     1294.00      473.00        0.00
     0     2     1290.00      477.00        0.00
     0     2     1282.00      483.00        0.00
     0     2     1278.00      487.00        0.00
     0     2     1274.00      493.00        0.00
     0     2     1268.00      499.00        0.00
     0     2     1262.00      503.00        0.00
     0     2     1256.00      509.00        0.00
     0     2     1250.00      517.00        0.00
     0     2     1244.00      521.00        0.00
     0     2     1240.00      525.00        0.00
     0     2     1236.00      529.00        0.00
     0     2     1232.00      535.00        0.00
     0     2     1228.00      539.00        0.00
     0     2     1226.00      545.00        0.00
     0     2     1222.00      551.00        0.00
     0     2     1218.00      555.00        0.00
     0     2     1216.00      561.00        0.00
     0     2     1212.00      569.00        0.00
     0     2     1208.00      573.00        0.00
     0     2     1202.00      581.00        0.00
     0     2     1198.00      585.00        0.00
     0     2     1192.00      593.00        0.00
     0     2     1188.00      597.00        0.00
     0     2     1184.00      603.00        0.00
     0     2     1178.00      609.00        0.00
     0     2     1172.00      613.00        0.00
     0     2     1164.00      615.00        0.00
     0     2     1158.00      617.00        0.00
     0     2     1154.00      621.00        0.00
     0     2     1148.00      625.00        0.00
     0     2     1142.00      629.00        0.00
     0     2     1136.00      631.00        0.00
     0     2     1124.00      635.00        0.00
     0     2     1118.00      637.00        0.00
     0     2     1112.00      639.00        0.00
     0     2     1104.00      643.00        0.00
     0     2     1098.00      645.00        0.00
     0     2     1094.00      649.00        0.00
     0     2     1090.00      653.00        0.00
     0     2     1082.00      657.00        0.00
     0     2     1076.00      659.00        0.00
     0     2     1072.00      663.00        0.00
     0     2     1066.00      667.00        0.00
     0     2     1060.00      673.00        0.00
     0     2     1056.00      677.00        0.00
     0     2     1050.00      683.00        0.00
     0     2     1044.00      685.00        0.00
     0     2     1042.00      691.00        0.00
     0     2     1040.00      697.00        0.00
     0     2     1038.00      703.00        0.00
     0     2     1038.00      713.00        0.00
     0     2     1036.00      721.00        0.00
     0     2     1036.00      727.00        0.00
     0     2     1036.00      735.00        0.00
     0     2     1036.00      741.00        0.00
     0     2     1034.00      747.00        0.00
     0     2     1030.00      753.00        0.00
     0     2     1026.00      757.00        0.00
     0     2     1020.00      759.00        0.00
     0     2     1012.00      759.00        0.00
     0     2     1008.00      755.00        0.00
     0     2     1002.00      753.00        0.00
     0     2      996.00      751.00        0.00
     0     2      988.00      751.00        0.00
     0     2      982.00      751.00        0.00
     0     2      970.00      753.00        0.00
     0     2      958.00      755.00        0.00
     0     2      948.00      755.00        0.00
     0     2      940.00      759.00        0.00
     0     2      934.00      763.00        0.00
     0     2      930.00      759.00        0.00
     0     2      928.00      753.00        0.00
     0     2      928.00      747.00        0.00
     0     2      928.00      737.00        0.00
     0     2      930.00      729.00        0.00
     0     2      932.00      719.00        0.00
     0     2      936.00      711.00        0.00
     0     2      940.00      701.00        0.00
     0     2      942.00      693.00        0.00
     0     2      944.00      687.00        0.00
     0     2      950.00      679.00        0.00
     0     2      954.00      673.00        0.00
     0     2      960.00      665.00        0.00
     0     2      964.00      661.00        0.00
     0     2      970.00      655.00        0.00
     0     2      976.00      649.00        0.00
     0     2      980.00      643.00        0.00
     0     2      982.00      637.00        0.00
     0     2      986.00      631.00        0.00
     0     2      988.00      625.00        0.00
     0     2      992.00      621.00        0.00
     0     2      994.00      613.00        0.00
     0     2      996.00      607.00        0.00
     0     2      996.00      601.00        0.00
     0     2      996.00      595.00        0.00
     0     2      996.00      589.00        0.00
     0     2      998.00      583.00        0.00
     0     2     1000.00      577.00        0.00
     0     2     1000.00      571.00        0.00
     0     2     1002.00      565.00        0.00
     0     2     1004.00      559.00        0.00
     0     2     1010.00      555.00        0.00
     0     3     1586.00      981.00        0.00
     0     3     1594.00      995.00        0.00
     0     3     1598.00     1001.00        0.00
     0     3     1600.00     1007.00        0.00
     0     3     1602.00     1015.00        0.00
     0     3     1604.00     1025.00        0.00
     0     3     1606.00     1031.00        0.00
     0     3     1610.00     1037.00        0.00
     0     3     1612.00     1043.00        0.00
     0     3     1616.00     1051.00        0.00
     0     3     1618.00     1057.00        0.00
     0     3     1622.00     1061.00        0.00
     0     3     1626.00     1067.00        0.00
     0     3     1630.00     1075.00        0.00
     0     3     1634.00     1081.00        0.00
     0     3     1638.00     1085.00        0.00
     0     3     1644.00     1091.00        0.00
     0     3     1648.00     1095.00        0.00
     0     3     1656.00     1101.00        0.00
     0     3     1660.00     1105.00        0.00
     0     3     1668.00     1107.00        0.00
     0     3     1674.00     1109.00        0.00
     0     3     1680.00     1111.00        0.00
     0     3     1684.00     1115.00        0.00
     0     3     1688.00     1121.00        0.00
     0     3     1690.00     1127.00        0.00
     0     3     1690.00     1133.00        0.00
     0     3     1690.00     1141.00        0.00
     0     3     1692.00     1147.00        0.00
     0     3     1692.00     1153.00        0.00
     0     3     1692.00     1161.00        0.00
     0     3     1692.00     1167.00        0.00
     0     3     1692.00     1173.00        0.00
     0     3     1692.00     1179.00        0.00
     0     3     1692.00     1185.00        0.00
     0     3     1690.00     1191.00        0.00
     0     3     1690.00     1197.00        0.00
     0     3     1690.00     1203.00        0.00
     0     3     1688.00     1209.00        0.00
     0     3     1688.00     1215.00        0.00
     0     3     1684.00     1219.00        0.00
     0     3     1682.00     1225.00        0.00
     0     3     1678.00     1229.00        0.00
     0     3     1672.00     1231.00        0.00
     0     3     1666.00     1235.00        0.00
     0     3     1660.00     1235.00        0.00
     0     3     1654.00     1237.00        0.00
     0     3     1648.00     1239.00        0.00
     0     3     1642.00     1243.00        0.00
     0     3     1636.00     1247.00        0.00
     0     3     1632.00     1251.00        0.00
     0     3     1628.00     1257.00        0.00
     0     3     1626.00     1263.00        0.00
     0     3     1622.00     1267.00        0.00
     0     3     1618.00     1271.00        0.00
     0     3     1616.00     1277.00        0.00
     0     3     1612.00     1285.00        0.00
     0     3     1610.00     1291.00        0.00
     0     3     1610.00     1297.00        0.00
     0     3     1610.00     1303.00        0.00
     0     3     1610.00     1309.00        0.00
     0     3     1610.00     1315.00        0.00
     0     3     1610.00     1321.00        0.00
     0     3     1610.00     1329.00        0.00
     0     3     1608.00     1335.00        0.00
     0     3     1602.00     1339.00        0.00
     0     3     1596.00     1341.00        0.00
     0     3     1588.00     1343.00        0.00
     0     3     1582.00     1341.00        0.00
     0     3     1572.00     1339.00        0.00
     0     3     1564.00     1335.00        0.00
     0     3     1558.00     1333.00        0.00
     0     3     1552.00     1331.00        0.00
     0     3     1552.00     1325.00        0.00
     0     3     1554.00     1319.00        0.00
     0     3     1558.00     1313.00        0.00
     0     3     1562.00     1305.00        0.00
     0     3     1564.00     1299.00        0.00
     0     3     1568.00     1291.00        0.00
     0     3     1572.00     1283.00        0.00
     0     3     1576.00     1279.00        0.00
     0     3     1578.00     1271.00        0.00
     0     3     1582.00     1265.00        0.00
     0     3     1582.00     1257.00        0.00
     0     3     1586.00     1247.00        0.00
     0     3     1590.00     1243.00        0.00
     0     3     1590.00     1235.00        0.00
     0     3     1592.00     1229.00        0.00
     0     3     1592.00     1219.00        0.00
     0     3     1592.00     1209.00        0.00
     0     3     1590.00     1199.00        0.00
     0     3     1588.00     1189.00        0.00
     0     3     1584.00     1181.00        0.00
     0     3     1582.00     1173.00        0.00
     0     3     1580.00     1165.00        0.00
     0     3     1576.00     1157.00        0.00
     0     3     1572.00     1153.00        0.00
     0     3     1568.00     1145.00        0.00
     0     3     1568.00     1139.00        0.00
     0     3     1566.00     1133.00        0.00
     0     3     1564.00     1125.00        0.00
     0     3     1562.00     1117.00        0.00
     0     3     1562.00     1107.00        0.00
     0     3     1562.00     1099.00        0.00
     0     3     1562.00     1091.00        0.00
     0     3     1562.00     1085.00        0.00
     0     3     1560.00     1077.00        0.00
     0     3     1560.00     1071.00        0.00
     0     3     1560.00     1065.00        0.00
     0     3     1560.00     1059.00        0.00
     0     3     1560.00     1053.00        0.00
     0     3     1560.00     1047.00        0.00
     0     3     1560.00     1041.00        0.00
     0     3     1560.00     1035.00        0.00
     0     3     1560.00     1027.00        0.00
     0     3     1562.00     1021.00        0.00
     0     3     1562.00     1015.00        0.00
     0     3     1562.00     1009.00        0.00
     0     3     1562.00     1003.00        0.00
     0     4     1710.00      541.00        0.00
     0     4     1702.00      551.00        0.00
     0     4     1698.00      557.00        0.00
     0     4     1696.00      563.00        0.00
     0     4     1692.00      569.00        0.00
     0     4     1688.00      579.00        0.00
     0     4     1686.00      585.00        0.00
     0     4     1684.00      593.00        0.00
     0     4     1682.00      599.00        0.00
     0     4     1678.00      605.00        0.00
     0     4     1674.00      611.00        0.00
     0     4     1670.00      617.00        0.00
     0     4     1666.00      621.00        0.00
     0     4     1662.00      627.00        0.00
     0     4     1658.00      631.00        0.00
     0     4     1654.00      635.00        0.00
     0     4     1648.00      637.00        0.00
     0     4     1642.00      641.00        0.00
     0     4     1636.00      643.00        0.00
     0     4     1630.00      647.00        0.00
     0     4     1626.00      651.00        0.00
     0     4     1622.00      657.00        0.00
     0     4     1620.00      663.00        0.00
     0     4     1620.00      669.00        0.00
     0     4     1620.00      675.00        0.00
     0     4     1620.00      687.00        0.00
     0     4     1620.00      693.00        0.00
     0     4     1620.00      699.00        0.00
     0     4     1620.00      707.00        0.00
     0     4     1616.00      715.00        0.00
     0     4     1614.00      721.00        0.00
     0     4     1612.00      727.00        0.00
     0     4     1608.00      733.00        0.00
     0     4     1604.00      737.00        0.00
     0     4     1596.00      739.00        0.00
     0     4     1588.00      739.00        0.00
     0     4     1580.00      739.00        0.00
     0     4     1570.00      737.00        0.00
     0     4     1564.00      735.00        0.00
     0     4     1554.00      729.00        0.00
     0     4     1546.00      725.00        0.00
     0     4     1536.00      721.00        0.00
     0     4     1526.00      717.00        0.00
     0     4     1520.00      713.00        0.00
     0     4     1512.00      707.00        0.00
     0     4     1506.00      701.00        0.00
     0     4     1498.00      697.00        0.00
     0     4     1492.00      691.00        0.00
     0     4     1488.00      681.00        0.00
     0     4     1484.00      671.00        0.00
     0     4     1480.00      661.00        0.00
     0     4     1478.00      645.00        0.00
     0     4     1478.00      633.00        0.00
     0     4     1478.00      621.00        0.00
     0     4     1482.00      611.00        0.00
     0     4     1488.00      599.00        0.00
     0     4     1492.00      591.00        0.00
     0     4     1498.00      585.00        0.00
     0     4     1504.00      579.00        0.00
     0     4     1510.00      573.00        0.00
     0     4     1514.00      567.00        0.00
     0     4     1518.00      561.00        0.00
     0     4     1522.00      557.00        0.00
     0     4     1526.00      553.00        0.00
     0     4     1534.00      553.00        0.00
     0     4     1540.00      553.00        0.00
     0     4     1548.00      555.00        0.00
     0     4     1554.00      555.00        0.00
     0     4     1562.00      555.00        0.00
     0     4     1568.00      557.00        0.00
     0     4     1574.00      557.00        0.00
     0     4     1580.00      557.00        0.00
     0     4     1586.00      559.00        0.00
     0     4     1594.00      559.00        0.00
     0     4     1602.00      559.00        0.00
     0     4     1608.00      557.00        0.00
     0     4     1614.00      557.00        0.00
     0     5      946.00      565.00        0.00
     0     5      950.00      561.00        0.00
     0     5      954.00      555.00        0.00
     0     5      954.00      549.00        0.00
     0     5      954.00      543.00        0.00
     0     5      954.00      535.00        0.00
     0     5      952.00      529.00        0.00
     0     5      950.00      523.00        0.00
     0     5      948.00      515.00        0.00
     0     5      946.00      505.00        0.00
     0     5      942.00      499.00        0.00
     0     5      940.00      491.00        0.00
     0     5      938.00      485.00        0.00
     0     5      936.00      477.00        0.00
     0     5      936.00      469.00        0.00
     0     5      934.00      463.00        0.00
     0     5      932.00      457.00        0.00
     0     5      930.00      449.00        0.00
     0     5      926.00      443.00        0.00
     0     5      926.00      437.00        0.00
     0     5      930.00      433.00        0.00
     0     5      936.00      433.00        0.00
     0     5      942.00      433.00        0.00
     0     5      946.00      427.00        0.00
     0     5      946.00      419.00        0.00
     0     5      948.00      413.00        0.00
     0     5      948.00      405.00        0.00
     0     5      948.00      395.00        0.00
     0     5      948.00      389.00        0.00
     0     5      946.00      379.00        0.00
     0     5      942.00      371.00        0.00
     0     5      938.00      361.00        0.00
     0     5      936.00      353.00        0.00
     0     5      934.00      347.00        0.00
     0     5      932.00      339.00        0.00
     0     5      932.00      333.00        0.00
     0     5      928.00      327.00        0.00
     0     5      926.00      321.00        0.00
     0     5      922.00      317.00        0.00
     0     5      916.00      315.00        0.00
     0     5      912.00      311.00        0.00
     0     5      906.00      307.00        0.00
     0     5      902.00      303.00        0.00
     0     5      898.00      297.00        0.00
     0     5      894.00      293.00        0.00
     0     5      890.00      287.00        0.00
     0     5      886.00      281.00        0.00
     0     5      882.00      277.00        0.00
     0     5      878.00      273.00        0.00
     0     5      874.00      269.00        0.00
     0     5      868.00      269.00        0.00
     0     5      862.00      267.00        0.00
     0     5      856.00      265.00        0.00
     0     5      850.00      265.00        0.00
     0     5      844.00      265.00        0.00
     0     5      836.00      265.00        0.00
     0     5      830.00      265.00        0.00
     0     5      822.00      267.00        0.00
     0     5      816.00      271.00        0.00
     0     5      808.00      275.00        0.00
     0     5      798.00      279.00        0.00
     0     5      790.00      281.00        0.00
     0     5      786.00      285.00        0.00
     0     5      776.00      289.00        0.00
     0     5      766.00      293.00        0.00
     0     5      760.00      297.00        0.00
     0     5      752.00      303.00        0.00
     0     5      746.00      305.00        0.00
     0     5      742.00      309.00        0.00
     0     5      736.00      311.00        0.00
     0     5      732.00      315.00        0.00
     0     5      728.00      321.00        0.00
     0     5      724.00      325.00        0.00
     0     5      720.00      329.00        0.00
     0     5      714.00      335.00        0.00
     0     5      710.00      339.00        0.00
     0     5      706.00      345.00        0.00
     0     5      702.00      349.00        0.00
     0     5      696.00      355.00        0.00
     0     5      690.00      361.00        0.00
     0     5      684.00      365.00        0.00
     0     5      680.00      369.00        0.00
     0     5      674.00      373.00        0.00
     0     5      668.00      375.00        0.00
     0     5      660.00      377.00        0.00
     0     5      654.00      379.00        0.00
     0     5      648.00      379.00        0.00
     0     5      642.00      379.00        0.00
     0     5      634.00      381.00        0.00
     0     5      626.00      381.00        0.00
     0     5      616.00      383.00        0.00
     0     5      608.00      383.00        0.00
     0     5      602.00      385.00        0.00
     0     5      596.00      385.00        0.00
     0     5      588.00      387.00        0.00
     0     5      582.00      387.00        0.00
     0     5      576.00      389.00        0.00
     0     5      566.00      391.00        0.00
     0     5      560.00      393.00        0.00
     0     5      552.00      397.00        0.00
     0     5      560.00      399.00        0.00
     0     5      568.00      399.00        0.00
     0     5      580.00      401.00        0.00
     0     5      586.00      401.00        0.00
     0     5      594.00      401.00        0.00
     0     5      604.00      401.00        0.00
     0     5      610.00      401.00        0.00
     0     5      620.00      401.00        0.00
     0     5      628.00      401.00        0.00
     0     5      634.00      401.00        0.00
     0     5      640.00      401.00        0.00
     0     5      646.00      399.00        0.00
     0     5      652.00      399.00        0.00
     0     5      660.00      399.00        0.00
     0     5      668.00      401.00        0.00
     0     5      674.00      401.00        0.00
     0     5      680.00      405.00        0.00
     0     5      686.00      407.00        0.00
     0     5      692.00      411.00        0.00
     0     5      700.00      415.00        0.00
     0     5      704.00      419.00        0.00
     0     5      710.00      421.00        0.00
     0     5      716.00      423.00        0.00
     0     5      724.00      427.00        0.00
     0     5      732.00      429.00        0.00
     0     5      738.00      431.00        0.00
     0     5      744.00      433.00        0.00
     0     5      748.00      437.00        0.00
     0     5      754.00      439.00        0.00
     0     5      760.00      443.00        0.00
     0     5      766.00      445.00        0.00
     0     5      772.00      449.00        0.00
     0     5      778.00      451.00        0.00
     0     5      784.00      453.00        0.00
     0     5      790.00      453.00        0.00
     0     5      798.00      457.00        0.00
     0     5      808.00      459.00        0.00
     0     5      814.00      463.00        0.00
     0     5      824.00      467.00        0.00
     0     5      828.00      471.00        0.00
     0     5      834.00      475.00        0.00
     0     5      838.00      479.00        0.00
     0     5      844.00      485.00        0.00
     0     5      852.00      491.00        0.00
     0     5      854.00      497.00        0.00
     0     5      858.00      501.00        0.00
     0     5      862.00      507.00        0.00
     0     5      866.00      511.00        0.00
     0     5      870.00      515.00        0.00
     0     5      874.00      519.00        0.00
     0     5      878.00      523.00        0.00
     0     5      884.00      527.00        0.00
     0     5      888.00      531.00        0.00
     0     5      890.00      537.00        0.00
     0     6     1516.00      399.00        0.00
     0     6     1512.00      393.00        0.00
     0     6     1508.00      389.00        0.00
     0     6     1504.00      383.00        0.00
     0     6     1500.00      377.00        0.00
     0     6     1496.00      371.00        0.00
     0     6     1496.00      365.00        0.00
     0     6     1492.00      355.00        0.00
     0     6     1490.00      349.00        0.00
     0     6     1490.00      343.00        0.00
     0     6     1490.00      335.00        0.00
     0     6     1490.00      327.00        0.00
     0     6     1490.00      317.00        0.00
     0     6     1492.00      311.00        0.00
     0     6     1492.00      303.00        0.00
     0     6     1492.00      297.00        0.00
     0     6     1494.00      285.00        0.00
     0     6     1498.00      279.00        0.00
     0     6     1500.00      273.00        0.00
     0     6     1504.00      269.00        0.00
     0     6     1508.00      263.00        0.00
     0     6     1512.00      257.00        0.00
     0     6     1516.00      253.00        0.00
     0     6     1520.00      249.00        0.00
     0     6     1526.00      245.00        0.00
     0     6     1532.00      245.00        0.00
     0     6     1538.00      245.00        0.00
     0     6     1544.00      243.00        0.00
     0     6     1550.00      241.00        0.00
     0     6     1556.00      241.00        0.00
     0     6     1562.00      239.00        0.00
     0     6     1568.00      235.00        0.00
     0     6     1572.00      231.00        0.00
     0     6     1572.00      225.00        0.00
     0     6     1572.00      219.00        0.00
     0     6     1568.00      215.00        0.00
     0     6     1562.00      211.00        0.00
     0     6     1558.00      207.00        0.00
     0     6     1552.00      201.00        0.00
     0     6     1546.00      197.00        0.00
     0     6     1542.00      193.00        0.00
     0     6     1536.00      189.00        0.00
     0     6     1530.00      185.00        0.00
     0     6     1522.00      183.00        0.00
     0     6     1516.00      181.00        0.00
     0     6     1508.00      177.00        0.00
     0     6     1500.00      173.00        0.00
     0     6     1494.00      171.00        0.00
     0     6     1486.00      171.00        0.00
     0     6     1478.00      169.00        0.00
     0     6     1472.00      169.00        0.00
     0     6     1466.00      169.00        0.00
     0     6     1460.00      169.00        0.00
     0     6     1454.00      169.00        0.00
     0     6     1448.00      169.00        0.00
     0     6     1442.00      169.00        0.00
     0     6     1436.00      169.00        0.00
     0     6     1430.00      169.00        0.00
     0     6     1424.00      169.00        0.00
     0     6     1418.00      171.00        0.00
     0     6     1412.00      171.00        0.00
     0     6     1406.00      171.00        0.00
     0     6     1400.00      171.00        0.00
     0     6     1394.00      171.00        0.00
     0     6     1388.00      169.00        0.00
     0     6     1382.00      167.00        0.00
     0     6     1376.00      167.00        0.00
     0     6     1370.00      167.00        0.00
     0     6     1364.00      169.00        0.00
     0     6     1358.00      173.00        0.00
     0     6     1354.00      177.00        0.00
     0     6     1350.00      181.00        0.00
     0     6     1344.00      185.00        0.00
     0     6     1340.00      191.00        0.00
     0     6     1336.00      195.00        0.00
     0     6     1330.00      199.00        0.00
     0     6     1320.00      201.00        0.00
     0     6     1314.00      203.00        0.00
     0     6     1308.00      205.00        0.00
     0     6     1304.00      213.00        0.00
     0     6     1300.00      217.00        0.00
     0     6     1296.00      223.00        0.00
     0     6     1292.00      229.00        0.00
     0     6     1288.00      235.00        0.00
     0     6     1282.00      245.00        0.00
     0     6     1280.00      251.00        0.00
     0     6     1276.00      255.00        0.00
     0     6     1272.00      263.00        0.00
     0     6     1272.00      271.00        0.00
     0     6     1272.00      277.00        0.00
     0     6     1272.00      287.00        0.00
     0     6     1272.00      295.00        0.00
     0     6     1272.00      305.00        0.00
     0     6     1272.00      315.00        0.00
     0     6     1274.00      323.00        0.00
     0     6     1276.00      329.00        0.00
     0     6     1280.00      339.00        0.00
     0     6     1282.00      345.00        0.00
     0     6     1286.00      351.00        0.00
     0     6     1292.00      359.00        0.00
     0     6     1296.00      365.00        0.00
     0     6     1300.00      373.00        0.00
     0     6     1302.00      381.00        0.00
     0     6     1306.00      387.00        0.00
     0     6     1310.00      395.00        0.00
     0     6     1314.00      399.00        0.00
     0     6     1318.00      405.00        0.00
     0     6     1324.00      409.00        0.00
     0     6     1330.00      411.00        0.00
     0     6     1334.00      415.00        0.00
     0     6     1338.00      419.00        0.00
     0     6     1342.00      425.00        0.00
     0     6     1346.00      429.00        0.00
     0     6     1352.00      431.00        0.00
     0     6     1358.00      433.00        0.00
     0     6     1364.00      433.00        0.00
     0     6     1370.00      433.00        0.00
     0     6     1376.00      433.00        0.00
     0     6     1384.00      431.00        0.00
     0     6     1392.00      431.00        0.00
     0     6     1402.00      429.00        0.00
     0     6     1408.00      427.00        0.00
     0     6     1416.00      425.00        0.00
     0     6     1422.00      423.00        0.00
     0     6     1428.00      421.00        0.00
     0     6     1432.00      417.00        0.00
     0     6     1438.00      415.00        0.00
     0     6     1444.00      411.00        0.00
     0     6     1450.00      409.00        0.00
     0     6     1456.00      407.00        0.00
     0     6     1462.00      405.00        0.00
     0     7     1682.00      253.00        0.00
     0     7     1716.00      307.00        0.00
     0     7     1718.00      313.00        0.00
     0     7     1720.00      319.00        0.00
     0     7     1720.00      325.00        0.00
     0     7     1720.00      331.00        0.00
     0     7     1720.00      337.00        0.00
     0     7     1720.00      343.00        0.00
     0     7     1718.00      349.00        0.00
     0     7     1716.00      357.00        0.00
     0     7     1712.00      363.00        0.00
     0     7     1710.00      369.00        0.00
     0     7     1708.00      375.00        0.00
     0     7     1704.00      381.00        0.00
     0     7     1702.00      387.00        0.00
     0     7     1702.00      393.00        0.00
     0     7     1700.00      399.00        0.00
     0     7     1698.00      407.00        0.00
     0     7     1694.00      413.00        0.00
     0     7     1692.00      419.00        0.00
     0     7     1688.00      427.00        0.00
     0     7     1686.00      435.00        0.00
     0     7     1684.00      441.00        0.00
     0     7     1682.00      447.00        0.00
     0     7     1682.00      453.00        0.00
     0     7     1680.00      461.00        0.00
     0     7     1678.00      467.00        0.00
     0     7     1676.00      473.00        0.00
     0     7     1672.00      479.00        0.00
     0     7     1670.00      487.00        0.00
     0     7     1668.00      493.00        0.00
     0     7     1666.00      499.00        0.00
     0     7     1664.00      507.00        0.00
     0     7     1660.00      513.00        0.00
     0     7     1658.00      519.00        0.00
     0     7     1656.00      525.00        0.00
     0     7     1652.00      529.00        0.00
     0     7     1650.00      535.00        0.00
     0     7     1646.00      539.00        0.00
     0     7     1642.00      543.00        0.00
     0     7     1636.00      545.00        0.00
     0     7     1630.00      547.00        0.00
     0     7     1624.00      549.00        0.00
     0     7     1618.00      549.00        0.00
     0     7     1612.00      549.00        0.00
     0     7     1606.00      547.00        0.00
     0     7     1602.00      543.00        0.00
     0     7     1598.00      537.00        0.00
     0     7     1594.00      531.00        0.00
     0     7     1592.00      525.00        0.00
     0     7     1588.00      521.00        0.00
     0     7     1584.00      517.00        0.00
     0     7     1578.00      517.00        0.00
     0     7     1572.00      517.00        0.00
     0     7     1566.00      515.00        0.00
     0     7     1558.00      513.00        0.00
     0     7     1554.00      509.00        0.00
     0     7     1550.00      505.00        0.00
     0     7     1544.00      499.00        0.00
     0     7     1540.00      491.00        0.00
     0     7     1538.00      485.00        0.00
     0     7     1534.00      475.00        0.00
     0     7     1532.00      467.00        0.00
     0     7     1530.00      459.00        0.00
     0     7     1530.00      453.00        0.00
     0     7     1528.00      445.00        0.00
     0     7     1528.00      439.00        0.00
     0     7     1526.00      431.00        0.00
     0     7     1524.00      425.00        0.00
     0     7     1524.00      419.00        0.00
     0     7     1522.00      413.00        0.00
     0     7     1518.00      407.00        0.00
     0     7     1516.00      401.00        0.00
     0     7     1514.00      395.00        0.00
     0     7     1510.00      389.00        0.00
     0     7     1506.00      381.00        0.00
     0     7     1504.00      375.00        0.00
     0     7     1500.00      367.00        0.00
     0     7     1496.00      361.00        0.00
     0     7     1494.00      353.00        0.00
     0     7     1492.00      347.00        0.00
     0     7     1492.00      339.00        0.00
     0     7     1490.00      333.00        0.00
     0     7     1488.00      325.00        0.00
     0     7     1488.00      319.00        0.00
     0     7     1490.00      313.00        0.00
     0     7     1492.00      307.00        0.00
     0     7     1494.00      301.00        0.00
     0     7     1498.00      297.00        0.00
     0     7     1502.00      291.00        0.00
     0     7     1506.00      287.00        0.00
     0     7     1510.00      279.00        0.00
     0     7     1514.00      273.00        0.00
     0     7     1518.00      267.00        0.00
     0     7     1524.00      261.00        0.00
     0     7     1528.00      257.00        0.00
     0     7     1532.00      253.00        0.00
     0     7     1538.00      249.00        0.00
     0     7     1542.00      245.00        0.00
     0     7     1548.00      243.00        0.00
     0     7     1554.00      241.00        0.00
     0     7     1560.00      237.00        0.00
     0     7     1566.00      237.00        0.00
     0     7     1572.00      235.00        0.00
     0     7     1578.00      231.00        0.00
     0     7     1584.00      231.00        0.00
     0     7     1590.00      229.00        0.00
     0     7     1596.00      229.00        0.00
     0     7     1602.00      229.00        0.00
     0     7     1608.00      229.00        0.00
     0     7     1614.00      227.00        0.00
     0     7     1620.00      227.00        0.00
     0     7     1626.00      227.00        0.00
     0     7     1634.00      227.00        0.00
     0     7     1640.00      227.00        0.00
     0     8     1708.00      287.00        0.00
     0     9      270.00     1107.00        0.00
     0     9      276.00     1109.00        0.00
     0     9      282.00     1109.00        0.00
     0     9      290.00     1111.00        0.00
     0     9      298.00     1115.00        0.00
     0     9      304.00     1117.00        0.00
     0     9      310.00     1119.00        0.00
     0     9      316.00     1121.00        0.00
     0     9      322.00     1125.00        0.00
     0     9      326.00     1129.00        0.00
     0     9      330.00     1135.00        0.00
     0     9      336.00     1141.00        0.00
     0     9      342.00     1149.00        0.00
     0     9      348.00     1155.00        0.00
     0     9      352.00     1161.00        0.00
     0     9      354.00     1167.00        0.00
     0     9      358.00     1175.00        0.00
     0     9      362.00     1181.00        0.00
     0     9      366.00     1187.00        0.00
     0     9      374.00     1193.00        0.00
     0     9      380.00     1197.00        0.00
     0     9      386.00     1201.00        0.00
     0     9      392.00     1203.00        0.00
     0     9      396.00     1207.00        0.00
     0     9      404.00     1211.00        0.00
     0     9      410.00     1215.00        0.00
     0     9      416.00     1219.00        0.00
     0     9      424.00     1225.00        0.00
     0     9      428.00     1231.00        0.00
     0     9      434.00     1237.00        0.00
     0     9      438.00     1241.00        0.00
     0     9      442.00     1245.00        0.00
     0     9      446.00     1251.00        0.00
     0     9      450.00     1259.00        0.00
     0     9      454.00     1263.00        0.00
     0     9      458.00     1269.00        0.00
     0     9      462.00     1275.00        0.00
     0     9      466.00     1279.00        0.00
     0     9      476.00     1285.00        0.00
     0     9      484.00     1289.00        0.00
     0     9      488.00     1293.00        0.00
     0     9      496.00     1299.00        0.00
     0     9      506.00     1301.00        0.00
     0     9      514.00     1305.00        0.00
     0     9      524.00     1307.00        0.00
     0     9      538.00     1313.00        0.00
     0     9      544.00     1313.00        0.00
     0     9      550.00     1315.00        0.00
     0     9      564.00     1315.00        0.00
     0     9      578.00     1317.00        0.00
     0     9      588.00     1315.00        0.00
     0     9      596.00     1313.00        0.00
     0     9      610.00     1309.00        0.00
     0     9      618.00     1307.00        0.00
     0     9      624.00     1303.00        0.00
     0     9      634.00     1299.00        0.00
     0     9      642.00     1295.00        0.00
     0     9      646.00     1289.00        0.00
     0     9      650.00     1283.00        0.00
     0     9      656.00     1277.00        0.00
     0     9      660.00     1267.00        0.00
     0     9      664.00     1259.00        0.00
     0     9      664.00     1253.00        0.00
     0     9      666.00     1247.00        0.00
     0     9      670.00     1241.00        0.00
     0     9      670.00     1235.00        0.00
     0     9      672.00     1227.00        0.00
     0     9      672.00     1219.00        0.00
     0     9      674.00     1211.00        0.00
     0     9      676.00     1205.00        0.00
     0     9      680.00     1201.00        0.00
     0     9      682.00     1193.00        0.00
     0     9      686.00     1187.00        0.00
     0     9      688.00     1181.00        0.00
     0     9      692.00     1175.00        0.00
     0     9      696.00     1169.00        0.00
     0     9      700.00     1161.00        0.00
     0     9      700.00     1155.00        0.00
     0     9      702.00     1147.00        0.00
     0     9      698.00     1141.00        0.00
     0     9      692.00     1135.00        0.00
     0     9      684.00     1127.00        0.00
     0     9      678.00     1123.00        0.00
     0     9      672.00     1117.00        0.00
     0     9      666.00     1111.00        0.00
     0     9      660.00     1107.00        0.00
     0     9      656.00     1103.00        0.00
     0     9      650.00     1099.00        0.00
     0     9      644.00     1095.00        0.00
     0     9      638.00     1095.00        0.00
     0     9      632.00     1093.00        0.00
     0     9      624.00     1093.00        0.00
     0     9      618.00     1093.00        0.00
     0     9      612.00     1095.00        0.00
     0     9      604.00     1095.00        0.00
     0     9      598.00     1095.00        0.00
     0     9      590.00     1093.00        0.00
     0     9      584.00     1089.00        0.00
     0     9      578.00     1087.00        0.00
     0     9      570.00     1085.00        0.00
     0     9      564.00     1081.00        0.00
     0     9      558.00     1077.00        0.00
     0     9      548.00     1073.00        0.00
     0     9      542.00     1069.00        0.00
     0     9      536.00     1065.00        0.00
     0     9      526.00     1063.00        0.00
     0     9      516.00     1059.00        0.00
     0     9      510.00     1059.00        0.00
     0     9      502.00     1059.00        0.00
     0     9      492.00     1057.00        0.00
     0     9      484.00     1055.00        0.00
     0     9      474.00     1055.00        0.00
     0     9      462.00     1055.00        0.00
     0     9      452.00     1055.00        0.00
     0     9      446.00     1055.00        0.00
     0     9      438.00     1057.00        0.00
     0     9      432.00     1059.00        0.00
     0     9      426.00     1061.00        0.00
     0     9      420.00     1061.00        0.00
     0     9      414.00     1065.00        0.00
     0     9      408.00     1065.00        0.00
     0     9      400.00     1067.00        0.00
     0     9      394.00     1069.00        0.00
     0     9      386.00     1073.00        0.00
     0     9      380.00     1075.00        0.00
     0     9      370.00     1077.00        0.00
     0     9      364.00     1077.00        0.00
     0     9      358.00     1077.00        0.00
     0     9      350.00     1077.00        0.00
     0     9      342.00     1079.00        0.00
