     0     0      592.00      845.00        0.00
     0     0      574.00      849.00        0.00
     0     0      564.00      849.00        0.00
     0     0      558.00      847.00        0.00
     0     0      552.00      845.00        0.00
     0     0      546.00      843.00        0.00
     0     0      540.00      841.00        0.00
     0     0      536.00      837.00        0.00
     0     0      530.00      835.00        0.00
     0     0      524.00      833.00        0.00
     0     0      518.00      831.00        0.00
     0     0      512.00      829.00        0.00
     0     0      506.00      829.00        0.00
     0     0      500.00      827.00        0.00
     0     0      494.00      827.00        0.00
     0     0      488.00      825.00        0.00
     0     0      484.00      821.00        0.00
     0     0      478.00      817.00        0.00
     0     0      476.00      811.00        0.00
     0     0      472.00      805.00        0.00
     0     0      470.00      799.00        0.00
     0     0      466.00      793.00        0.00
     0     0      464.00      787.00        0.00
     0     0      464.00      781.00        0.00
     0     0      460.00      775.00        0.00
     0     0      458.00      769.00        0.00
     0     0      456.00      761.00        0.00
     0     0      452.00      757.00        0.00
     0     0      446.00      755.00        0.00
     0     0      442.00      751.00        0.00
     0     0      438.00      747.00        0.00
     0     0      432.00      745.00        0.00
     0     0      426.00      743.00        0.00
     0     0      420.00      741.00        0.00
     0     0      414.00      739.00        0.00
     0     0      406.00      737.00        0.00
     0     0      400.00      735.00        0.00
     0     0      394.00      733.00        0.00
     0     0      388.00      731.00        0.00
     0     0      382.00      729.00        0.00
     0     0      378.00      725.00        0.00
     0     0      374.00      719.00        0.00
     0     0      372.00      713.00        0.00
     0     0      372.00      707.00        0.00
     0     0      372.00      701.00        0.00
     0     0      372.00      693.00        0.00
     0     0      374.00      687.00        0.00
     0     0      376.00      681.00        0.00
     0     0      382.00      677.00        0.00
     0     0      386.00      671.00        0.00
     0     0      390.00      667.00        0.00
     0     0      398.00      665.00        0.00
     0     0      404.00      663.00        0.00
     0     0      410.00      663.00        0.00
     0     0      416.00      663.00        0.00
     0     0      422.00      665.00        0.00
     0     0      428.00      667.00        0.00
     0     0      434.00      667.00        0.00
     0     0      440.00      667.00        0.00
     0     0      446.00      669.00        0.00
     0     0      452.00      669.00        0.00
     0     0      458.00      669.00        0.00
     0     0      464.00      669.00        0.00
     0     0      472.00      669.00        0.00
     0     0      478.00      669.00        0.00
     0     0      484.00      667.00        0.00
     0     0      490.00      665.00        0.00
     0     0      496.00      661.00        0.00
     0     0      502.00      659.00        0.00
     0     0      508.00      657.00        0.00
     0     0      512.00      653.00        0.00
     0     0      518.00      649.00        0.00
     0     0      522.00      645.00        0.00
     0     0      528.00      641.00        0.00
     0     0      534.00      637.00        0.00
     0     0      538.00      633.00        0.00
     0     0      544.00      629.00        0.00
     0     0      548.00      625.00        0.00
     0     0      554.00      621.00        0.00
     0     0      558.00      617.00        0.00
     0     0      562.00      613.00        0.00
     0     0      568.00      609.00        0.00
     0     0      574.00      607.00        0.00
     0     0      580.00      605.00        0.00
     0     0      586.00      605.00        0.00
     0     0      592.00      607.00        0.00
     0     0      596.00      611.00        0.00
     0     0      602.00      617.00        0.00
     0     0      606.00      623.00        0.00
     0     0      610.00      629.00        0.00
     0     0      614.00      637.00        0.00
     0     0      620.00      643.00        0.00
     0     0      624.00      647.00        0.00
     0     0      628.00      653.00        0.00
     0     0      632.00      657.00        0.00
     0     0      636.00      663.00        0.00
     0     0      642.00      671.00        0.00
     0     0      646.00      677.00        0.00
     0     0      650.00      683.00        0.00
     0     0      654.00      689.00        0.00
     0     0      656.00      695.00        0.00
     0     0      660.00      701.00        0.00
     0     0      660.00      707.00        0.00
     0     0      664.00      715.00        0.00
     0     0      664.00      721.00        0.00
     0     0      666.00      727.00        0.00
     0     0      668.00      733.00        0.00
     0     0      670.00      741.00        0.00
     0     0      674.00      747.00        0.00
     0     0      676.00      753.00        0.00
     0     0      676.00      759.00        0.00
     0     0      678.00      765.00        0.00
     0     0      678.00      771.00        0.00
     0     0      680.00      777.00        0.00
     0     0      680.00      783.00        0.00
     0     0      684.00      789.00        0.00
     0     0      688.00      795.00        0.00
     0     0      692.00      801.00        0.00
     0     0      694.00      809.00        0.00
     0     0      698.00      815.00        0.00
     0     0      700.00      821.00        0.00
     0     0      704.00      825.00        0.00
     0     0      708.00      831.00        0.00
     0     0      710.00      837.00        0.00
     0     0      710.00      843.00        0.00
     0     0      710.00      849.00        0.00
     0     0      706.00      855.00        0.00
     0     0      702.00      861.00        0.00
     0     0      696.00      863.00        0.00
     0     0      690.00      865.00        0.00
     0     0      684.00      865.00        0.00
     0     0      678.00      861.00        0.00
     0     0      672.00      857.00        0.00
     0     0      666.00      855.00        0.00
     0     0      662.00      851.00        0.00
     0     0      656.00      849.00        0.00
     0     0      652.00      845.00        0.00
     0     0      646.00      845.00        0.00
     0     0      638.00      843.00        0.00
     0     0      632.00      841.00        0.00
     0     0      624.00      841.00        0.00
     0     0      618.00      839.00        0.00
     0     0      612.00      839.00        0.00
     0     0      606.00      839.00        0.00
     0     1      716.00      813.00        0.00
     0     1      708.00      805.00        0.00
     0     1      704.00      799.00        0.00
     0     1      700.00      793.00        0.00
     0     1      696.00      789.00        0.00
     0     1      694.00      783.00        0.00
     0     1      692.00      777.00        0.00
     0     1      688.00      773.00        0.00
     0     1      684.00      767.00        0.00
     0     1      682.00      761.00        0.00
     0     1      676.00      755.00        0.00
     0     1      674.00      749.00        0.00
     0     1      672.00      743.00        0.00
     0     1      672.00      737.00        0.00
     0     1      670.00      729.00        0.00
     0     1      670.00      723.00        0.00
     0     1      668.00      715.00        0.00
     0     1      666.00      707.00        0.00
     0     1      662.00      701.00        0.00
     0     1      660.00      695.00        0.00
     0     1      658.00      689.00        0.00
     0     1      654.00      683.00        0.00
     0     1      652.00      677.00        0.00
     0     1      648.00      671.00        0.00
     0     1      644.00      667.00        0.00
     0     1      640.00      661.00        0.00
     0     1      638.00      655.00        0.00
     0     1      634.00      649.00        0.00
     0     1      630.00      643.00        0.00
     0     1      626.00      639.00        0.00
     0     1      622.00      635.00        0.00
     0     1      616.00      629.00        0.00
     0     1      612.00      625.00        0.00
     0     1      608.00      621.00        0.00
     0     1      604.00      617.00        0.00
     0     1      600.00      613.00        0.00
     0     1      598.00      607.00        0.00
     0     1      594.00      603.00        0.00
     0     1      592.00      597.00        0.00
     0     1      588.00      593.00        0.00
     0     1      586.00      587.00        0.00
     0     1      588.00      581.00        0.00
     0     1      592.00      577.00        0.00
     0     1      598.00      573.00        0.00
     0     1      604.00      571.00        0.00
     0     1      610.00      567.00        0.00
     0     1      614.00      563.00        0.00
     0     1      624.00      557.00        0.00
     0     1      630.00      553.00        0.00
     0     1      636.00      549.00        0.00
     0     1      642.00      547.00        0.00
     0     1      648.00      545.00        0.00
     0     1      654.00      543.00        0.00
     0     1      662.00      539.00        0.00
     0     1      668.00      535.00        0.00
     0     1      678.00      531.00        0.00
     0     1      684.00      529.00        0.00
     0     1      690.00      525.00        0.00
     0     1      696.00      523.00        0.00
     0     1      704.00      521.00        0.00
     0     1      710.00      521.00        0.00
     0     1      716.00      521.00        0.00
     0     1      724.00      525.00        0.00
     0     1      732.00      529.00        0.00
     0     1      736.00      533.00        0.00
     0     1      742.00      537.00        0.00
     0     1      748.00      543.00        0.00
     0     1      752.00      547.00        0.00
     0     1      756.00      551.00        0.00
     0     1      760.00      555.00        0.00
     0     1      764.00      559.00        0.00
     0     1      768.00      563.00        0.00
     0     1      772.00      567.00        0.00
     0     1      776.00      571.00        0.00
     0     1      780.00      575.00        0.00
     0     1      782.00      581.00        0.00
     0     1      786.00      585.00        0.00
     0     1      792.00      587.00        0.00
     0     1      796.00      591.00        0.00
     0     1      800.00      595.00        0.00
     0     1      800.00      601.00        0.00
     0     1      798.00      607.00        0.00
     0     1      794.00      611.00        0.00
     0     1      790.00      615.00        0.00
     0     1      786.00      621.00        0.00
     0     1      782.00      627.00        0.00
     0     1      778.00      631.00        0.00
     0     1      774.00      635.00        0.00
     0     1      770.00      639.00        0.00
     0     1      768.00      645.00        0.00
     0     1      764.00      649.00        0.00
     0     1      762.00      655.00        0.00
     0     1      758.00      659.00        0.00
     0     1      754.00      665.00        0.00
     0     1      750.00      669.00        0.00
     0     1      746.00      673.00        0.00
     0     1      742.00      677.00        0.00
     0     1      738.00      681.00        0.00
     0     1      732.00      687.00        0.00
     0     1      728.00      695.00        0.00
     0     1      722.00      699.00        0.00
     0     1      718.00      703.00        0.00
     0     1      714.00      711.00        0.00
     0     1      710.00      717.00        0.00
     0     1      708.00      723.00        0.00
     0     1      708.00      729.00        0.00
     0     1      706.00      735.00        0.00
     0     1      704.00      741.00        0.00
     0     1      702.00      749.00        0.00
     0     1      702.00      755.00        0.00
     0     1      700.00      761.00        0.00
     0     1      698.00      767.00        0.00
     0     1      696.00      773.00        0.00
     0     1      700.00      779.00        0.00
     0     2      162.00      435.00        0.00
     0     2      158.00      439.00        0.00
     0     2      154.00      443.00        0.00
     0     2      148.00      443.00        0.00
     0     2      146.00      437.00        0.00
     0     2      146.00      431.00        0.00
     0     2      148.00      425.00        0.00
     0     2      150.00      419.00        0.00
     0     2      152.00      413.00        0.00
     0     2      156.00      409.00        0.00
     0     2      158.00      403.00        0.00
     0     2      160.00      397.00        0.00
     0     2      160.00      391.00        0.00
     0     2      158.00      385.00        0.00
     0     2      158.00      379.00        0.00
     0     2      154.00      375.00        0.00
     0     2      150.00      369.00        0.00
     0     2      148.00      363.00        0.00
     0     2      144.00      357.00        0.00
     0     2      140.00      351.00        0.00
     0     2      134.00      349.00        0.00
     0     2      128.00      349.00        0.00
     0     2      122.00      351.00        0.00
     0     2      116.00      351.00        0.00
     0     2      110.00      351.00        0.00
     0     2      104.00      351.00        0.00
     0     2       98.00      349.00        0.00
     0     2       92.00      347.00        0.00
     0     2       86.00      345.00        0.00
     0     2       80.00      345.00        0.00
     0     2       76.00      349.00        0.00
     0     2       72.00      353.00        0.00
     0     2       66.00      355.00        0.00
     0     2       62.00      359.00        0.00
     0     2       58.00      363.00        0.00
     0     2       52.00      365.00        0.00
     0     2       52.00      359.00        0.00
     0     2       52.00      353.00        0.00
     0     2       52.00      347.00        0.00
     0     2       54.00      341.00        0.00
     0     2       58.00      337.00        0.00
     0     2       62.00      333.00        0.00
     0     2       68.00      329.00        0.00
     0     2       72.00      325.00        0.00
     0     2       72.00      319.00        0.00
     0     2       72.00      313.00        0.00
     0     2       78.00      311.00        0.00
     0     2       84.00      311.00        0.00
     0     2       90.00      311.00        0.00
     0     2       96.00      311.00        0.00
     0     2      104.00      311.00        0.00
     0     2      110.00      311.00        0.00
     0     2      116.00      311.00        0.00
     0     2      122.00      311.00        0.00
     0     2      128.00      311.00        0.00
     0     2      134.00      311.00        0.00
     0     2      140.00      311.00        0.00
     0     2      146.00      311.00        0.00
     0     2      152.00      307.00        0.00
     0     2      152.00      301.00        0.00
     0     2      152.00      295.00        0.00
     0     2      152.00      289.00        0.00
     0     2      148.00      285.00        0.00
     0     2      144.00      281.00        0.00
     0     2      136.00      279.00        0.00
     0     2      130.00      277.00        0.00
     0     2      124.00      277.00        0.00
     0     2      118.00      277.00        0.00
     0     2      110.00      275.00        0.00
     0     2      104.00      275.00        0.00
     0     2       98.00      275.00        0.00
     0     2       92.00      275.00        0.00
     0     2       86.00      275.00        0.00
     0     2       80.00      275.00        0.00
     0     2       74.00      277.00        0.00
     0     2       68.00      277.00        0.00
     0     2       62.00      279.00        0.00
     0     2       56.00      281.00        0.00
     0     2       50.00      283.00        0.00
     0     2       44.00      287.00        0.00
     0     2       38.00      289.00        0.00
     0     2       32.00      291.00        0.00
     0     2       26.00      293.00        0.00
     0     2       20.00      293.00        0.00
     0     2       16.00      289.00        0.00
     0     2       12.00      285.00        0.00
     0     2        8.00      281.00        0.00
     0     2        6.00      275.00        0.00
     0     2       10.00      269.00        0.00
     0     2       16.00      269.00        0.00
     0     2       22.00      269.00        0.00
     0     2       28.00      267.00        0.00
     0     2       34.00      263.00        0.00
     0     2       40.00      263.00        0.00
     0     2       46.00      261.00        0.00
     0     2       50.00      257.00        0.00
     0     2       58.00      255.00        0.00
     0     2       66.00      255.00        0.00
     0     2       72.00      253.00        0.00
     0     2       78.00      251.00        0.00
     0     2       84.00      251.00        0.00
     0     2       92.00      249.00        0.00
     0     2       98.00      245.00        0.00
     0     2      104.00      245.00        0.00
     0     2      110.00      245.00        0.00
     0     2      116.00      241.00        0.00
     0     2      122.00      241.00        0.00
     0     2      128.00      241.00        0.00
     0     2      134.00      241.00        0.00
     0     2      140.00      239.00        0.00
     0     2      148.00      237.00        0.00
     0     2      152.00      233.00        0.00
     0     2      158.00      231.00        0.00
     0     2      164.00      229.00        0.00
     0     2      170.00      229.00        0.00
     0     2      176.00      227.00        0.00
     0     2      182.00      225.00        0.00
     0     2      188.00      223.00        0.00
     0     2      194.00      221.00        0.00
     0     2      200.00      219.00        0.00
     0     2      206.00      217.00        0.00
     0     2      212.00      217.00        0.00
     0     2      218.00      217.00        0.00
     0     2      224.00      215.00        0.00
     0     2      232.00      215.00        0.00
     0     2      240.00      213.00        0.00
     0     2      246.00      209.00        0.00
     0     2      252.00      207.00        0.00
     0     2      260.00      205.00        0.00
     0     2      266.00      203.00        0.00
     0     2      274.00      201.00        0.00
     0     2      280.00      201.00        0.00
     0     2      288.00      201.00        0.00
     0     2      296.00      199.00        0.00
     0     2      302.00      199.00        0.00
     0     2      308.00      199.00        0.00
     0     2      314.00      199.00        0.00
     0     2      320.00      199.00        0.00
     0     2      326.00      201.00        0.00
     0     2      332.00      205.00        0.00
     0     2      338.00      209.00        0.00
     0     2      342.00      213.00        0.00
     0     2      346.00      219.00        0.00
     0     2      350.00      223.00        0.00
     0     2      354.00      229.00        0.00
     0     2      356.00      235.00        0.00
     0     2      360.00      241.00        0.00
     0     2      362.00      247.00        0.00
     0     2      364.00      253.00        0.00
     0     2      364.00      259.00        0.00
     0     2      362.00      265.00        0.00
     0     2      358.00      269.00        0.00
     0     2      354.00      273.00        0.00
     0     2      348.00      277.00        0.00
     0     2      342.00      281.00        0.00
     0     2      338.00      285.00        0.00
     0     2      332.00      289.00        0.00
     0     2      326.00      291.00        0.00
     0     2      322.00      295.00        0.00
     0     2      316.00      297.00        0.00
     0     2      310.00      301.00        0.00
     0     2      304.00      303.00        0.00
     0     2      298.00      305.00        0.00
     0     2      292.00      309.00        0.00
     0     2      282.00      315.00        0.00
     0     2      274.00      317.00        0.00
     0     2      268.00      321.00        0.00
     0     2      260.00      325.00        0.00
     0     2      256.00      329.00        0.00
     0     2      250.00      335.00        0.00
     0     2      246.00      339.00        0.00
     0     2      242.00      345.00        0.00
     0     2      238.00      351.00        0.00
     0     2      234.00      355.00        0.00
     0     2      230.00      359.00        0.00
     0     2      224.00      363.00        0.00
     0     2      218.00      369.00        0.00
     0     2      212.00      373.00        0.00
     0     2      206.00      375.00        0.00
     0     2      202.00      379.00        0.00
     0     2      198.00      383.00        0.00
     0     2      194.00      387.00        0.00
     0     2      192.00      393.00        0.00
     0     2      188.00      397.00        0.00
     0     2      184.00      401.00        0.00
     0     2      180.00      405.00        0.00
     0     3      706.00      421.00        0.00
     0     3      704.00      435.00        0.00
     0     3      704.00      441.00        0.00
     0     3      704.00      449.00        0.00
     0     3      702.00      455.00        0.00
     0     3      700.00      461.00        0.00
     0     3      698.00      467.00        0.00
     0     3      696.00      473.00        0.00
     0     3      696.00      479.00        0.00
     0     3      696.00      485.00        0.00
     0     3      694.00      493.00        0.00
     0     3      690.00      497.00        0.00
     0     3      686.00      503.00        0.00
     0     3      682.00      511.00        0.00
     0     3      680.00      517.00        0.00
     0     3      676.00      523.00        0.00
     0     3      672.00      529.00        0.00
     0     3      670.00      535.00        0.00
     0     3      666.00      539.00        0.00
     0     3      662.00      543.00        0.00
     0     3      658.00      547.00        0.00
     0     3      650.00      551.00        0.00
     0     3      642.00      553.00        0.00
     0     3      636.00      555.00        0.00
     0     3      628.00      555.00        0.00
     0     3      622.00      555.00        0.00
     0     3      616.00      555.00        0.00
     0     3      610.00      553.00        0.00
     0     3      604.00      551.00        0.00
     0     3      598.00      547.00        0.00
     0     3      594.00      543.00        0.00
     0     3      590.00      539.00        0.00
     0     3      586.00      533.00        0.00
     0     3      582.00      529.00        0.00
     0     3      580.00      523.00        0.00
     0     3      578.00      515.00        0.00
     0     3      578.00      509.00        0.00
     0     3      578.00      503.00        0.00
     0     3      576.00      497.00        0.00
     0     3      576.00      491.00        0.00
     0     3      576.00      483.00        0.00
     0     3      576.00      477.00        0.00
     0     3      576.00      469.00        0.00
     0     3      574.00      463.00        0.00
     0     3      574.00      457.00        0.00
     0     3      574.00      451.00        0.00
     0     3      574.00      445.00        0.00
     0     3      574.00      439.00        0.00
     0     3      574.00      433.00        0.00
     0     3      574.00      427.00        0.00
     0     3      574.00      421.00        0.00
     0     3      574.00      415.00        0.00
     0     3      574.00      409.00        0.00
     0     3      570.00      403.00        0.00
     0     3      568.00      397.00        0.00
     0     3      566.00      391.00        0.00
     0     3      562.00      387.00        0.00
     0     3      560.00      379.00        0.00
     0     3      558.00      373.00        0.00
     0     3      556.00      367.00        0.00
     0     3      556.00      361.00        0.00
     0     3      562.00      357.00        0.00
     0     3      572.00      353.00        0.00
     0     3      578.00      353.00        0.00
     0     3      584.00      351.00        0.00
     0     3      590.00      347.00        0.00
     0     3      594.00      343.00        0.00
     0     3      598.00      339.00        0.00
     0     3      602.00      333.00        0.00
     0     3      610.00      329.00        0.00
     0     3      614.00      325.00        0.00
     0     3      618.00      321.00        0.00
     0     3      622.00      317.00        0.00
     0     3      628.00      313.00        0.00
     0     3      632.00      309.00        0.00
     0     3      638.00      305.00        0.00
     0     3      642.00      301.00        0.00
     0     3      646.00      297.00        0.00
     0     3      652.00      295.00        0.00
     0     3      656.00      291.00        0.00
     0     3      660.00      287.00        0.00
     0     3      666.00      281.00        0.00
     0     3      670.00      277.00        0.00
     0     3      674.00      273.00        0.00
     0     3      680.00      267.00        0.00
     0     3      684.00      263.00        0.00
     0     3      690.00      259.00        0.00
     0     3      696.00      259.00        0.00
     0     3      702.00      263.00        0.00
     0     3      706.00      267.00        0.00
     0     3      710.00      271.00        0.00
     0     3      712.00      277.00        0.00
     0     3      716.00      283.00        0.00
     0     3      716.00      289.00        0.00
     0     3      718.00      295.00        0.00
     0     3      718.00      301.00        0.00
     0     3      718.00      307.00        0.00
     0     3      718.00      315.00        0.00
     0     3      718.00      321.00        0.00
     0     3      718.00      327.00        0.00
     0     3      718.00      333.00        0.00
     0     3      716.00      341.00        0.00
     0     3      716.00      349.00        0.00
     0     3      716.00      355.00        0.00
     0     3      716.00      361.00        0.00
     0     3      716.00      369.00        0.00
     0     3      716.00      375.00        0.00
     0     3      716.00      381.00        0.00
     0     4      876.00      453.00        0.00
     0     4      866.00      459.00        0.00
     0     4      862.00      463.00        0.00
     0     4      856.00      467.00        0.00
     0     4      852.00      473.00        0.00
     0     4      848.00      477.00        0.00
     0     4      844.00      481.00        0.00
     0     4      840.00      485.00        0.00
     0     4      836.00      489.00        0.00
     0     4      832.00      495.00        0.00
     0     4      826.00      499.00        0.00
     0     4      822.00      503.00        0.00
     0     4      818.00      507.00        0.00
     0     4      814.00      511.00        0.00
     0     4      808.00      515.00        0.00
     0     4      802.00      519.00        0.00
     0     4      798.00      523.00        0.00
     0     4      792.00      527.00        0.00
     0     4      784.00      531.00        0.00
     0     4      778.00      533.00        0.00
     0     4      772.00      533.00        0.00
     0     4      766.00      533.00        0.00
     0     4      760.00      533.00        0.00
     0     4      754.00      533.00        0.00
     0     4      748.00      533.00        0.00
     0     4      742.00      531.00        0.00
     0     4      736.00      531.00        0.00
     0     4      730.00      529.00        0.00
     0     4      724.00      527.00        0.00
     0     4      718.00      525.00        0.00
     0     4      712.00      523.00        0.00
     0     4      706.00      523.00        0.00
     0     4      700.00      521.00        0.00
     0     4      694.00      521.00        0.00
     0     4      688.00      521.00        0.00
     0     4      684.00      517.00        0.00
     0     4      688.00      511.00        0.00
     0     4      692.00      503.00        0.00
     0     4      696.00      495.00        0.00
     0     4      698.00      487.00        0.00
     0     4      700.00      479.00        0.00
     0     4      700.00      473.00        0.00
     0     4      700.00      467.00        0.00
     0     4      700.00      459.00        0.00
     0     4      700.00      451.00        0.00
     0     4      700.00      443.00        0.00
     0     4      702.00      437.00        0.00
     0     4      704.00      429.00        0.00
     0     4      706.00      423.00        0.00
     0     4      708.00      417.00        0.00
     0     4      712.00      409.00        0.00
     0     4      716.00      403.00        0.00
     0     4      718.00      397.00        0.00
     0     4      718.00      391.00        0.00
     0     4      720.00      385.00        0.00
     0     4      720.00      377.00        0.00
     0     4      724.00      371.00        0.00
     0     4      728.00      365.00        0.00
     0     4      734.00      363.00        0.00
     0     4      742.00      361.00        0.00
     0     4      748.00      361.00        0.00
     0     4      752.00      357.00        0.00
     0     4      760.00      357.00        0.00
     0     4      766.00      355.00        0.00
     0     4      774.00      351.00        0.00
     0     4      780.00      349.00        0.00
     0     4      786.00      347.00        0.00
     0     4      794.00      343.00        0.00
     0     4      804.00      339.00        0.00
     0     4      812.00      333.00        0.00
     0     4      818.00      329.00        0.00
     0     4      824.00      325.00        0.00
     0     4      830.00      321.00        0.00
     0     4      836.00      317.00        0.00
     0     4      840.00      313.00        0.00
     0     4      844.00      309.00        0.00
     0     4      850.00      305.00        0.00
     0     4      856.00      303.00        0.00
     0     4      862.00      301.00        0.00
     0     4      868.00      301.00        0.00
     0     4      872.00      305.00        0.00
     0     4      868.00      309.00        0.00
     0     4      866.00      317.00        0.00
     0     4      862.00      321.00        0.00
     0     4      860.00      327.00        0.00
     0     4      856.00      331.00        0.00
     0     4      856.00      337.00        0.00
     0     4      856.00      343.00        0.00
     0     4      856.00      349.00        0.00
     0     4      856.00      355.00        0.00
     0     4      856.00      361.00        0.00
     0     4      856.00      367.00        0.00
     0     4      856.00      373.00        0.00
     0     4      862.00      377.00        0.00
     0     4      868.00      379.00        0.00
     0     4      874.00      381.00        0.00
     0     4      880.00      381.00        0.00
     0     4      888.00      379.00        0.00
     0     4      894.00      371.00        0.00
     0     4      898.00      367.00        0.00
     0     4      900.00      361.00        0.00
     0     4      906.00      359.00        0.00
     0     4      914.00      357.00        0.00
     0     4      922.00      357.00        0.00
     0     4      928.00      357.00        0.00
     0     4      936.00      357.00        0.00
     0     4      942.00      359.00        0.00
     0     4      948.00      361.00        0.00
     0     4      952.00      365.00        0.00
     0     4      956.00      369.00        0.00
     0     4      962.00      375.00        0.00
     0     4      966.00      383.00        0.00
     0     4      968.00      389.00        0.00
     0     4      972.00      397.00        0.00
     0     4      974.00      403.00        0.00
     0     4      974.00      409.00        0.00
     0     4      974.00      415.00        0.00
     0     4      972.00      421.00        0.00
     0     4      970.00      427.00        0.00
     0     4      966.00      431.00        0.00
     0     4      962.00      437.00        0.00
     0     4      958.00      441.00        0.00
     0     4      952.00      443.00        0.00
     0     4      946.00      445.00        0.00
     0     4      940.00      445.00        0.00
     0     4      934.00      445.00        0.00
     0     4      928.00      445.00        0.00
     0     4      922.00      445.00        0.00
     0     4      916.00      445.00        0.00
     0     4      910.00      445.00        0.00
     0     4      904.00      445.00        0.00
     0     5      992.00      265.00        0.00
     0     5      984.00      275.00        0.00
     0     5      980.00      279.00        0.00
     0     5      976.00      285.00        0.00
     0     5      972.00      289.00        0.00
     0     5      966.00      291.00        0.00
     0     5      960.00      295.00        0.00
     0     5      956.00      299.00        0.00
     0     5      952.00      303.00        0.00
     0     5      948.00      307.00        0.00
     0     5      940.00      311.00        0.00
     0     5      936.00      315.00        0.00
     0     5      930.00      321.00        0.00
     0     5      926.00      325.00        0.00
     0     5      922.00      329.00        0.00
     0     5      916.00      333.00        0.00
     0     5      912.00      337.00        0.00
     0     5      908.00      341.00        0.00
     0     5      904.00      345.00        0.00
     0     5      898.00      347.00        0.00
     0     5      892.00      347.00        0.00
     0     5      886.00      347.00        0.00
     0     5      880.00      347.00        0.00
     0     5      874.00      347.00        0.00
     0     5      868.00      347.00        0.00
     0     5      864.00      343.00        0.00
     0     5      862.00      337.00        0.00
     0     5      862.00      331.00        0.00
     0     5      864.00      323.00        0.00
     0     5      868.00      317.00        0.00
     0     5      872.00      311.00        0.00
     0     5      874.00      305.00        0.00
     0     5      878.00      299.00        0.00
     0     5      880.00      293.00        0.00
     0     5      882.00      287.00        0.00
     0     5      886.00      281.00        0.00
     0     5      890.00      275.00        0.00
     0     5      892.00      269.00        0.00
     0     5      896.00      263.00        0.00
     0     5      896.00      257.00        0.00
     0     5      898.00      251.00        0.00
     0     5      900.00      245.00        0.00
     0     5      900.00      239.00        0.00
     0     5      900.00      233.00        0.00
     0     5      900.00      227.00        0.00
     0     5      900.00      221.00        0.00
     0     5      900.00      215.00        0.00
     0     5      906.00      211.00        0.00
     0     5      912.00      209.00        0.00
     0     5      918.00      207.00        0.00
     0     5      924.00      205.00        0.00
     0     5      930.00      203.00        0.00
     0     5      936.00      201.00        0.00
     0     5      940.00      197.00        0.00
     0     5      946.00      193.00        0.00
     0     5      952.00      189.00        0.00
     0     5      956.00      185.00        0.00
     0     5      962.00      181.00        0.00
     0     5      968.00      177.00        0.00
     0     5      974.00      171.00        0.00
     0     5      980.00      167.00        0.00
     0     5      986.00      161.00        0.00
     0     5      992.00      157.00        0.00
     0     5      998.00      153.00        0.00
     0     5     1004.00      151.00        0.00
     0     5     1014.00      145.00        0.00
     0     5     1022.00      139.00        0.00
     0     5     1026.00      135.00        0.00
     0     5     1034.00      129.00        0.00
     0     5     1038.00      125.00        0.00
     0     5     1044.00      121.00        0.00
     0     5     1052.00      119.00        0.00
     0     5     1058.00      117.00        0.00
     0     5     1064.00      117.00        0.00
     0     5     1070.00      117.00        0.00
     0     5     1078.00      121.00        0.00
     0     5     1084.00      125.00        0.00
     0     5     1090.00      129.00        0.00
     0     5     1094.00      133.00        0.00
     0     5     1100.00      137.00        0.00
     0     5     1104.00      141.00        0.00
     0     5     1108.00      147.00        0.00
     0     5     1110.00      153.00        0.00
     0     5     1112.00      159.00        0.00
     0     5     1114.00      165.00        0.00
     0     5     1116.00      173.00        0.00
     0     5     1116.00      181.00        0.00
     0     5     1116.00      187.00        0.00
     0     5     1116.00      193.00        0.00
     0     5     1114.00      199.00        0.00
     0     5     1108.00      205.00        0.00
     0     5     1104.00      209.00        0.00
     0     5     1100.00      213.00        0.00
     0     5     1094.00      215.00        0.00
     0     5     1090.00      219.00        0.00
     0     5     1082.00      221.00        0.00
     0     5     1074.00      221.00        0.00
     0     5     1068.00      221.00        0.00
     0     5     1062.00      223.00        0.00
     0     5     1056.00      223.00        0.00
     0     5     1050.00      223.00        0.00
     0     5     1042.00      225.00        0.00
     0     5     1036.00      227.00        0.00
     0     5     1032.00      231.00        0.00
     0     5     1026.00      235.00        0.00
     0     5     1020.00      237.00        0.00
     0     6     1624.00      215.00        0.00
     0     6     1630.00      223.00        0.00
     0     6     1634.00      227.00        0.00
     0     6     1638.00      231.00        0.00
     0     6     1642.00      235.00        0.00
     0     6     1646.00      239.00        0.00
     0     6     1650.00      245.00        0.00
     0     6     1654.00      251.00        0.00
     0     6     1656.00      257.00        0.00
     0     6     1658.00      263.00        0.00
     0     6     1658.00      269.00        0.00
     0     6     1658.00      277.00        0.00
     0     6     1660.00      283.00        0.00
     0     6     1660.00      289.00        0.00
     0     6     1660.00      295.00        0.00
     0     6     1660.00      301.00        0.00
     0     6     1658.00      309.00        0.00
     0     6     1656.00      317.00        0.00
     0     6     1656.00      323.00        0.00
     0     6     1652.00      329.00        0.00
     0     6     1650.00      335.00        0.00
     0     6     1648.00      341.00        0.00
     0     6     1648.00      347.00        0.00
     0     6     1644.00      353.00        0.00
     0     6     1640.00      361.00        0.00
     0     6     1636.00      367.00        0.00
     0     6     1630.00      373.00        0.00
     0     6     1626.00      377.00        0.00
     0     6     1620.00      383.00        0.00
     0     6     1616.00      387.00        0.00
     0     6     1612.00      391.00        0.00
     0     6     1608.00      395.00        0.00
     0     6     1602.00      397.00        0.00
     0     6     1596.00      399.00        0.00
     0     6     1592.00      403.00        0.00
     0     6     1586.00      405.00        0.00
     0     6     1580.00      405.00        0.00
     0     6     1576.00      401.00        0.00
     0     6     1574.00      395.00        0.00
     0     6     1570.00      387.00        0.00
     0     6     1570.00      381.00        0.00
     0     6     1568.00      375.00        0.00
     0     6     1566.00      369.00        0.00
     0     6     1566.00      363.00        0.00
     0     6     1564.00      355.00        0.00
     0     6     1562.00      347.00        0.00
     0     6     1562.00      339.00        0.00
     0     6     1562.00      331.00        0.00
     0     6     1562.00      325.00        0.00
     0     6     1562.00      319.00        0.00
     0     6     1564.00      311.00        0.00
     0     6     1564.00      303.00        0.00
     0     6     1566.00      297.00        0.00
     0     6     1568.00      291.00        0.00
     0     6     1570.00      285.00        0.00
     0     6     1572.00      279.00        0.00
     0     6     1576.00      273.00        0.00
     0     6     1578.00      267.00        0.00
     0     6     1582.00      263.00        0.00
     0     6     1586.00      257.00        0.00
     0     6     1590.00      251.00        0.00
     0     6     1592.00      245.00        0.00
     0     6     1596.00      241.00        0.00
     0     6     1600.00      237.00        0.00
     0     6     1602.00      231.00        0.00
     0     6     1606.00      225.00        0.00
     0     6     1610.00      219.00        0.00
     0     6     1614.00      215.00        0.00
     0     7     1380.00      277.00        0.00
     0     7     1398.00      287.00        0.00
     0     7     1402.00      293.00        0.00
     0     7     1408.00      299.00        0.00
     0     7     1412.00      305.00        0.00
     0     7     1416.00      309.00        0.00
     0     7     1420.00      315.00        0.00
     0     7     1424.00      323.00        0.00
     0     7     1428.00      327.00        0.00
     0     7     1432.00      333.00        0.00
     0     7     1436.00      337.00        0.00
     0     7     1440.00      343.00        0.00
     0     7     1444.00      347.00        0.00
     0     7     1446.00      353.00        0.00
     0     7     1450.00      361.00        0.00
     0     7     1452.00      367.00        0.00
     0     7     1452.00      373.00        0.00
     0     7     1452.00      379.00        0.00
     0     7     1448.00      385.00        0.00
     0     7     1440.00      387.00        0.00
     0     7     1432.00      387.00        0.00
     0     7     1426.00      387.00        0.00
     0     7     1420.00      389.00        0.00
     0     7     1416.00      393.00        0.00
     0     7     1412.00      399.00        0.00
     0     7     1412.00      405.00        0.00
     0     7     1412.00      411.00        0.00
     0     7     1410.00      417.00        0.00
     0     7     1404.00      419.00        0.00
     0     7     1398.00      423.00        0.00
     0     7     1392.00      423.00        0.00
     0     7     1386.00      425.00        0.00
     0     7     1380.00      427.00        0.00
     0     7     1372.00      429.00        0.00
     0     7     1366.00      429.00        0.00
     0     7     1360.00      429.00        0.00
     0     7     1354.00      429.00        0.00
     0     7     1348.00      427.00        0.00
     0     7     1342.00      423.00        0.00
     0     7     1336.00      419.00        0.00
     0     7     1330.00      415.00        0.00
     0     7     1326.00      411.00        0.00
     0     7     1322.00      407.00        0.00
     0     7     1318.00      401.00        0.00
     0     7     1314.00      395.00        0.00
     0     7     1312.00      389.00        0.00
     0     7     1308.00      385.00        0.00
     0     7     1304.00      381.00        0.00
     0     7     1298.00      379.00        0.00
     0     7     1292.00      377.00        0.00
     0     7     1286.00      375.00        0.00
     0     7     1280.00      373.00        0.00
     0     7     1274.00      371.00        0.00
     0     7     1268.00      369.00        0.00
     0     7     1262.00      367.00        0.00
     0     7     1256.00      365.00        0.00
     0     7     1250.00      365.00        0.00
     0     7     1244.00      365.00        0.00
     0     7     1238.00      365.00        0.00
     0     7     1232.00      363.00        0.00
     0     7     1226.00      363.00        0.00
     0     7     1220.00      359.00        0.00
     0     7     1214.00      359.00        0.00
     0     7     1208.00      355.00        0.00
     0     7     1204.00      351.00        0.00
     0     7     1200.00      347.00        0.00
     0     7     1200.00      341.00        0.00
     0     7     1200.00      335.00        0.00
     0     7     1202.00      329.00        0.00
     0     7     1206.00      323.00        0.00
     0     7     1210.00      319.00        0.00
     0     7     1216.00      311.00        0.00
     0     7     1222.00      307.00        0.00
     0     7     1226.00      301.00        0.00
     0     7     1232.00      297.00        0.00
     0     7     1236.00      293.00        0.00
     0     7     1242.00      289.00        0.00
     0     7     1248.00      283.00        0.00
     0     7     1254.00      279.00        0.00
     0     7     1260.00      277.00        0.00
     0     7     1266.00      277.00        0.00
     0     7     1272.00      277.00        0.00
     0     7     1278.00      277.00        0.00
     0     7     1284.00      281.00        0.00
     0     7     1290.00      283.00        0.00
     0     7     1296.00      287.00        0.00
     0     7     1302.00      289.00        0.00
     0     7     1308.00      289.00        0.00
     0     7     1314.00      289.00        0.00
     0     7     1320.00      289.00        0.00
     0     7     1328.00      289.00        0.00
     0     7     1334.00      287.00        0.00
     0     7     1340.00      285.00        0.00
     0     7     1344.00      281.00        0.00
     0     7     1350.00      277.00        0.00
     0     7     1356.00      275.00        0.00
     0     8     1722.00     1295.00        0.00
     0     8     1716.00     1295.00        0.00
     0     8     1710.00     1291.00        0.00
     0     8     1704.00     1289.00        0.00
     0     8     1698.00     1285.00        0.00
     0     8     1694.00     1281.00        0.00
     0     8     1690.00     1277.00        0.00
     0     8     1688.00     1271.00        0.00
     0     8     1686.00     1265.00        0.00
     0     8     1684.00     1257.00        0.00
     0     8     1684.00     1249.00        0.00
     0     8     1684.00     1243.00        0.00
     0     8     1684.00     1235.00        0.00
     0     8     1684.00     1229.00        0.00
     0     8     1684.00     1223.00        0.00
     0     8     1684.00     1217.00        0.00
     0     8     1684.00     1211.00        0.00
     0     8     1684.00     1203.00        0.00
     0     8     1684.00     1197.00        0.00
     0     8     1682.00     1189.00        0.00
     0     8     1682.00     1183.00        0.00
     0     8     1680.00     1175.00        0.00
     0     8     1678.00     1169.00        0.00
     0     8     1674.00     1161.00        0.00
     0     8     1670.00     1157.00        0.00
     0     8     1666.00     1153.00        0.00
     0     8     1662.00     1149.00        0.00
     0     8     1658.00     1145.00        0.00
     0     8     1654.00     1141.00        0.00
     0     8     1648.00     1137.00        0.00
     0     8     1644.00     1133.00        0.00
     0     8     1640.00     1129.00        0.00
     0     8     1636.00     1123.00        0.00
     0     8     1632.00     1117.00        0.00
     0     8     1626.00     1111.00        0.00
     0     8     1624.00     1105.00        0.00
     0     8     1618.00     1101.00        0.00
     0     8     1616.00     1095.00        0.00
     0     8     1612.00     1091.00        0.00
     0     8     1610.00     1085.00        0.00
     0     8     1606.00     1081.00        0.00
     0     8     1602.00     1077.00        0.00
     0     8     1598.00     1071.00        0.00
     0     8     1596.00     1065.00        0.00
     0     8     1592.00     1061.00        0.00
     0     8     1588.00     1055.00        0.00
     0     8     1586.00     1049.00        0.00
     0     8     1582.00     1043.00        0.00
     0     8     1578.00     1035.00        0.00
     0     8     1574.00     1031.00        0.00
     0     8     1570.00     1023.00        0.00
     0     8     1568.00     1017.00        0.00
     0     8     1564.00     1013.00        0.00
     0     8     1562.00     1007.00        0.00
     0     8     1558.00     1003.00        0.00
     0     8     1554.00      997.00        0.00
     0     8     1552.00      991.00        0.00
     0     8     1548.00      985.00        0.00
     0     8     1544.00      981.00        0.00
     0     8     1540.00      977.00        0.00
     0     8     1536.00      973.00        0.00
     0     8     1532.00      967.00        0.00
     0     8     1528.00      963.00        0.00
     0     8     1532.00      957.00        0.00
     0     8     1540.00      955.00        0.00
     0     8     1548.00      953.00        0.00
     0     8     1556.00      951.00        0.00
     0     8     1562.00      951.00        0.00
     0     8     1568.00      949.00        0.00
     0     8     1572.00      945.00        0.00
     0     8     1576.00      941.00        0.00
     0     8     1582.00      939.00        0.00
     0     8     1586.00      935.00        0.00
     0     8     1590.00      931.00        0.00
     0     8     1594.00      927.00        0.00
     0     8     1600.00      921.00        0.00
     0     8     1602.00      915.00        0.00
     0     8     1604.00      909.00        0.00
     0     8     1608.00      905.00        0.00
     0     8     1610.00      899.00        0.00
     0     8     1614.00      891.00        0.00
     0     8     1614.00      885.00        0.00
     0     8     1614.00      877.00        0.00
     0     8     1614.00      871.00        0.00
     0     8     1614.00      865.00        0.00
     0     8     1614.00      859.00        0.00
     0     8     1612.00      853.00        0.00
     0     8     1608.00      849.00        0.00
     0     8     1606.00      843.00        0.00
     0     8     1604.00      837.00        0.00
     0     8     1602.00      831.00        0.00
     0     8     1602.00      825.00        0.00
     0     8     1604.00      817.00        0.00
     0     8     1606.00      809.00        0.00
     0     8     1606.00      803.00        0.00
     0     8     1608.00      797.00        0.00
     0     8     1608.00      791.00        0.00
     0     8     1610.00      783.00        0.00
     0     8     1614.00      777.00        0.00
     0     8     1618.00      773.00        0.00
     0     8     1622.00      769.00        0.00
     0     8     1628.00      765.00        0.00
     0     8     1634.00      763.00        0.00
     0     8     1640.00      761.00        0.00
     0     8     1646.00      759.00        0.00
     0     8     1652.00      759.00        0.00
     0     8     1658.00      759.00        0.00
     0     8     1664.00      759.00        0.00
     0     8     1670.00      761.00        0.00
     0     8     1676.00      763.00        0.00
     0     8     1682.00      767.00        0.00
     0     8     1688.00      771.00        0.00
     0     8     1694.00      775.00        0.00
     0     8     1700.00      777.00        0.00
     0     8     1704.00      781.00        0.00
     0     8     1710.00      785.00        0.00
     0     8     1716.00      787.00        0.00
     0     8     1722.00      791.00        0.00
     0     8     1728.00      797.00        0.00
     0     8     1732.00      801.00        0.00
     0     8     1738.00      807.00        0.00
     0     8     1744.00      811.00        0.00
     0     8     1748.00      817.00        0.00
     0     8     1752.00      823.00        0.00
     0     8     1756.00      827.00        0.00
     0     8     1760.00      833.00        0.00
     0     8     1762.00      839.00        0.00
     0     8     1764.00      845.00        0.00
     0     8     1762.00      851.00        0.00
     0     8     1758.00      855.00        0.00
     0     8     1752.00      859.00        0.00
     0     8     1748.00      863.00        0.00
     0     8     1744.00      867.00        0.00
     0     8     1740.00      871.00        0.00
     0     8     1736.00      877.00        0.00
     0     8     1734.00      883.00        0.00
     0     8     1730.00      887.00        0.00
     0     8     1726.00      891.00        0.00
     0     8     1722.00      897.00        0.00
     0     8     1720.00      903.00        0.00
     0     8     1716.00      909.00        0.00
     0     8     1712.00      913.00        0.00
     0     8     1710.00      919.00        0.00
     0     8     1708.00      927.00        0.00
     0     8     1708.00      935.00        0.00
     0     8     1706.00      941.00        0.00
     0     8     1708.00      947.00        0.00
     0     8     1712.00      953.00        0.00
     0     8     1718.00      957.00        0.00
     0     8     1724.00      961.00        0.00
     0     8     1728.00      965.00        0.00
     0     8     1732.00      969.00        0.00
     0     8     1736.00      975.00        0.00
     0     8     1738.00      983.00        0.00
     0     8     1740.00      989.00        0.00
     0     8     1740.00      997.00        0.00
     0     8     1738.00     1003.00        0.00
     0     8     1736.00     1009.00        0.00
     0     8     1734.00     1015.00        0.00
     0     8     1732.00     1021.00        0.00
     0     8     1728.00     1025.00        0.00
     0     8     1728.00     1031.00        0.00
     0     8     1726.00     1037.00        0.00
     0     8     1726.00     1043.00        0.00
     0     8     1728.00     1049.00        0.00
     0     8     1732.00     1053.00        0.00
     0     8     1736.00     1057.00        0.00
     0     8     1740.00     1061.00        0.00
     0     8     1748.00     1065.00        0.00
     0     8     1752.00     1069.00        0.00
     0     8     1754.00     1075.00        0.00
     0     8     1758.00     1083.00        0.00
     0     8     1758.00     1089.00        0.00
     0     8     1758.00     1095.00        0.00
     0     8     1756.00     1101.00        0.00
     0     8     1754.00     1107.00        0.00
     0     8     1752.00     1115.00        0.00
     0     8     1750.00     1121.00        0.00
     0     8     1750.00     1127.00        0.00
     0     8     1748.00     1133.00        0.00
     0     8     1748.00     1143.00        0.00
     0     8     1748.00     1149.00        0.00
     0     8     1752.00     1153.00        0.00
     0     8     1754.00     1159.00        0.00
     0     8     1756.00     1165.00        0.00
     0     8     1760.00     1173.00        0.00
     0     8     1760.00     1179.00        0.00
     0     8     1760.00     1185.00        0.00
     0     8     1760.00     1191.00        0.00
     0     8     1760.00     1197.00        0.00
     0     8     1760.00     1203.00        0.00
     0     8     1758.00     1209.00        0.00
     0     8     1756.00     1215.00        0.00
     0     8     1754.00     1221.00        0.00
     0     8     1750.00     1227.00        0.00
     0     8     1748.00     1233.00        0.00
     0     8     1746.00     1239.00        0.00
     0     8     1744.00     1245.00        0.00
     0     8     1742.00     1251.00        0.00
     0     8     1740.00     1257.00        0.00
     0     8     1740.00     1263.00        0.00
     0     9     1464.00      867.00        0.00
     0     9     1460.00      877.00        0.00
     0     9     1458.00      883.00        0.00
     0     9     1456.00      889.00        0.00
     0     9     1454.00      895.00        0.00
     0     9     1452.00      903.00        0.00
     0     9     1452.00      909.00        0.00
     0     9     1452.00      915.00        0.00
     0     9     1450.00      921.00        0.00
     0     9     1448.00      927.00        0.00
     0     9     1448.00      933.00        0.00
     0     9     1448.00      941.00        0.00
     0     9     1446.00      947.00        0.00
     0     9     1446.00      953.00        0.00
     0     9     1446.00      959.00        0.00
     0     9     1446.00      965.00        0.00
     0     9     1446.00      971.00        0.00
     0     9     1446.00      977.00        0.00
     0     9     1446.00      983.00        0.00
     0     9     1448.00      989.00        0.00
     0     9     1450.00      997.00        0.00
     0     9     1452.00     1003.00        0.00
     0     9     1452.00     1011.00        0.00
     0     9     1454.00     1017.00        0.00
     0     9     1456.00     1025.00        0.00
     0     9     1456.00     1031.00        0.00
     0     9     1458.00     1037.00        0.00
     0     9     1460.00     1043.00        0.00
     0     9     1460.00     1049.00        0.00
     0     9     1464.00     1057.00        0.00
     0     9     1464.00     1063.00        0.00
     0     9     1466.00     1069.00        0.00
     0     9     1466.00     1077.00        0.00
     0     9     1466.00     1085.00        0.00
     0     9     1466.00     1093.00        0.00
     0     9     1464.00     1099.00        0.00
     0     9     1464.00     1105.00        0.00
     0     9     1462.00     1111.00        0.00
     0     9     1460.00     1117.00        0.00
     0     9     1456.00     1123.00        0.00
     0     9     1456.00     1129.00        0.00
     0     9     1456.00     1135.00        0.00
     0     9     1456.00     1141.00        0.00
     0     9     1456.00     1149.00        0.00
     0     9     1456.00     1155.00        0.00
     0     9     1456.00     1161.00        0.00
     0     9     1454.00     1167.00        0.00
     0     9     1450.00     1173.00        0.00
     0     9     1446.00     1179.00        0.00
     0     9     1442.00     1185.00        0.00
     0     9     1440.00     1191.00        0.00
     0     9     1436.00     1195.00        0.00
     0     9     1432.00     1199.00        0.00
     0     9     1428.00     1203.00        0.00
     0     9     1424.00     1207.00        0.00
     0     9     1420.00     1211.00        0.00
     0     9     1416.00     1217.00        0.00
     0     9     1412.00     1223.00        0.00
     0     9     1410.00     1229.00        0.00
     0     9     1406.00     1233.00        0.00
     0     9     1404.00     1241.00        0.00
     0     9     1400.00     1245.00        0.00
     0     9     1398.00     1251.00        0.00
     0     9     1396.00     1257.00        0.00
     0     9     1394.00     1263.00        0.00
     0     9     1390.00     1269.00        0.00
     0     9     1386.00     1277.00        0.00
     0     9     1382.00     1283.00        0.00
     0     9     1380.00     1289.00        0.00
     0     9     1376.00     1293.00        0.00
     0     9     1372.00     1297.00        0.00
     0     9     1368.00     1301.00        0.00
     0     9     1362.00     1303.00        0.00
     0     9     1356.00     1303.00        0.00
     0     9     1350.00     1301.00        0.00
     0     9     1344.00     1297.00        0.00
     0     9     1338.00     1293.00        0.00
     0     9     1330.00     1289.00        0.00
     0     9     1326.00     1285.00        0.00
     0     9     1320.00     1281.00        0.00
     0     9     1316.00     1277.00        0.00
     0     9     1310.00     1269.00        0.00
     0     9     1306.00     1265.00        0.00
     0     9     1302.00     1259.00        0.00
     0     9     1298.00     1255.00        0.00
     0     9     1296.00     1247.00        0.00
     0     9     1294.00     1239.00        0.00
     0     9     1294.00     1233.00        0.00
     0     9     1294.00     1223.00        0.00
     0     9     1294.00     1215.00        0.00
     0     9     1296.00     1205.00        0.00
     0     9     1298.00     1193.00        0.00
     0     9     1300.00     1183.00        0.00
     0     9     1304.00     1173.00        0.00
     0     9     1308.00     1163.00        0.00
     0     9     1312.00     1155.00        0.00
     0     9     1316.00     1147.00        0.00
     0     9     1320.00     1141.00        0.00
     0     9     1324.00     1137.00        0.00
     0     9     1330.00     1135.00        0.00
     0     9     1336.00     1131.00        0.00
     0     9     1342.00     1127.00        0.00
     0     9     1348.00     1123.00        0.00
     0     9     1352.00     1117.00        0.00
     0     9     1356.00     1113.00        0.00
     0     9     1360.00     1107.00        0.00
     0     9     1364.00     1101.00        0.00
     0     9     1368.00     1095.00        0.00
     0     9     1372.00     1087.00        0.00
     0     9     1376.00     1079.00        0.00
     0     9     1378.00     1073.00        0.00
     0     9     1380.00     1065.00        0.00
     0     9     1382.00     1059.00        0.00
     0     9     1384.00     1053.00        0.00
     0     9     1384.00     1047.00        0.00
     0     9     1388.00     1041.00        0.00
     0     9     1388.00     1035.00        0.00
     0     9     1390.00     1027.00        0.00
     0     9     1392.00     1021.00        0.00
     0     9     1394.00     1015.00        0.00
     0     9     1396.00     1009.00        0.00
     0     9     1400.00     1003.00        0.00
     0     9     1402.00      997.00        0.00
     0     9     1404.00      991.00        0.00
     0     9     1406.00      985.00        0.00
     0     9     1408.00      977.00        0.00
     0     9     1408.00      969.00        0.00
     0     9     1410.00      963.00        0.00
     0     9     1410.00      957.00        0.00
     0     9     1410.00      951.00        0.00
     0     9     1412.00      945.00        0.00
     0     9     1412.00      937.00        0.00
     0     9     1412.00      929.00        0.00
     0     9     1412.00      921.00        0.00
     0     9     1412.00      915.00        0.00
     0     9     1412.00      909.00        0.00
     0     9     1412.00      903.00        0.00
     0     9     1410.00      895.00        0.00
     0     9     1408.00      889.00        0.00
     0     9     1406.00      883.00        0.00
     0     9     1404.00      877.00        0.00
     0     9     1402.00      871.00        0.00
     0     9     1400.00      865.00        0.00
     0     9     1400.00      859.00        0.00
     0     9     1404.00      855.00        0.00
     0     9     1410.00      853.00        0.00
     0     9     1416.00      851.00        0.00
     0     9     1422.00      851.00        0.00
     0     9     1428.00      849.00        0.00
     0     9     1434.00      849.00        0.00
     0    10     1466.00      577.00        0.00
     0    10     1476.00      581.00        0.00
     0    10     1484.00      585.00        0.00
     0    10     1492.00      591.00        0.00
     0    10     1498.00      597.00        0.00
     0    10     1504.00      601.00        0.00
     0    10     1510.00      605.00        0.00
     0    10     1514.00      609.00        0.00
     0    10     1520.00      613.00        0.00
     0    10     1526.00      617.00        0.00
     0    10     1532.00      621.00        0.00
     0    10     1538.00      623.00        0.00
     0    10     1542.00      627.00        0.00
     0    10     1546.00      631.00        0.00
     0    10     1550.00      635.00        0.00
     0    10     1554.00      639.00        0.00
     0    10     1560.00      645.00        0.00
     0    10     1564.00      651.00        0.00
     0    10     1568.00      657.00        0.00
     0    10     1572.00      661.00        0.00
     0    10     1576.00      667.00        0.00
     0    10     1580.00      671.00        0.00
     0    10     1586.00      675.00        0.00
     0    10     1590.00      681.00        0.00
     0    10     1596.00      685.00        0.00
     0    10     1602.00      687.00        0.00
     0    10     1608.00      691.00        0.00
     0    10     1614.00      693.00        0.00
     0    10     1620.00      697.00        0.00
     0    10     1626.00      699.00        0.00
     0    10     1632.00      701.00        0.00
     0    10     1636.00      705.00        0.00
     0    10     1640.00      709.00        0.00
     0    10     1642.00      715.00        0.00
     0    10     1646.00      721.00        0.00
     0    10     1650.00      727.00        0.00
     0    10     1654.00      731.00        0.00
     0    10     1656.00      737.00        0.00
     0    10     1654.00      743.00        0.00
     0    10     1650.00      749.00        0.00
     0    10     1644.00      751.00        0.00
     0    10     1638.00      753.00        0.00
     0    10     1634.00      759.00        0.00
     0    10     1630.00      763.00        0.00
     0    10     1626.00      769.00        0.00
     0    10     1622.00      773.00        0.00
     0    10     1620.00      779.00        0.00
     0    10     1618.00      785.00        0.00
     0    10     1614.00      791.00        0.00
     0    10     1612.00      797.00        0.00
     0    10     1610.00      805.00        0.00
     0    10     1608.00      813.00        0.00
     0    10     1604.00      819.00        0.00
     0    10     1602.00      825.00        0.00
     0    10     1596.00      831.00        0.00
     0    10     1590.00      835.00        0.00
     0    10     1584.00      835.00        0.00
     0    10     1576.00      835.00        0.00
     0    10     1570.00      833.00        0.00
     0    10     1564.00      833.00        0.00
     0    10     1558.00      833.00        0.00
     0    10     1550.00      831.00        0.00
     0    10     1544.00      831.00        0.00
     0    10     1538.00      829.00        0.00
     0    10     1530.00      827.00        0.00
     0    10     1524.00      823.00        0.00
     0    10     1518.00      821.00        0.00
     0    10     1512.00      819.00        0.00
     0    10     1506.00      815.00        0.00
     0    10     1500.00      813.00        0.00
     0    10     1494.00      811.00        0.00
     0    10     1486.00      809.00        0.00
     0    10     1478.00      805.00        0.00
     0    10     1472.00      805.00        0.00
     0    10     1466.00      803.00        0.00
     0    10     1460.00      801.00        0.00
     0    10     1452.00      799.00        0.00
     0    10     1446.00      797.00        0.00
     0    10     1440.00      797.00        0.00
     0    10     1432.00      797.00        0.00
     0    10     1422.00      797.00        0.00
     0    10     1416.00      797.00        0.00
     0    10     1410.00      795.00        0.00
     0    10     1402.00      791.00        0.00
     0    10     1396.00      789.00        0.00
     0    10     1390.00      785.00        0.00
     0    10     1384.00      781.00        0.00
     0    10     1380.00      777.00        0.00
     0    10     1376.00      773.00        0.00
     0    10     1372.00      769.00        0.00
     0    10     1368.00      763.00        0.00
     0    10     1364.00      759.00        0.00
     0    10     1358.00      753.00        0.00
     0    10     1354.00      747.00        0.00
     0    10     1350.00      739.00        0.00
     0    10     1346.00      733.00        0.00
     0    10     1344.00      727.00        0.00
     0    10     1342.00      717.00        0.00
     0    10     1340.00      711.00        0.00
     0    10     1340.00      703.00        0.00
     0    10     1342.00      697.00        0.00
     0    10     1344.00      689.00        0.00
     0    10     1348.00      681.00        0.00
     0    10     1350.00      675.00        0.00
     0    10     1352.00      667.00        0.00
     0    10     1354.00      661.00        0.00
     0    10     1354.00      653.00        0.00
     0    10     1354.00      647.00        0.00
     0    10     1354.00      639.00        0.00
     0    10     1356.00      631.00        0.00
     0    10     1356.00      623.00        0.00
     0    10     1360.00      617.00        0.00
     0    10     1362.00      611.00        0.00
     0    10     1366.00      605.00        0.00
     0    10     1372.00      603.00        0.00
     0    10     1380.00      599.00        0.00
     0    10     1388.00      595.00        0.00
     0    10     1394.00      593.00        0.00
     0    10     1400.00      587.00        0.00
     0    10     1406.00      585.00        0.00
     0    10     1412.00      585.00        0.00
     0    10     1418.00      585.00        0.00
     0    10     1424.00      583.00        0.00
     0    10     1430.00      583.00        0.00
     0    11     1692.00      701.00        0.00
     0    11     1682.00      695.00        0.00
     0    11     1676.00      691.00        0.00
     0    11     1672.00      685.00        0.00
     0    11     1666.00      681.00        0.00
     0    11     1660.00      675.00        0.00
     0    11     1656.00      671.00        0.00
     0    11     1650.00      667.00        0.00
     0    11     1646.00      663.00        0.00
     0    11     1640.00      661.00        0.00
     0    11     1632.00      655.00        0.00
     0    11     1624.00      649.00        0.00
     0    11     1618.00      647.00        0.00
     0    11     1612.00      643.00        0.00
     0    11     1608.00      639.00        0.00
     0    11     1602.00      635.00        0.00
     0    11     1594.00      633.00        0.00
     0    11     1588.00      631.00        0.00
     0    11     1582.00      629.00        0.00
     0    11     1576.00      627.00        0.00
     0    11     1568.00      627.00        0.00
     0    11     1562.00      623.00        0.00
     0    11     1556.00      621.00        0.00
     0    11     1550.00      619.00        0.00
     0    11     1542.00      615.00        0.00
     0    11     1536.00      611.00        0.00
     0    11     1528.00      607.00        0.00
     0    11     1520.00      603.00        0.00
     0    11     1512.00      599.00        0.00
     0    11     1504.00      595.00        0.00
     0    11     1494.00      589.00        0.00
     0    11     1480.00      583.00        0.00
     0    11     1470.00      579.00        0.00
     0    11     1466.00      573.00        0.00
     0    11     1458.00      567.00        0.00
     0    11     1454.00      561.00        0.00
     0    11     1448.00      555.00        0.00
     0    11     1444.00      551.00        0.00
     0    11     1440.00      547.00        0.00
     0    11     1436.00      541.00        0.00
     0    11     1430.00      537.00        0.00
     0    11     1426.00      533.00        0.00
     0    11     1422.00      529.00        0.00
     0    11     1414.00      523.00        0.00
     0    11     1408.00      519.00        0.00
     0    11     1404.00      515.00        0.00
     0    11     1398.00      511.00        0.00
     0    11     1390.00      507.00        0.00
     0    11     1384.00      503.00        0.00
     0    11     1376.00      501.00        0.00
     0    11     1368.00      499.00        0.00
     0    11     1358.00      497.00        0.00
     0    11     1352.00      495.00        0.00
     0    11     1346.00      493.00        0.00
     0    11     1338.00      493.00        0.00
     0    11     1332.00      493.00        0.00
     0    11     1326.00      493.00        0.00
     0    11     1316.00      493.00        0.00
     0    11     1308.00      493.00        0.00
     0    11     1300.00      493.00        0.00
     0    11     1294.00      493.00        0.00
     0    11     1288.00      493.00        0.00
     0    11     1282.00      491.00        0.00
     0    11     1280.00      485.00        0.00
     0    11     1280.00      477.00        0.00
     0    11     1282.00      471.00        0.00
     0    11     1284.00      465.00        0.00
     0    11     1284.00      459.00        0.00
     0    11     1286.00      453.00        0.00
     0    11     1286.00      447.00        0.00
     0    11     1286.00      441.00        0.00
     0    11     1286.00      435.00        0.00
     0    11     1284.00      429.00        0.00
     0    11     1284.00      423.00        0.00
     0    11     1286.00      417.00        0.00
     0    11     1290.00      413.00        0.00
     0    11     1296.00      413.00        0.00
     0    11     1302.00      413.00        0.00
     0    11     1310.00      415.00        0.00
     0    11     1318.00      419.00        0.00
     0    11     1324.00      425.00        0.00
     0    11     1330.00      427.00        0.00
     0    11     1336.00      429.00        0.00
     0    11     1342.00      433.00        0.00
     0    11     1348.00      433.00        0.00
     0    11     1356.00      437.00        0.00
     0    11     1362.00      437.00        0.00
     0    11     1368.00      437.00        0.00
     0    11     1374.00      437.00        0.00
     0    11     1380.00      437.00        0.00
     0    11     1388.00      435.00        0.00
     0    11     1396.00      435.00        0.00
     0    11     1402.00      433.00        0.00
     0    11     1408.00      429.00        0.00
     0    11     1414.00      423.00        0.00
     0    11     1420.00      419.00        0.00
     0    11     1424.00      415.00        0.00
     0    11     1428.00      411.00        0.00
     0    11     1434.00      409.00        0.00
     0    11     1438.00      403.00        0.00
     0    11     1446.00      401.00        0.00
     0    11     1452.00      399.00        0.00
     0    11     1460.00      397.00        0.00
     0    11     1466.00      395.00        0.00
     0    11     1472.00      395.00        0.00
     0    11     1482.00      395.00        0.00
     0    11     1490.00      395.00        0.00
     0    11     1496.00      395.00        0.00
     0    11     1502.00      397.00        0.00
     0    11     1514.00      401.00        0.00
     0    11     1522.00      407.00        0.00
     0    11     1528.00      411.00        0.00
     0    11     1536.00      415.00        0.00
     0    11     1540.00      419.00        0.00
     0    11     1544.00      423.00        0.00
     0    11     1548.00      427.00        0.00
     0    11     1550.00      433.00        0.00
     0    11     1548.00      439.00        0.00
     0    11     1540.00      441.00        0.00
     0    11     1534.00      443.00        0.00
     0    11     1528.00      447.00        0.00
     0    11     1522.00      449.00        0.00
     0    11     1516.00      451.00        0.00
     0    11     1510.00      455.00        0.00
     0    11     1504.00      459.00        0.00
     0    11     1498.00      463.00        0.00
     0    11     1494.00      469.00        0.00
     0    11     1492.00      475.00        0.00
     0    11     1490.00      481.00        0.00
     0    11     1490.00      487.00        0.00
     0    11     1490.00      493.00        0.00
     0    11     1492.00      499.00        0.00
     0    11     1496.00      503.00        0.00
     0    11     1504.00      507.00        0.00
     0    11     1510.00      509.00        0.00
     0    11     1514.00      513.00        0.00
     0    11     1520.00      515.00        0.00
     0    11     1524.00      519.00        0.00
     0    11     1530.00      521.00        0.00
     0    11     1536.00      525.00        0.00
     0    11     1542.00      529.00        0.00
     0    11     1548.00      533.00        0.00
     0    11     1554.00      537.00        0.00
     0    11     1558.00      541.00        0.00
     0    11     1564.00      543.00        0.00
     0    11     1568.00      547.00        0.00
     0    11     1576.00      551.00        0.00
     0    11     1582.00      555.00        0.00
     0    11     1586.00      559.00        0.00
     0    11     1590.00      563.00        0.00
     0    11     1596.00      567.00        0.00
     0    11     1600.00      571.00        0.00
     0    11     1604.00      575.00        0.00
     0    11     1606.00      581.00        0.00
     0    11     1608.00      587.00        0.00
     0    11     1608.00      593.00        0.00
     0    11     1608.00      599.00        0.00
     0    11     1608.00      605.00        0.00
     0    11     1608.00      613.00        0.00
     0    11     1608.00      619.00        0.00
     0    11     1610.00      625.00        0.00
     0    11     1612.00      631.00        0.00
     0    11     1616.00      637.00        0.00
     0    11     1620.00      641.00        0.00
     0    11     1624.00      645.00        0.00
     0    12     1512.00     1153.00        0.00
     0    12     1514.00     1147.00        0.00
     0    12     1516.00     1141.00        0.00
     0    12     1520.00     1137.00        0.00
     0    12     1524.00     1133.00        0.00
     0    12     1528.00     1127.00        0.00
     0    12     1532.00     1123.00        0.00
     0    12     1538.00     1119.00        0.00
     0    12     1542.00     1113.00        0.00
     0    12     1544.00     1107.00        0.00
     0    12     1548.00     1101.00        0.00
     0    12     1550.00     1095.00        0.00
     0    12     1554.00     1089.00        0.00
     0    12     1556.00     1083.00        0.00
     0    12     1558.00     1077.00        0.00
     0    12     1560.00     1071.00        0.00
     0    12     1562.00     1065.00        0.00
     0    12     1564.00     1059.00        0.00
     0    12     1570.00     1057.00        0.00
     0    12     1578.00     1057.00        0.00
     0    12     1582.00     1061.00        0.00
     0    12     1586.00     1067.00        0.00
     0    12     1590.00     1071.00        0.00
     0    12     1594.00     1075.00        0.00
     0    12     1598.00     1079.00        0.00
     0    12     1602.00     1085.00        0.00
     0    12     1606.00     1089.00        0.00
     0    12     1610.00     1095.00        0.00
     0    12     1616.00     1101.00        0.00
     0    12     1620.00     1107.00        0.00
     0    12     1624.00     1111.00        0.00
     0    12     1626.00     1117.00        0.00
     0    12     1630.00     1123.00        0.00
     0    12     1628.00     1129.00        0.00
     0    12     1624.00     1133.00        0.00
     0    12     1618.00     1133.00        0.00
     0    12     1610.00     1135.00        0.00
     0    12     1604.00     1137.00        0.00
     0    12     1598.00     1139.00        0.00
     0    12     1590.00     1141.00        0.00
     0    12     1584.00     1145.00        0.00
     0    12     1576.00     1147.00        0.00
     0    12     1570.00     1149.00        0.00
     0    12     1564.00     1151.00        0.00
     0    12     1560.00     1155.00        0.00
     0    12     1554.00     1161.00        0.00
     0    12     1548.00     1165.00        0.00
     0    12     1542.00     1169.00        0.00
     0    12     1538.00     1175.00        0.00
     0    12     1532.00     1179.00        0.00
     0    12     1528.00     1187.00        0.00
     0    12     1526.00     1193.00        0.00
     0    12     1522.00     1197.00        0.00
     0    12     1520.00     1203.00        0.00
     0    12     1518.00     1211.00        0.00
     0    12     1514.00     1215.00        0.00
     0    12     1512.00     1221.00        0.00
     0    12     1506.00     1227.00        0.00
     0    12     1502.00     1231.00        0.00
     0    12     1496.00     1235.00        0.00
     0    12     1492.00     1241.00        0.00
     0    12     1488.00     1245.00        0.00
     0    12     1480.00     1249.00        0.00
     0    12     1476.00     1253.00        0.00
     0    12     1470.00     1255.00        0.00
     0    12     1464.00     1257.00        0.00
     0    12     1456.00     1259.00        0.00
     0    12     1450.00     1261.00        0.00
     0    12     1444.00     1263.00        0.00
     0    12     1438.00     1265.00        0.00
     0    12     1432.00     1267.00        0.00
     0    12     1426.00     1271.00        0.00
     0    12     1420.00     1273.00        0.00
     0    12     1416.00     1277.00        0.00
     0    12     1410.00     1281.00        0.00
     0    12     1406.00     1285.00        0.00
     0    12     1402.00     1289.00        0.00
     0    12     1396.00     1293.00        0.00
     0    12     1394.00     1299.00        0.00
     0    12     1390.00     1303.00        0.00
     0    12     1386.00     1307.00        0.00
     0    12     1382.00     1311.00        0.00
     0    12     1378.00     1315.00        0.00
     0    12     1374.00     1321.00        0.00
     0    12     1370.00     1325.00        0.00
     0    12     1366.00     1329.00        0.00
     0    12     1362.00     1333.00        0.00
     0    12     1358.00     1337.00        0.00
     0    12     1354.00     1343.00        0.00
     0    12     1350.00     1347.00        0.00
     0    12     1346.00     1351.00        0.00
     0    12     1340.00     1355.00        0.00
     0    12     1334.00     1359.00        0.00
     0    12     1330.00     1365.00        0.00
     0    12     1324.00     1367.00        0.00
     0    12     1320.00     1371.00        0.00
     0    12     1314.00     1373.00        0.00
     0    12     1310.00     1377.00        0.00
     0    12     1302.00     1381.00        0.00
     0    12     1296.00     1383.00        0.00
     0    12     1292.00     1387.00        0.00
     0    12     1288.00     1391.00        0.00
     0    12     1284.00     1395.00        0.00
     0    12     1278.00     1399.00        0.00
     0    12     1274.00     1403.00        0.00
     0    12     1270.00     1407.00        0.00
     0    12     1266.00     1411.00        0.00
     0    12     1270.00     1407.00        0.00
     0    12     1276.00     1401.00        0.00
     0    12     1280.00     1397.00        0.00
     0    12     1284.00     1391.00        0.00
     0    12     1288.00     1387.00        0.00
     0    12     1292.00     1383.00        0.00
     0    12     1296.00     1379.00        0.00
     0    12     1300.00     1375.00        0.00
     0    12     1304.00     1371.00        0.00
     0    12     1312.00     1367.00        0.00
     0    12     1318.00     1363.00        0.00
     0    12     1324.00     1361.00        0.00
     0    12     1330.00     1357.00        0.00
     0    12     1336.00     1355.00        0.00
     0    12     1340.00     1351.00        0.00
     0    12     1346.00     1347.00        0.00
     0    12     1350.00     1343.00        0.00
     0    12     1354.00     1339.00        0.00
     0    12     1358.00     1335.00        0.00
     0    12     1362.00     1331.00        0.00
     0    12     1366.00     1325.00        0.00
     0    12     1370.00     1321.00        0.00
     0    12     1374.00     1315.00        0.00
     0    12     1378.00     1309.00        0.00
     0    12     1382.00     1305.00        0.00
     0    12     1386.00     1301.00        0.00
     0    12     1390.00     1295.00        0.00
     0    12     1394.00     1291.00        0.00
     0    12     1396.00     1285.00        0.00
     0    12     1400.00     1279.00        0.00
     0    12     1404.00     1273.00        0.00
     0    12     1408.00     1265.00        0.00
     0    12     1410.00     1259.00        0.00
     0    12     1412.00     1253.00        0.00
     0    12     1416.00     1245.00        0.00
     0    12     1418.00     1239.00        0.00
     0    12     1420.00     1233.00        0.00
     0    12     1424.00     1227.00        0.00
     0    12     1426.00     1219.00        0.00
     0    12     1430.00     1213.00        0.00
     0    12     1432.00     1207.00        0.00
     0    12     1436.00     1203.00        0.00
     0    12     1440.00     1197.00        0.00
     0    12     1444.00     1191.00        0.00
     0    12     1448.00     1187.00        0.00
     0    12     1452.00     1183.00        0.00
     0    12     1456.00     1179.00        0.00
     0    12     1462.00     1177.00        0.00
     0    12     1466.00     1173.00        0.00
     0    12     1472.00     1173.00        0.00
     0    12     1476.00     1169.00        0.00
     0    12     1482.00     1169.00        0.00
     0    12     1486.00     1165.00        0.00
