     0     0      258.00      499.00        0.00
     0     0      240.00      509.00        0.00
     0     0      234.00      511.00        0.00
     0     0      228.00      513.00        0.00
     0     0      222.00      517.00        0.00
     0     0      218.00      521.00        0.00
     0     0      212.00      523.00        0.00
     0     0      208.00      527.00        0.00
     0     0      202.00      531.00        0.00
     0     0      196.00      535.00        0.00
     0     0      192.00      539.00        0.00
     0     0      188.00      543.00        0.00
     0     0      182.00      547.00        0.00
     0     0      178.00      551.00        0.00
     0     0      172.00      553.00        0.00
     0     0      168.00      557.00        0.00
     0     0      164.00      561.00        0.00
     0     0      158.00      565.00        0.00
     0     0      152.00      569.00        0.00
     0     0      146.00      573.00        0.00
     0     0      142.00      577.00        0.00
     0     0      140.00      583.00        0.00
     0     0      136.00      587.00        0.00
     0     0      134.00      593.00        0.00
     0     0      132.00      599.00        0.00
     0     0      128.00      603.00        0.00
     0     0      124.00      609.00        0.00
     0     0      120.00      613.00        0.00
     0     0      118.00      619.00        0.00
     0     0      114.00      623.00        0.00
     0     0      110.00      629.00        0.00
     0     0      106.00      633.00        0.00
     0     0      102.00      637.00        0.00
     0     0       98.00      643.00        0.00
     0     0       94.00      647.00        0.00
     0     0       88.00      645.00        0.00
     0     0       88.00      639.00        0.00
     0     0       88.00      633.00        0.00
     0     0       88.00      625.00        0.00
     0     0       88.00      619.00        0.00
     0     0       88.00      613.00        0.00
     0     0       88.00      607.00        0.00
     0     0       92.00      601.00        0.00
     0     0       94.00      595.00        0.00
     0     0       98.00      589.00        0.00
     0     0      102.00      585.00        0.00
     0     0      106.00      581.00        0.00
     0     0      110.00      577.00        0.00
     0     0      114.00      573.00        0.00
     0     0      118.00      569.00        0.00
     0     0      122.00      565.00        0.00
     0     0      126.00      559.00        0.00
     0     0      130.00      553.00        0.00
     0     0      132.00      547.00        0.00
     0     0      134.00      541.00        0.00
     0     0      138.00      537.00        0.00
     0     0      140.00      531.00        0.00
     0     0      144.00      523.00        0.00
     0     0      146.00      515.00        0.00
     0     0      146.00      509.00        0.00
     0     0      148.00      503.00        0.00
     0     0      150.00      497.00        0.00
     0     0      152.00      491.00        0.00
     0     0      156.00      485.00        0.00
     0     0      158.00      479.00        0.00
     0     0      162.00      473.00        0.00
     0     0      166.00      469.00        0.00
     0     0      170.00      465.00        0.00
     0     0      174.00      461.00        0.00
     0     0      178.00      457.00        0.00
     0     0      182.00      453.00        0.00
     0     0      186.00      449.00        0.00
     0     0      192.00      443.00        0.00
     0     0      196.00      437.00        0.00
     0     0      200.00      429.00        0.00
     0     0      206.00      425.00        0.00
     0     0      210.00      421.00        0.00
     0     0      216.00      417.00        0.00
     0     0      222.00      411.00        0.00
     0     0      228.00      407.00        0.00
     0     0      234.00      403.00        0.00
     0     0      240.00      399.00        0.00
     0     0      242.00      393.00        0.00
     0     0      246.00      385.00        0.00
     0     0      250.00      381.00        0.00
     0     0      254.00      377.00        0.00
     0     0      258.00      373.00        0.00
     0     0      264.00      369.00        0.00
     0     0      272.00      367.00        0.00
     0     0      280.00      365.00        0.00
     0     0      286.00      365.00        0.00
     0     0      292.00      365.00        0.00
     0     0      298.00      367.00        0.00
     0     0      304.00      367.00        0.00
     0     0      310.00      369.00        0.00
     0     0      316.00      369.00        0.00
     0     0      322.00      369.00        0.00
     0     0      328.00      369.00        0.00
     0     0      334.00      369.00        0.00
     0     0      340.00      371.00        0.00
     0     0      344.00      377.00        0.00
     0     0      348.00      381.00        0.00
     0     0      352.00      387.00        0.00
     0     0      352.00      393.00        0.00
     0     0      356.00      401.00        0.00
     0     0      358.00      407.00        0.00
     0     0      358.00      413.00        0.00
     0     0      358.00      421.00        0.00
     0     0      358.00      427.00        0.00
     0     0      354.00      433.00        0.00
     0     0      350.00      437.00        0.00
     0     0      344.00      441.00        0.00
     0     0      340.00      445.00        0.00
     0     0      334.00      447.00        0.00
     0     0      330.00      451.00        0.00
     0     0      326.00      455.00        0.00
     0     0      322.00      461.00        0.00
     0     0      318.00      467.00        0.00
     0     0      316.00      473.00        0.00
     0     0      312.00      477.00        0.00
     0     0      308.00      481.00        0.00
     0     0      302.00      483.00        0.00
     0     0      296.00      485.00        0.00
     0     1      498.00      127.00        0.00
     0     1      502.00      135.00        0.00
     0     1      506.00      141.00        0.00
     0     1      510.00      145.00        0.00
     0     1      512.00      151.00        0.00
     0     1      518.00      155.00        0.00
     0     1      522.00      159.00        0.00
     0     1      526.00      163.00        0.00
     0     1      534.00      167.00        0.00
     0     1      540.00      169.00        0.00
     0     1      544.00      173.00        0.00
     0     1      550.00      175.00        0.00
     0     1      556.00      177.00        0.00
     0     1      560.00      181.00        0.00
     0     1      564.00      185.00        0.00
     0     1      570.00      187.00        0.00
     0     1      578.00      193.00        0.00
     0     1      582.00      197.00        0.00
     0     1      588.00      201.00        0.00
     0     1      592.00      205.00        0.00
     0     1      596.00      209.00        0.00
     0     1      600.00      213.00        0.00
     0     1      604.00      221.00        0.00
     0     1      610.00      225.00        0.00
     0     1      614.00      231.00        0.00
     0     1      618.00      237.00        0.00
     0     1      624.00      241.00        0.00
     0     1      628.00      245.00        0.00
     0     1      630.00      251.00        0.00
     0     1      634.00      255.00        0.00
     0     1      638.00      259.00        0.00
     0     1      642.00      263.00        0.00
     0     1      646.00      269.00        0.00
     0     1      650.00      273.00        0.00
     0     1      654.00      277.00        0.00
     0     1      656.00      283.00        0.00
     0     1      660.00      289.00        0.00
     0     1      660.00      295.00        0.00
     0     1      662.00      303.00        0.00
     0     1      664.00      311.00        0.00
     0     1      664.00      317.00        0.00
     0     1      666.00      325.00        0.00
     0     1      666.00      333.00        0.00
     0     1      666.00      339.00        0.00
     0     1      662.00      345.00        0.00
     0     1      660.00      351.00        0.00
     0     1      656.00      357.00        0.00
     0     1      652.00      361.00        0.00
     0     1      648.00      367.00        0.00
     0     1      644.00      373.00        0.00
     0     1      638.00      377.00        0.00
     0     1      630.00      379.00        0.00
     0     1      624.00      383.00        0.00
     0     1      618.00      387.00        0.00
     0     1      612.00      389.00        0.00
     0     1      608.00      393.00        0.00
     0     1      604.00      397.00        0.00
     0     1      600.00      401.00        0.00
     0     1      594.00      401.00        0.00
     0     1      588.00      405.00        0.00
     0     1      582.00      407.00        0.00
     0     1      576.00      409.00        0.00
     0     1      568.00      411.00        0.00
     0     1      562.00      411.00        0.00
     0     1      556.00      411.00        0.00
     0     1      550.00      411.00        0.00
     0     1      544.00      409.00        0.00
     0     1      538.00      405.00        0.00
     0     1      534.00      401.00        0.00
     0     1      530.00      395.00        0.00
     0     1      528.00      389.00        0.00
     0     1      526.00      383.00        0.00
     0     1      524.00      377.00        0.00
     0     1      520.00      373.00        0.00
     0     1      516.00      369.00        0.00
     0     1      510.00      367.00        0.00
     0     1      504.00      367.00        0.00
     0     1      498.00      367.00        0.00
     0     1      492.00      367.00        0.00
     0     1      486.00      369.00        0.00
     0     1      482.00      373.00        0.00
     0     1      478.00      377.00        0.00
     0     1      476.00      383.00        0.00
     0     1      470.00      385.00        0.00
     0     1      464.00      383.00        0.00
     0     1      460.00      377.00        0.00
     0     1      460.00      371.00        0.00
     0     1      458.00      363.00        0.00
     0     1      454.00      357.00        0.00
     0     1      452.00      351.00        0.00
     0     1      450.00      345.00        0.00
     0     1      446.00      339.00        0.00
     0     1      444.00      333.00        0.00
     0     1      444.00      327.00        0.00
     0     1      442.00      321.00        0.00
     0     1      440.00      313.00        0.00
     0     1      440.00      305.00        0.00
     0     1      440.00      297.00        0.00
     0     1      440.00      291.00        0.00
     0     1      440.00      285.00        0.00
     0     1      442.00      279.00        0.00
     0     1      444.00      273.00        0.00
     0     1      444.00      267.00        0.00
     0     1      446.00      261.00        0.00
     0     1      446.00      255.00        0.00
     0     1      446.00      249.00        0.00
     0     1      448.00      243.00        0.00
     0     1      448.00      237.00        0.00
     0     1      450.00      231.00        0.00
     0     1      452.00      225.00        0.00
     0     1      452.00      219.00        0.00
     0     1      452.00      213.00        0.00
     0     1      450.00      205.00        0.00
     0     1      450.00      199.00        0.00
     0     1      448.00      193.00        0.00
     0     1      448.00      187.00        0.00
     0     1      448.00      179.00        0.00
     0     1      448.00      173.00        0.00
     0     1      450.00      167.00        0.00
     0     1      452.00      161.00        0.00
     0     1      456.00      155.00        0.00
     0     1      460.00      149.00        0.00
     0     1      464.00      143.00        0.00
     0     1      468.00      139.00        0.00
     0     1      472.00      135.00        0.00
     0     2      678.00      373.00        0.00
     0     2      684.00      375.00        0.00
     0     2      690.00      375.00        0.00
     0     2      696.00      375.00        0.00
     0     2      704.00      375.00        0.00
     0     2      710.00      375.00        0.00
     0     2      716.00      375.00        0.00
     0     2      722.00      375.00        0.00
     0     2      728.00      375.00        0.00
     0     2      734.00      373.00        0.00
     0     2      740.00      371.00        0.00
     0     2      746.00      371.00        0.00
     0     2      752.00      369.00        0.00
     0     2      758.00      365.00        0.00
     0     2      764.00      361.00        0.00
     0     2      770.00      361.00        0.00
     0     2      778.00      359.00        0.00
     0     2      784.00      357.00        0.00
     0     2      792.00      357.00        0.00
     0     2      798.00      357.00        0.00
     0     2      804.00      357.00        0.00
     0     2      810.00      357.00        0.00
     0     2      816.00      359.00        0.00
     0     2      822.00      359.00        0.00
     0     2      830.00      359.00        0.00
     0     2      838.00      361.00        0.00
     0     2      844.00      361.00        0.00
     0     2      850.00      361.00        0.00
     0     2      856.00      361.00        0.00
     0     2      862.00      361.00        0.00
     0     2      868.00      361.00        0.00
     0     2      874.00      359.00        0.00
     0     2      880.00      357.00        0.00
     0     2      886.00      357.00        0.00
     0     2      892.00      357.00        0.00
     0     2      898.00      357.00        0.00
     0     2      904.00      359.00        0.00
     0     2      908.00      363.00        0.00
     0     2      914.00      367.00        0.00
     0     2      918.00      371.00        0.00
     0     2      922.00      375.00        0.00
     0     2      926.00      379.00        0.00
     0     2      930.00      383.00        0.00
     0     2      932.00      389.00        0.00
     0     2      934.00      395.00        0.00
     0     2      936.00      401.00        0.00
     0     2      938.00      407.00        0.00
     0     2      940.00      417.00        0.00
     0     2      944.00      421.00        0.00
     0     2      946.00      427.00        0.00
     0     2      948.00      433.00        0.00
     0     2      952.00      437.00        0.00
     0     2      954.00      443.00        0.00
     0     2      958.00      449.00        0.00
     0     2      960.00      455.00        0.00
     0     2      964.00      461.00        0.00
     0     2      966.00      467.00        0.00
     0     2      970.00      473.00        0.00
     0     2      972.00      479.00        0.00
     0     2      962.00      479.00        0.00
     0     2      956.00      479.00        0.00
     0     2      950.00      479.00        0.00
     0     2      942.00      481.00        0.00
     0     2      938.00      485.00        0.00
     0     2      934.00      489.00        0.00
     0     2      930.00      493.00        0.00
     0     2      926.00      497.00        0.00
     0     2      924.00      505.00        0.00
     0     2      920.00      513.00        0.00
     0     2      920.00      521.00        0.00
     0     2      918.00      527.00        0.00
     0     2      916.00      533.00        0.00
     0     2      910.00      541.00        0.00
     0     2      906.00      547.00        0.00
     0     2      902.00      555.00        0.00
     0     2      896.00      565.00        0.00
     0     2      894.00      573.00        0.00
     0     2      890.00      579.00        0.00
     0     2      886.00      585.00        0.00
     0     2      882.00      589.00        0.00
     0     2      878.00      593.00        0.00
     0     2      870.00      593.00        0.00
     0     2      862.00      593.00        0.00
     0     2      856.00      593.00        0.00
     0     2      850.00      593.00        0.00
     0     2      844.00      589.00        0.00
     0     2      838.00      587.00        0.00
     0     2      832.00      585.00        0.00
     0     2      826.00      581.00        0.00
     0     2      818.00      577.00        0.00
     0     2      812.00      573.00        0.00
     0     2      806.00      569.00        0.00
     0     2      798.00      563.00        0.00
     0     2      790.00      557.00        0.00
     0     2      784.00      551.00        0.00
     0     2      780.00      545.00        0.00
     0     2      776.00      541.00        0.00
     0     2      772.00      535.00        0.00
     0     2      768.00      529.00        0.00
     0     2      764.00      521.00        0.00
     0     2      760.00      517.00        0.00
     0     2      754.00      515.00        0.00
     0     2      748.00      515.00        0.00
     0     2      742.00      517.00        0.00
     0     2      736.00      521.00        0.00
     0     2      732.00      527.00        0.00
     0     2      726.00      529.00        0.00
     0     2      718.00      531.00        0.00
     0     2      712.00      531.00        0.00
     0     2      706.00      531.00        0.00
     0     2      698.00      527.00        0.00
     0     2      694.00      523.00        0.00
     0     2      688.00      517.00        0.00
     0     2      682.00      511.00        0.00
     0     2      676.00      503.00        0.00
     0     2      672.00      497.00        0.00
     0     2      668.00      493.00        0.00
     0     2      662.00      487.00        0.00
     0     2      660.00      481.00        0.00
     0     2      656.00      475.00        0.00
     0     2      656.00      467.00        0.00
     0     2      654.00      461.00        0.00
     0     2      654.00      455.00        0.00
     0     2      654.00      449.00        0.00
     0     2      654.00      441.00        0.00
     0     2      656.00      433.00        0.00
     0     2      658.00      427.00        0.00
     0     2      658.00      421.00        0.00
     0     2      658.00      415.00        0.00
     0     2      658.00      409.00        0.00
     0     2      660.00      403.00        0.00
     0     3     1128.00      633.00        0.00
     0     3     1128.00      647.00        0.00
     0     3     1128.00      653.00        0.00
     0     3     1124.00      657.00        0.00
     0     3     1118.00      659.00        0.00
     0     3     1110.00      661.00        0.00
     0     3     1106.00      665.00        0.00
     0     3     1104.00      671.00        0.00
     0     3     1098.00      671.00        0.00
     0     3     1092.00      669.00        0.00
     0     3     1086.00      665.00        0.00
     0     3     1082.00      661.00        0.00
     0     3     1078.00      657.00        0.00
     0     3     1072.00      653.00        0.00
     0     3     1070.00      647.00        0.00
     0     3     1066.00      643.00        0.00
     0     3     1062.00      637.00        0.00
     0     3     1058.00      633.00        0.00
     0     3     1054.00      627.00        0.00
     0     3     1050.00      621.00        0.00
     0     3     1046.00      615.00        0.00
     0     3     1042.00      609.00        0.00
     0     3     1038.00      603.00        0.00
     0     3     1036.00      597.00        0.00
     0     3     1032.00      593.00        0.00
     0     3     1028.00      585.00        0.00
     0     3     1026.00      577.00        0.00
     0     3     1022.00      571.00        0.00
     0     3     1020.00      565.00        0.00
     0     3     1016.00      561.00        0.00
     0     3     1014.00      555.00        0.00
     0     3     1010.00      549.00        0.00
     0     3     1008.00      543.00        0.00
     0     3     1004.00      539.00        0.00
     0     3     1002.00      533.00        0.00
     0     3     1000.00      527.00        0.00
     0     3      996.00      519.00        0.00
     0     3      992.00      513.00        0.00
     0     3      990.00      507.00        0.00
     0     3      988.00      501.00        0.00
     0     3      984.00      495.00        0.00
     0     3      980.00      489.00        0.00
     0     3      978.00      483.00        0.00
     0     3      974.00      479.00        0.00
     0     3      972.00      473.00        0.00
     0     3      970.00      467.00        0.00
     0     3      966.00      461.00        0.00
     0     3      962.00      457.00        0.00
     0     3      958.00      451.00        0.00
     0     3      954.00      445.00        0.00
     0     3      952.00      439.00        0.00
     0     3      950.00      433.00        0.00
     0     3      948.00      425.00        0.00
     0     3      944.00      417.00        0.00
     0     3      942.00      409.00        0.00
     0     3      942.00      403.00        0.00
     0     3      942.00      397.00        0.00
     0     3      942.00      389.00        0.00
     0     3      942.00      381.00        0.00
     0     3      942.00      375.00        0.00
     0     3      942.00      369.00        0.00
     0     3      942.00      361.00        0.00
     0     3      942.00      355.00        0.00
     0     3      944.00      349.00        0.00
     0     3      948.00      341.00        0.00
     0     3      952.00      335.00        0.00
     0     3      954.00      327.00        0.00
     0     3      956.00      317.00        0.00
     0     3      960.00      307.00        0.00
     0     3      964.00      295.00        0.00
     0     3      970.00      287.00        0.00
     0     3      976.00      279.00        0.00
     0     3      980.00      273.00        0.00
     0     3      988.00      267.00        0.00
     0     3      992.00      263.00        0.00
     0     3      998.00      259.00        0.00
     0     3     1004.00      257.00        0.00
     0     3     1010.00      253.00        0.00
     0     3     1018.00      251.00        0.00
     0     3     1024.00      247.00        0.00
     0     3     1030.00      245.00        0.00
     0     3     1036.00      243.00        0.00
     0     3     1044.00      241.00        0.00
     0     3     1050.00      239.00        0.00
     0     3     1056.00      235.00        0.00
     0     3     1062.00      231.00        0.00
     0     3     1068.00      229.00        0.00
     0     3     1074.00      227.00        0.00
     0     3     1080.00      225.00        0.00
     0     3     1086.00      223.00        0.00
     0     3     1090.00      219.00        0.00
     0     3     1096.00      217.00        0.00
     0     3     1102.00      215.00        0.00
     0     3     1108.00      213.00        0.00
     0     3     1114.00      213.00        0.00
     0     3     1120.00      213.00        0.00
     0     3     1126.00      213.00        0.00
     0     3     1132.00      213.00        0.00
     0     3     1138.00      213.00        0.00
     0     3     1144.00      215.00        0.00
     0     3     1150.00      217.00        0.00
     0     3     1156.00      219.00        0.00
     0     3     1162.00      221.00        0.00
     0     3     1168.00      223.00        0.00
     0     3     1172.00      227.00        0.00
     0     3     1178.00      229.00        0.00
     0     3     1184.00      233.00        0.00
     0     3     1188.00      237.00        0.00
     0     3     1194.00      241.00        0.00
     0     3     1198.00      245.00        0.00
     0     3     1202.00      249.00        0.00
     0     3     1206.00      255.00        0.00
     0     3     1212.00      259.00        0.00
     0     3     1216.00      265.00        0.00
     0     3     1220.00      269.00        0.00
     0     3     1224.00      275.00        0.00
     0     3     1228.00      281.00        0.00
     0     3     1230.00      287.00        0.00
     0     3     1232.00      293.00        0.00
     0     3     1232.00      299.00        0.00
     0     3     1232.00      305.00        0.00
     0     3     1234.00      311.00        0.00
     0     3     1234.00      317.00        0.00
     0     3     1234.00      323.00        0.00
     0     3     1232.00      329.00        0.00
     0     3     1228.00      333.00        0.00
     0     3     1228.00      339.00        0.00
     0     3     1226.00      345.00        0.00
     0     3     1226.00      353.00        0.00
     0     3     1224.00      359.00        0.00
     0     3     1222.00      369.00        0.00
     0     3     1220.00      375.00        0.00
     0     3     1220.00      383.00        0.00
     0     3     1218.00      391.00        0.00
     0     3     1216.00      397.00        0.00
     0     3     1214.00      403.00        0.00
     0     3     1210.00      407.00        0.00
     0     3     1208.00      413.00        0.00
     0     3     1204.00      419.00        0.00
     0     3     1200.00      427.00        0.00
     0     3     1196.00      435.00        0.00
     0     3     1192.00      443.00        0.00
     0     3     1190.00      449.00        0.00
     0     3     1188.00      457.00        0.00
     0     3     1184.00      465.00        0.00
     0     3     1182.00      471.00        0.00
     0     3     1180.00      479.00        0.00
     0     3     1178.00      485.00        0.00
     0     3     1176.00      491.00        0.00
     0     3     1174.00      497.00        0.00
     0     3     1172.00      505.00        0.00
     0     3     1168.00      513.00        0.00
     0     3     1164.00      519.00        0.00
     0     3     1162.00      529.00        0.00
     0     3     1160.00      537.00        0.00
     0     3     1158.00      543.00        0.00
     0     3     1154.00      551.00        0.00
     0     3     1152.00      557.00        0.00
     0     3     1148.00      561.00        0.00
     0     3     1146.00      567.00        0.00
     0     3     1144.00      573.00        0.00
     0     3     1142.00      579.00        0.00
     0     3     1142.00      587.00        0.00
     0     3     1142.00      593.00        0.00
     0     3     1144.00      599.00        0.00
     0     4     1360.00      533.00        0.00
     0     4     1340.00      541.00        0.00
     0     4     1334.00      545.00        0.00
     0     4     1322.00      545.00        0.00
     0     4     1314.00      545.00        0.00
     0     4     1308.00      543.00        0.00
     0     4     1300.00      539.00        0.00
     0     4     1294.00      537.00        0.00
     0     4     1288.00      533.00        0.00
     0     4     1282.00      529.00        0.00
     0     4     1276.00      527.00        0.00
     0     4     1272.00      523.00        0.00
     0     4     1264.00      523.00        0.00
     0     4     1258.00      523.00        0.00
     0     4     1252.00      523.00        0.00
     0     4     1244.00      523.00        0.00
     0     4     1236.00      523.00        0.00
     0     4     1230.00      527.00        0.00
     0     4     1224.00      531.00        0.00
     0     4     1218.00      533.00        0.00
     0     4     1214.00      537.00        0.00
     0     4     1208.00      539.00        0.00
     0     4     1204.00      543.00        0.00
     0     4     1196.00      543.00        0.00
     0     4     1188.00      545.00        0.00
     0     4     1182.00      549.00        0.00
     0     4     1174.00      553.00        0.00
     0     4     1168.00      557.00        0.00
     0     4     1164.00      561.00        0.00
     0     4     1160.00      565.00        0.00
     0     4     1156.00      569.00        0.00
     0     4     1150.00      571.00        0.00
     0     4     1148.00      565.00        0.00
     0     4     1150.00      559.00        0.00
     0     4     1152.00      551.00        0.00
     0     4     1154.00      545.00        0.00
     0     4     1158.00      537.00        0.00
     0     4     1158.00      529.00        0.00
     0     4     1160.00      521.00        0.00
     0     4     1162.00      515.00        0.00
     0     4     1164.00      509.00        0.00
     0     4     1166.00      501.00        0.00
     0     4     1168.00      493.00        0.00
     0     4     1172.00      485.00        0.00
     0     4     1174.00      479.00        0.00
     0     4     1178.00      473.00        0.00
     0     4     1182.00      467.00        0.00
     0     4     1184.00      459.00        0.00
     0     4     1186.00      453.00        0.00
     0     4     1192.00      445.00        0.00
     0     4     1194.00      439.00        0.00
     0     4     1196.00      433.00        0.00
     0     4     1200.00      427.00        0.00
     0     4     1204.00      419.00        0.00
     0     4     1208.00      413.00        0.00
     0     4     1210.00      407.00        0.00
     0     4     1216.00      399.00        0.00
     0     4     1220.00      393.00        0.00
     0     4     1224.00      387.00        0.00
     0     4     1226.00      381.00        0.00
     0     4     1228.00      375.00        0.00
     0     4     1232.00      365.00        0.00
     0     4     1234.00      359.00        0.00
     0     4     1234.00      349.00        0.00
     0     4     1236.00      341.00        0.00
     0     4     1236.00      331.00        0.00
     0     4     1236.00      325.00        0.00
     0     4     1238.00      319.00        0.00
     0     4     1238.00      311.00        0.00
     0     4     1236.00      303.00        0.00
     0     4     1236.00      297.00        0.00
     0     4     1232.00      289.00        0.00
     0     4     1228.00      285.00        0.00
     0     4     1224.00      281.00        0.00
     0     4     1220.00      277.00        0.00
     0     4     1216.00      273.00        0.00
     0     4     1210.00      267.00        0.00
     0     4     1204.00      261.00        0.00
     0     4     1200.00      257.00        0.00
     0     4     1196.00      253.00        0.00
     0     4     1192.00      249.00        0.00
     0     4     1188.00      245.00        0.00
     0     4     1184.00      237.00        0.00
     0     4     1180.00      231.00        0.00
     0     4     1180.00      225.00        0.00
     0     4     1180.00      219.00        0.00
     0     4     1180.00      213.00        0.00
     0     4     1184.00      207.00        0.00
     0     4     1186.00      201.00        0.00
     0     4     1188.00      195.00        0.00
     0     4     1192.00      189.00        0.00
     0     4     1196.00      183.00        0.00
     0     4     1200.00      177.00        0.00
     0     4     1206.00      169.00        0.00
     0     4     1212.00      161.00        0.00
     0     4     1218.00      157.00        0.00
     0     4     1224.00      153.00        0.00
     0     4     1230.00      149.00        0.00
     0     4     1240.00      145.00        0.00
     0     4     1246.00      141.00        0.00
     0     4     1252.00      137.00        0.00
     0     4     1258.00      135.00        0.00
     0     4     1262.00      131.00        0.00
     0     4     1268.00      127.00        0.00
     0     4     1274.00      125.00        0.00
     0     4     1278.00      121.00        0.00
     0     4     1284.00      117.00        0.00
     0     4     1290.00      115.00        0.00
     0     4     1296.00      115.00        0.00
     0     4     1304.00      117.00        0.00
     0     4     1310.00      119.00        0.00
     0     4     1316.00      121.00        0.00
     0     4     1324.00      123.00        0.00
     0     4     1330.00      125.00        0.00
     0     4     1336.00      129.00        0.00
     0     4     1340.00      133.00        0.00
     0     4     1346.00      137.00        0.00
     0     4     1352.00      141.00        0.00
     0     4     1356.00      145.00        0.00
     0     4     1364.00      151.00        0.00
     0     4     1368.00      157.00        0.00
     0     4     1372.00      163.00        0.00
     0     4     1378.00      169.00        0.00
     0     4     1382.00      173.00        0.00
     0     4     1386.00      181.00        0.00
     0     4     1392.00      189.00        0.00
     0     4     1396.00      195.00        0.00
     0     4     1400.00      201.00        0.00
     0     4     1404.00      205.00        0.00
     0     4     1410.00      211.00        0.00
     0     4     1416.00      219.00        0.00
     0     4     1422.00      223.00        0.00
     0     4     1428.00      229.00        0.00
     0     4     1434.00      237.00        0.00
     0     4     1438.00      241.00        0.00
     0     4     1444.00      247.00        0.00
     0     4     1450.00      255.00        0.00
     0     4     1454.00      261.00        0.00
     0     4     1458.00      265.00        0.00
     0     4     1460.00      271.00        0.00
     0     4     1464.00      277.00        0.00
     0     4     1466.00      283.00        0.00
     0     4     1466.00      289.00        0.00
     0     4     1466.00      295.00        0.00
     0     4     1464.00      301.00        0.00
     0     4     1460.00      307.00        0.00
     0     4     1456.00      313.00        0.00
     0     4     1454.00      321.00        0.00
     0     4     1450.00      327.00        0.00
     0     4     1448.00      333.00        0.00
     0     4     1444.00      337.00        0.00
     0     4     1440.00      343.00        0.00
     0     4     1438.00      351.00        0.00
     0     4     1436.00      357.00        0.00
     0     4     1432.00      363.00        0.00
     0     4     1430.00      369.00        0.00
     0     4     1426.00      373.00        0.00
     0     4     1422.00      377.00        0.00
     0     4     1414.00      381.00        0.00
     0     4     1408.00      385.00        0.00
     0     4     1404.00      389.00        0.00
     0     4     1402.00      395.00        0.00
     0     4     1400.00      401.00        0.00
     0     4     1400.00      407.00        0.00
     0     4     1402.00      413.00        0.00
     0     4     1406.00      419.00        0.00
     0     4     1410.00      423.00        0.00
     0     4     1410.00      429.00        0.00
     0     4     1412.00      435.00        0.00
     0     4     1412.00      441.00        0.00
     0     4     1412.00      447.00        0.00
     0     4     1412.00      453.00        0.00
     0     4     1412.00      459.00        0.00
     0     4     1410.00      465.00        0.00
     0     4     1408.00      471.00        0.00
     0     4     1408.00      477.00        0.00
     0     5     1236.00      541.00        0.00
     0     5     1244.00      549.00        0.00
     0     5     1250.00      555.00        0.00
     0     5     1254.00      559.00        0.00
     0     5     1260.00      567.00        0.00
     0     5     1262.00      575.00        0.00
     0     5     1264.00      581.00        0.00
     0     5     1266.00      587.00        0.00
     0     5     1266.00      593.00        0.00
     0     5     1268.00      599.00        0.00
     0     5     1268.00      605.00        0.00
     0     5     1268.00      611.00        0.00
     0     5     1270.00      617.00        0.00
     0     5     1272.00      623.00        0.00
     0     5     1272.00      629.00        0.00
     0     5     1272.00      637.00        0.00
     0     5     1274.00      645.00        0.00
     0     5     1274.00      653.00        0.00
     0     5     1274.00      661.00        0.00
     0     5     1274.00      667.00        0.00
     0     5     1274.00      675.00        0.00
     0     5     1274.00      681.00        0.00
     0     5     1274.00      687.00        0.00
     0     5     1274.00      697.00        0.00
     0     5     1274.00      705.00        0.00
     0     5     1274.00      713.00        0.00
     0     5     1274.00      719.00        0.00
     0     5     1274.00      729.00        0.00
     0     5     1272.00      735.00        0.00
     0     5     1272.00      743.00        0.00
     0     5     1272.00      749.00        0.00
     0     5     1272.00      755.00        0.00
     0     5     1272.00      761.00        0.00
     0     5     1272.00      767.00        0.00
     0     5     1272.00      773.00        0.00
     0     5     1272.00      779.00        0.00
     0     5     1272.00      785.00        0.00
     0     5     1272.00      791.00        0.00
     0     5     1272.00      797.00        0.00
     0     5     1274.00      803.00        0.00
     0     5     1276.00      809.00        0.00
     0     5     1276.00      817.00        0.00
     0     5     1278.00      823.00        0.00
     0     5     1280.00      831.00        0.00
     0     5     1280.00      837.00        0.00
     0     5     1282.00      843.00        0.00
     0     5     1282.00      849.00        0.00
     0     5     1284.00      855.00        0.00
     0     5     1286.00      861.00        0.00
     0     5     1288.00      869.00        0.00
     0     5     1292.00      875.00        0.00
     0     5     1294.00      881.00        0.00
     0     5     1296.00      887.00        0.00
     0     5     1300.00      895.00        0.00
     0     5     1304.00      903.00        0.00
     0     5     1308.00      911.00        0.00
     0     5     1310.00      919.00        0.00
     0     5     1312.00      925.00        0.00
     0     5     1316.00      929.00        0.00
     0     5     1316.00      935.00        0.00
     0     5     1318.00      941.00        0.00
     0     5     1318.00      947.00        0.00
     0     5     1320.00      957.00        0.00
     0     5     1320.00      963.00        0.00
     0     5     1320.00      969.00        0.00
     0     5     1318.00      975.00        0.00
     0     5     1316.00      981.00        0.00
     0     5     1316.00      987.00        0.00
     0     5     1316.00      995.00        0.00
     0     5     1314.00     1001.00        0.00
     0     5     1314.00     1007.00        0.00
     0     5     1314.00     1013.00        0.00
     0     5     1314.00     1019.00        0.00
     0     5     1314.00     1025.00        0.00
     0     5     1314.00     1031.00        0.00
     0     5     1314.00     1037.00        0.00
     0     5     1316.00     1043.00        0.00
     0     5     1320.00     1051.00        0.00
     0     5     1320.00     1057.00        0.00
     0     5     1322.00     1063.00        0.00
     0     5     1322.00     1071.00        0.00
     0     5     1322.00     1079.00        0.00
     0     5     1324.00     1085.00        0.00
     0     5     1326.00     1091.00        0.00
     0     5     1328.00     1097.00        0.00
     0     5     1328.00     1103.00        0.00
     0     5     1326.00     1111.00        0.00
     0     5     1322.00     1117.00        0.00
     0     5     1316.00     1123.00        0.00
     0     5     1308.00     1129.00        0.00
     0     5     1302.00     1133.00        0.00
     0     5     1298.00     1137.00        0.00
     0     5     1294.00     1141.00        0.00
     0     5     1290.00     1145.00        0.00
     0     5     1286.00     1149.00        0.00
     0     5     1280.00     1153.00        0.00
     0     5     1276.00     1157.00        0.00
     0     5     1272.00     1161.00        0.00
     0     5     1268.00     1165.00        0.00
     0     5     1264.00     1169.00        0.00
     0     5     1260.00     1173.00        0.00
     0     5     1256.00     1177.00        0.00
     0     5     1252.00     1181.00        0.00
     0     5     1244.00     1177.00        0.00
     0     5     1240.00     1169.00        0.00
     0     5     1238.00     1163.00        0.00
     0     5     1236.00     1157.00        0.00
     0     5     1236.00     1151.00        0.00
     0     5     1236.00     1145.00        0.00
     0     5     1236.00     1139.00        0.00
     0     5     1234.00     1133.00        0.00
     0     5     1232.00     1125.00        0.00
     0     5     1232.00     1119.00        0.00
     0     5     1232.00     1113.00        0.00
     0     5     1232.00     1107.00        0.00
     0     5     1232.00     1097.00        0.00
     0     5     1232.00     1091.00        0.00
     0     5     1232.00     1083.00        0.00
     0     5     1232.00     1077.00        0.00
     0     5     1232.00     1069.00        0.00
     0     5     1232.00     1059.00        0.00
     0     5     1232.00     1053.00        0.00
     0     5     1232.00     1045.00        0.00
     0     5     1234.00     1039.00        0.00
     0     5     1234.00     1033.00        0.00
     0     5     1234.00     1027.00        0.00
     0     5     1234.00     1021.00        0.00
     0     5     1234.00     1015.00        0.00
     0     5     1236.00     1009.00        0.00
     0     5     1236.00     1001.00        0.00
     0     5     1238.00      995.00        0.00
     0     5     1238.00      987.00        0.00
     0     5     1238.00      981.00        0.00
     0     5     1238.00      973.00        0.00
     0     5     1238.00      967.00        0.00
     0     5     1238.00      961.00        0.00
     0     5     1238.00      955.00        0.00
     0     5     1238.00      949.00        0.00
     0     5     1238.00      943.00        0.00
     0     5     1236.00      937.00        0.00
     0     5     1236.00      929.00        0.00
     0     5     1236.00      921.00        0.00
     0     5     1236.00      915.00        0.00
     0     5     1236.00      907.00        0.00
     0     5     1236.00      899.00        0.00
     0     5     1236.00      893.00        0.00
     0     5     1236.00      885.00        0.00
     0     5     1238.00      877.00        0.00
     0     5     1238.00      871.00        0.00
     0     5     1238.00      863.00        0.00
     0     5     1240.00      855.00        0.00
     0     5     1240.00      849.00        0.00
     0     5     1240.00      841.00        0.00
     0     5     1240.00      833.00        0.00
     0     5     1240.00      827.00        0.00
     0     5     1240.00      821.00        0.00
     0     5     1240.00      815.00        0.00
     0     5     1240.00      809.00        0.00
     0     5     1242.00      801.00        0.00
     0     5     1242.00      793.00        0.00
     0     5     1242.00      787.00        0.00
     0     5     1242.00      781.00        0.00
     0     5     1240.00      773.00        0.00
     0     5     1240.00      767.00        0.00
     0     5     1238.00      757.00        0.00
     0     5     1240.00      743.00        0.00
     0     5     1240.00      737.00        0.00
     0     5     1240.00      731.00        0.00
     0     5     1238.00      723.00        0.00
     0     5     1236.00      717.00        0.00
     0     5     1236.00      707.00        0.00
     0     5     1234.00      701.00        0.00
     0     5     1234.00      691.00        0.00
     0     5     1232.00      685.00        0.00
     0     5     1232.00      675.00        0.00
     0     5     1232.00      665.00        0.00
     0     5     1232.00      655.00        0.00
     0     5     1232.00      649.00        0.00
     0     5     1232.00      643.00        0.00
     0     5     1230.00      635.00        0.00
     0     5     1226.00      627.00        0.00
     0     5     1224.00      621.00        0.00
     0     5     1220.00      613.00        0.00
     0     5     1218.00      607.00        0.00
     0     5     1214.00      601.00        0.00
     0     5     1212.00      595.00        0.00
     0     5     1212.00      587.00        0.00
     0     5     1212.00      581.00        0.00
     0     6     1434.00     1035.00        0.00
     0     6     1444.00     1039.00        0.00
     0     6     1450.00     1043.00        0.00
     0     6     1454.00     1049.00        0.00
     0     6     1460.00     1055.00        0.00
     0     6     1464.00     1059.00        0.00
     0     6     1468.00     1063.00        0.00
     0     6     1470.00     1069.00        0.00
     0     6     1472.00     1075.00        0.00
     0     6     1476.00     1081.00        0.00
     0     6     1476.00     1087.00        0.00
     0     6     1476.00     1093.00        0.00
     0     6     1478.00     1101.00        0.00
     0     6     1478.00     1107.00        0.00
     0     6     1478.00     1115.00        0.00
     0     6     1476.00     1121.00        0.00
     0     6     1474.00     1127.00        0.00
     0     6     1472.00     1135.00        0.00
     0     6     1470.00     1143.00        0.00
     0     6     1466.00     1151.00        0.00
     0     6     1466.00     1157.00        0.00
     0     6     1464.00     1163.00        0.00
     0     6     1464.00     1169.00        0.00
     0     6     1464.00     1175.00        0.00
     0     6     1464.00     1181.00        0.00
     0     6     1464.00     1191.00        0.00
     0     6     1464.00     1197.00        0.00
     0     6     1462.00     1205.00        0.00
     0     6     1460.00     1211.00        0.00
     0     6     1460.00     1217.00        0.00
     0     6     1456.00     1221.00        0.00
     0     6     1454.00     1227.00        0.00
     0     6     1448.00     1233.00        0.00
     0     6     1444.00     1239.00        0.00
     0     6     1440.00     1243.00        0.00
     0     6     1436.00     1249.00        0.00
     0     6     1432.00     1253.00        0.00
     0     6     1428.00     1257.00        0.00
     0     6     1424.00     1263.00        0.00
     0     6     1422.00     1269.00        0.00
     0     6     1418.00     1275.00        0.00
     0     6     1416.00     1281.00        0.00
     0     6     1410.00     1285.00        0.00
     0     6     1404.00     1293.00        0.00
     0     6     1400.00     1299.00        0.00
     0     6     1396.00     1305.00        0.00
     0     6     1392.00     1309.00        0.00
     0     6     1388.00     1315.00        0.00
     0     6     1384.00     1321.00        0.00
     0     6     1380.00     1327.00        0.00
     0     6     1378.00     1333.00        0.00
     0     6     1374.00     1339.00        0.00
     0     6     1372.00     1345.00        0.00
     0     6     1370.00     1351.00        0.00
     0     6     1370.00     1357.00        0.00
     0     6     1368.00     1363.00        0.00
     0     6     1366.00     1371.00        0.00
     0     6     1362.00     1375.00        0.00
     0     6     1358.00     1381.00        0.00
     0     6     1354.00     1377.00        0.00
     0     6     1352.00     1369.00        0.00
     0     6     1350.00     1361.00        0.00
     0     6     1348.00     1355.00        0.00
     0     6     1348.00     1347.00        0.00
     0     6     1346.00     1339.00        0.00
     0     6     1344.00     1333.00        0.00
     0     6     1344.00     1327.00        0.00
     0     6     1344.00     1321.00        0.00
     0     6     1340.00     1313.00        0.00
     0     6     1336.00     1307.00        0.00
     0     6     1332.00     1303.00        0.00
     0     6     1326.00     1299.00        0.00
     0     6     1322.00     1295.00        0.00
     0     6     1316.00     1291.00        0.00
     0     6     1312.00     1287.00        0.00
     0     6     1306.00     1285.00        0.00
     0     6     1304.00     1277.00        0.00
     0     6     1300.00     1269.00        0.00
     0     6     1298.00     1263.00        0.00
     0     6     1298.00     1255.00        0.00
     0     6     1298.00     1247.00        0.00
     0     6     1298.00     1239.00        0.00
     0     6     1298.00     1229.00        0.00
     0     6     1298.00     1219.00        0.00
     0     6     1298.00     1211.00        0.00
     0     6     1302.00     1205.00        0.00
     0     6     1306.00     1199.00        0.00
     0     6     1310.00     1193.00        0.00
     0     6     1314.00     1187.00        0.00
     0     6     1320.00     1179.00        0.00
     0     6     1326.00     1173.00        0.00
     0     6     1330.00     1169.00        0.00
     0     6     1334.00     1163.00        0.00
     0     6     1338.00     1157.00        0.00
     0     6     1342.00     1151.00        0.00
     0     6     1342.00     1145.00        0.00
     0     6     1344.00     1139.00        0.00
     0     6     1348.00     1133.00        0.00
     0     6     1348.00     1127.00        0.00
     0     6     1350.00     1121.00        0.00
     0     6     1352.00     1115.00        0.00
     0     6     1354.00     1109.00        0.00
     0     6     1356.00     1103.00        0.00
     0     6     1358.00     1097.00        0.00
     0     6     1360.00     1091.00        0.00
     0     6     1364.00     1087.00        0.00
     0     6     1366.00     1081.00        0.00
     0     6     1368.00     1075.00        0.00
     0     6     1372.00     1071.00        0.00
     0     6     1376.00     1065.00        0.00
     0     6     1378.00     1059.00        0.00
     0     6     1382.00     1055.00        0.00
     0     6     1384.00     1049.00        0.00
     0     6     1390.00     1045.00        0.00
     0     6     1394.00     1039.00        0.00
     0     6     1400.00     1033.00        0.00
