     0     0      564.00      859.00        0.00
     0     0      558.00      865.00        0.00
     0     0      552.00      867.00        0.00
     0     0      546.00      869.00        0.00
     0     0      540.00      871.00        0.00
     0     0      534.00      873.00        0.00
     0     0      526.00      875.00        0.00
     0     0      520.00      875.00        0.00
     0     0      514.00      879.00        0.00
     0     0      506.00      881.00        0.00
     0     0      500.00      883.00        0.00
     0     0      492.00      885.00        0.00
     0     0      486.00      887.00        0.00
     0     0      478.00      889.00        0.00
     0     0      470.00      891.00        0.00
     0     0      464.00      893.00        0.00
     0     0      456.00      895.00        0.00
     0     0      450.00      897.00        0.00
     0     0      442.00      899.00        0.00
     0     0      436.00      899.00        0.00
     0     0      428.00      901.00        0.00
     0     0      420.00      901.00        0.00
     0     0      412.00      901.00        0.00
     0     0      406.00      901.00        0.00
     0     0      400.00      901.00        0.00
     0     0      394.00      901.00        0.00
     0     0      388.00      899.00        0.00
     0     0      382.00      899.00        0.00
     0     0      378.00      895.00        0.00
     0     0      374.00      891.00        0.00
     0     0      370.00      885.00        0.00
     0     0      370.00      879.00        0.00
     0     0      366.00      873.00        0.00
     0     0      366.00      867.00        0.00
     0     0      364.00      857.00        0.00
     0     0      364.00      849.00        0.00
     0     0      364.00      841.00        0.00
     0     0      366.00      835.00        0.00
     0     0      368.00      827.00        0.00
     0     0      368.00      821.00        0.00
     0     0      370.00      815.00        0.00
     0     0      370.00      809.00        0.00
     0     0      372.00      801.00        0.00
     0     0      374.00      795.00        0.00
     0     0      376.00      789.00        0.00
     0     0      378.00      783.00        0.00
     0     0      378.00      777.00        0.00
     0     0      380.00      769.00        0.00
     0     0      382.00      763.00        0.00
     0     0      382.00      755.00        0.00
     0     0      386.00      749.00        0.00
     0     0      386.00      743.00        0.00
     0     0      388.00      737.00        0.00
     0     0      390.00      729.00        0.00
     0     0      392.00      721.00        0.00
     0     0      392.00      715.00        0.00
     0     0      394.00      709.00        0.00
     0     0      396.00      703.00        0.00
     0     0      398.00      697.00        0.00
     0     0      398.00      691.00        0.00
     0     0      400.00      685.00        0.00
     0     0      404.00      679.00        0.00
     0     0      406.00      673.00        0.00
     0     0      408.00      667.00        0.00
     0     0      412.00      661.00        0.00
     0     0      416.00      657.00        0.00
     0     0      420.00      653.00        0.00
     0     0      426.00      651.00        0.00
     0     0      434.00      647.00        0.00
     0     0      440.00      645.00        0.00
     0     0      446.00      641.00        0.00
     0     0      452.00      641.00        0.00
     0     0      460.00      639.00        0.00
     0     0      468.00      637.00        0.00
     0     0      474.00      637.00        0.00
     0     0      480.00      637.00        0.00
     0     0      486.00      637.00        0.00
     0     0      494.00      635.00        0.00
     0     0      500.00      635.00        0.00
     0     0      506.00      635.00        0.00
     0     0      512.00      633.00        0.00
     0     0      518.00      633.00        0.00
     0     0      524.00      631.00        0.00
     0     0      530.00      629.00        0.00
     0     0      536.00      629.00        0.00
     0     0      542.00      627.00        0.00
     0     0      548.00      627.00        0.00
     0     0      554.00      627.00        0.00
     0     0      562.00      627.00        0.00
     0     0      568.00      629.00        0.00
     0     0      574.00      631.00        0.00
     0     0      580.00      633.00        0.00
     0     0      586.00      633.00        0.00
     0     0      592.00      635.00        0.00
     0     0      598.00      637.00        0.00
     0     0      606.00      637.00        0.00
     0     0      612.00      641.00        0.00
     0     0      618.00      645.00        0.00
     0     0      622.00      649.00        0.00
     0     0      626.00      655.00        0.00
     0     0      628.00      661.00        0.00
     0     0      630.00      667.00        0.00
     0     0      630.00      673.00        0.00
     0     0      630.00      679.00        0.00
     0     0      630.00      687.00        0.00
     0     0      630.00      693.00        0.00
     0     0      630.00      699.00        0.00
     0     0      632.00      705.00        0.00
     0     0      634.00      713.00        0.00
     0     0      638.00      717.00        0.00
     0     0      640.00      725.00        0.00
     0     0      644.00      733.00        0.00
     0     0      648.00      739.00        0.00
     0     0      654.00      747.00        0.00
     0     0      658.00      753.00        0.00
     0     0      662.00      757.00        0.00
     0     0      664.00      763.00        0.00
     0     0      668.00      767.00        0.00
     0     0      672.00      773.00        0.00
     0     0      676.00      777.00        0.00
     0     0      682.00      785.00        0.00
     0     0      686.00      789.00        0.00
     0     0      690.00      793.00        0.00
     0     0      694.00      797.00        0.00
     0     0      700.00      801.00        0.00
     0     0      708.00      805.00        0.00
     0     0      716.00      807.00        0.00
     0     0      722.00      809.00        0.00
     0     0      730.00      813.00        0.00
     0     0      736.00      815.00        0.00
     0     0      730.00      817.00        0.00
     0     0      720.00      817.00        0.00
     0     0      714.00      815.00        0.00
     0     0      708.00      813.00        0.00
     0     0      702.00      813.00        0.00
     0     0      696.00      811.00        0.00
     0     0      690.00      811.00        0.00
     0     0      684.00      811.00        0.00
     0     0      676.00      811.00        0.00
     0     0      670.00      811.00        0.00
     0     0      664.00      813.00        0.00
     0     0      658.00      815.00        0.00
     0     0      652.00      817.00        0.00
     0     0      646.00      819.00        0.00
     0     0      640.00      819.00        0.00
     0     0      634.00      821.00        0.00
     0     0      630.00      825.00        0.00
     0     0      624.00      829.00        0.00
     0     0      620.00      833.00        0.00
     0     0      616.00      837.00        0.00
     0     0      612.00      841.00        0.00
     0     0      606.00      843.00        0.00
     0     1      778.00      649.00        0.00
     0     1      760.00      649.00        0.00
     0     1      752.00      647.00        0.00
     0     1      746.00      645.00        0.00
     0     1      740.00      645.00        0.00
     0     1      734.00      641.00        0.00
     0     1      726.00      639.00        0.00
     0     1      720.00      637.00        0.00
     0     1      714.00      635.00        0.00
     0     1      708.00      631.00        0.00
     0     1      702.00      627.00        0.00
     0     1      698.00      623.00        0.00
     0     1      692.00      619.00        0.00
     0     1      686.00      615.00        0.00
     0     1      682.00      611.00        0.00
     0     1      676.00      609.00        0.00
     0     1      672.00      605.00        0.00
     0     1      666.00      603.00        0.00
     0     1      662.00      599.00        0.00
     0     1      656.00      595.00        0.00
     0     1      650.00      591.00        0.00
     0     1      644.00      589.00        0.00
     0     1      638.00      585.00        0.00
     0     1      632.00      585.00        0.00
     0     1      626.00      583.00        0.00
     0     1      526.00      613.00        0.00
     0     1      512.00      615.00        0.00
     0     1      506.00      615.00        0.00
     0     1      500.00      615.00        0.00
     0     1      494.00      615.00        0.00
     0     1      488.00      619.00        0.00
     0     1      482.00      619.00        0.00
     0     1      474.00      623.00        0.00
     0     1      468.00      625.00        0.00
     0     1      462.00      629.00        0.00
     0     1      456.00      631.00        0.00
     0     1      450.00      633.00        0.00
     0     1      444.00      635.00        0.00
     0     1      438.00      639.00        0.00
     0     1      432.00      641.00        0.00
     0     1      426.00      645.00        0.00
     0     1      418.00      647.00        0.00
     0     1      412.00      649.00        0.00
     0     1      406.00      653.00        0.00
     0     1      400.00      657.00        0.00
     0     1      394.00      661.00        0.00
     0     1      388.00      665.00        0.00
     0     1      384.00      669.00        0.00
     0     1      378.00      671.00        0.00
     0     1      374.00      675.00        0.00
     0     1      368.00      679.00        0.00
     0     1      362.00      683.00        0.00
     0     1      358.00      687.00        0.00
     0     1      350.00      691.00        0.00
     0     1      344.00      693.00        0.00
     0     1      338.00      697.00        0.00
     0     1      332.00      699.00        0.00
     0     1      326.00      701.00        0.00
     0     1      318.00      705.00        0.00
     0     1      312.00      709.00        0.00
     0     1      308.00      713.00        0.00
     0     1      302.00      715.00        0.00
     0     1      294.00      719.00        0.00
     0     1      300.00      721.00        0.00
     0     1      306.00      717.00        0.00
     0     1      314.00      713.00        0.00
     0     1      320.00      709.00        0.00
     0     1      324.00      705.00        0.00
     0     1      328.00      701.00        0.00
     0     1      332.00      697.00        0.00
     0     1      338.00      693.00        0.00
     0     1      342.00      689.00        0.00
     0     1      348.00      685.00        0.00
     0     1      354.00      681.00        0.00
     0     1      360.00      677.00        0.00
     0     1      366.00      673.00        0.00
     0     1      370.00      669.00        0.00
     0     1      376.00      667.00        0.00
     0     1      382.00      663.00        0.00
     0     1      386.00      659.00        0.00
     0     1      390.00      655.00        0.00
     0     1      396.00      653.00        0.00
     0     1      402.00      649.00        0.00
     0     1      408.00      647.00        0.00
     0     1      414.00      645.00        0.00
     0     1      420.00      645.00        0.00
     0     1      426.00      641.00        0.00
     0     1      432.00      639.00        0.00
     0     1      438.00      637.00        0.00
     0     1      442.00      633.00        0.00
     0     1      448.00      633.00        0.00
     0     1      626.00      575.00        0.00
     0     1      628.00      569.00        0.00
     0     1      632.00      565.00        0.00
     0     1      636.00      559.00        0.00
     0     1      640.00      553.00        0.00
     0     1      642.00      547.00        0.00
     0     1      642.00      541.00        0.00
     0     1      642.00      533.00        0.00
     0     1      642.00      527.00        0.00
     0     1      642.00      519.00        0.00
     0     1      642.00      513.00        0.00
     0     1      642.00      507.00        0.00
     0     1      646.00      501.00        0.00
     0     1      648.00      493.00        0.00
     0     1      652.00      485.00        0.00
     0     1      656.00      479.00        0.00
     0     1      660.00      473.00        0.00
     0     1      666.00      467.00        0.00
     0     1      668.00      459.00        0.00
     0     1      672.00      453.00        0.00
     0     1      676.00      445.00        0.00
     0     1      680.00      439.00        0.00
     0     1      684.00      433.00        0.00
     0     1      686.00      427.00        0.00
     0     1      688.00      421.00        0.00
     0     1      694.00      419.00        0.00
     0     1      698.00      415.00        0.00
     0     1      702.00      411.00        0.00
     0     1      706.00      407.00        0.00
     0     1      712.00      405.00        0.00
     0     1      718.00      403.00        0.00
     0     1      726.00      403.00        0.00
     0     1      732.00      407.00        0.00
     0     1      738.00      407.00        0.00
     0     1      744.00      409.00        0.00
     0     1      750.00      409.00        0.00
     0     1      756.00      411.00        0.00
     0     1      762.00      411.00        0.00
     0     1      770.00      413.00        0.00
     0     1      776.00      415.00        0.00
     0     1      782.00      417.00        0.00
     0     1      788.00      421.00        0.00
     0     1      794.00      423.00        0.00
     0     1      800.00      427.00        0.00
     0     1      804.00      431.00        0.00
     0     1      808.00      437.00        0.00
     0     1      814.00      441.00        0.00
     0     1      818.00      445.00        0.00
     0     1      822.00      449.00        0.00
     0     1      826.00      453.00        0.00
     0     1      830.00      459.00        0.00
     0     1      834.00      465.00        0.00
     0     1      838.00      469.00        0.00
     0     1      842.00      477.00        0.00
     0     1      846.00      481.00        0.00
     0     1      848.00      487.00        0.00
     0     1      850.00      493.00        0.00
     0     1      850.00      499.00        0.00
     0     1      852.00      505.00        0.00
     0     1      852.00      511.00        0.00
     0     1      852.00      517.00        0.00
     0     1      850.00      525.00        0.00
     0     1      848.00      531.00        0.00
     0     1      844.00      539.00        0.00
     0     1      842.00      545.00        0.00
     0     1      840.00      551.00        0.00
     0     1      838.00      557.00        0.00
     0     1      834.00      563.00        0.00
     0     1      830.00      569.00        0.00
     0     1      828.00      575.00        0.00
     0     1      826.00      581.00        0.00
     0     1      822.00      589.00        0.00
     0     1      822.00      595.00        0.00
     0     1      820.00      601.00        0.00
     0     1      820.00      607.00        0.00
     0     1      816.00      613.00        0.00
     0     1      812.00      619.00        0.00
     0     1      808.00      623.00        0.00
     0     1      804.00      629.00        0.00
     0     2      956.00      643.00        0.00
     0     2      952.00      657.00        0.00
     0     2      950.00      663.00        0.00
     0     2      946.00      667.00        0.00
     0     2      942.00      671.00        0.00
     0     2      938.00      675.00        0.00
     0     2      930.00      681.00        0.00
     0     2      924.00      685.00        0.00
     0     2      916.00      687.00        0.00
     0     2      908.00      687.00        0.00
     0     2      902.00      687.00        0.00
     0     2      894.00      687.00        0.00
     0     2      886.00      687.00        0.00
     0     2      878.00      687.00        0.00
     0     2      870.00      685.00        0.00
     0     2      864.00      681.00        0.00
     0     2      858.00      679.00        0.00
     0     2      852.00      675.00        0.00
     0     2      846.00      671.00        0.00
     0     2      844.00      665.00        0.00
     0     2      840.00      661.00        0.00
     0     2      836.00      655.00        0.00
     0     2      834.00      649.00        0.00
     0     2      834.00      641.00        0.00
     0     2      834.00      635.00        0.00
     0     2      836.00      627.00        0.00
     0     2      838.00      621.00        0.00
     0     2      840.00      613.00        0.00
     0     2      844.00      603.00        0.00
     0     2      848.00      595.00        0.00
     0     2      850.00      587.00        0.00
     0     2      854.00      581.00        0.00
     0     2      856.00      571.00        0.00
     0     2      856.00      565.00        0.00
     0     2      858.00      557.00        0.00
     0     2      860.00      549.00        0.00
     0     2      860.00      543.00        0.00
     0     2      860.00      533.00        0.00
     0     2      860.00      527.00        0.00
     0     2      860.00      519.00        0.00
     0     2      860.00      509.00        0.00
     0     2      864.00      499.00        0.00
     0     2      866.00      485.00        0.00
     0     2      866.00      479.00        0.00
     0     2      866.00      471.00        0.00
     0     2      868.00      465.00        0.00
     0     2      870.00      459.00        0.00
     0     2      870.00      451.00        0.00
     0     2      870.00      445.00        0.00
     0     2      874.00      437.00        0.00
     0     2      876.00      431.00        0.00
     0     2      878.00      425.00        0.00
     0     2      882.00      421.00        0.00
     0     2      886.00      417.00        0.00
     0     2      892.00      415.00        0.00
     0     2      898.00      413.00        0.00
     0     2      902.00      409.00        0.00
     0     2      908.00      409.00        0.00
     0     2      914.00      407.00        0.00
     0     2      922.00      407.00        0.00
     0     2      930.00      407.00        0.00
     0     2      936.00      409.00        0.00
     0     2      942.00      411.00        0.00
     0     2      950.00      413.00        0.00
     0     2      958.00      417.00        0.00
     0     2      962.00      421.00        0.00
     0     2      966.00      425.00        0.00
     0     2      970.00      429.00        0.00
     0     2      976.00      433.00        0.00
     0     2      980.00      437.00        0.00
     0     2      986.00      441.00        0.00
     0     2      994.00      443.00        0.00
     0     2     1002.00      445.00        0.00
     0     2     1010.00      445.00        0.00
     0     2     1018.00      447.00        0.00
     0     2     1024.00      449.00        0.00
     0     2     1032.00      451.00        0.00
     0     2     1038.00      453.00        0.00
     0     2     1044.00      457.00        0.00
     0     2     1050.00      461.00        0.00
     0     2     1054.00      465.00        0.00
     0     2     1058.00      471.00        0.00
     0     2     1062.00      475.00        0.00
     0     2     1066.00      483.00        0.00
     0     2     1068.00      489.00        0.00
     0     2     1070.00      495.00        0.00
     0     2     1072.00      501.00        0.00
     0     2     1072.00      509.00        0.00
     0     2     1072.00      515.00        0.00
     0     2     1072.00      523.00        0.00
     0     2     1072.00      531.00        0.00
     0     2     1072.00      537.00        0.00
     0     2     1070.00      543.00        0.00
     0     2     1070.00      549.00        0.00
     0     2     1068.00      555.00        0.00
     0     2     1066.00      561.00        0.00
     0     2     1062.00      565.00        0.00
     0     2     1058.00      569.00        0.00
     0     2     1054.00      573.00        0.00
     0     2     1048.00      577.00        0.00
     0     2     1044.00      581.00        0.00
     0     2     1040.00      585.00        0.00
     0     2     1038.00      591.00        0.00
     0     2     1034.00      597.00        0.00
     0     2     1030.00      603.00        0.00
     0     2     1026.00      607.00        0.00
     0     2     1024.00      613.00        0.00
     0     2     1020.00      617.00        0.00
     0     2     1014.00      619.00        0.00
     0     2     1008.00      619.00        0.00
     0     2     1002.00      619.00        0.00
     0     3     1128.00      509.00        0.00
     0     3     1112.00      507.00        0.00
     0     3     1106.00      505.00        0.00
     0     3     1100.00      503.00        0.00
     0     3     1094.00      499.00        0.00
     0     3     1086.00      495.00        0.00
     0     3     1080.00      491.00        0.00
     0     3     1076.00      487.00        0.00
     0     3     1074.00      481.00        0.00
     0     3     1072.00      475.00        0.00
     0     3     1070.00      469.00        0.00
     0     3     1068.00      463.00        0.00
     0     3     1066.00      457.00        0.00
     0     3     1062.00      449.00        0.00
     0     3     1058.00      445.00        0.00
     0     3     1052.00      443.00        0.00
     0     3     1046.00      441.00        0.00
     0     3     1036.00      439.00        0.00
     0     3     1028.00      435.00        0.00
     0     3     1022.00      431.00        0.00
     0     3     1016.00      427.00        0.00
     0     3     1010.00      423.00        0.00
     0     3     1006.00      419.00        0.00
     0     3     1002.00      413.00        0.00
     0     3      998.00      407.00        0.00
     0     3      994.00      401.00        0.00
     0     3      986.00      393.00        0.00
     0     3      982.00      387.00        0.00
     0     3      978.00      381.00        0.00
     0     3      978.00      375.00        0.00
     0     3      978.00      369.00        0.00
     0     3      978.00      363.00        0.00
     0     3      976.00      357.00        0.00
     0     3      976.00      351.00        0.00
     0     3      978.00      345.00        0.00
     0     3      984.00      337.00        0.00
     0     3      990.00      335.00        0.00
     0     3      996.00      333.00        0.00
     0     3     1004.00      331.00        0.00
     0     3     1016.00      329.00        0.00
     0     3     1022.00      329.00        0.00
     0     3     1028.00      329.00        0.00
     0     3     1040.00      329.00        0.00
     0     3     1046.00      329.00        0.00
     0     3     1054.00      331.00        0.00
     0     3     1062.00      335.00        0.00
     0     3     1068.00      339.00        0.00
     0     3     1074.00      343.00        0.00
     0     3     1080.00      345.00        0.00
     0     3     1084.00      349.00        0.00
     0     3     1092.00      351.00        0.00
     0     3     1102.00      353.00        0.00
     0     3     1108.00      355.00        0.00
     0     3     1114.00      357.00        0.00
     0     3     1122.00      359.00        0.00
     0     3     1128.00      361.00        0.00
     0     3     1134.00      363.00        0.00
     0     3     1142.00      365.00        0.00
     0     3     1146.00      369.00        0.00
     0     3     1152.00      375.00        0.00
     0     3     1156.00      379.00        0.00
     0     3     1160.00      383.00        0.00
     0     3     1164.00      389.00        0.00
     0     3     1170.00      393.00        0.00
     0     3     1176.00      397.00        0.00
     0     3     1180.00      401.00        0.00
     0     3     1188.00      405.00        0.00
     0     3     1194.00      407.00        0.00
     0     3     1200.00      409.00        0.00
     0     3     1204.00      415.00        0.00
     0     3     1208.00      419.00        0.00
     0     3     1208.00      425.00        0.00
     0     3     1208.00      431.00        0.00
     0     3     1204.00      437.00        0.00
     0     3     1202.00      445.00        0.00
     0     3     1198.00      451.00        0.00
     0     3     1190.00      455.00        0.00
     0     3     1184.00      459.00        0.00
     0     3     1178.00      461.00        0.00
     0     3     1172.00      463.00        0.00
     0     3     1166.00      467.00        0.00
     0     3     1162.00      471.00        0.00
     0     3     1158.00      475.00        0.00
     0     4      758.00      233.00        0.00
     0     4      770.00      243.00        0.00
     0     4      776.00      245.00        0.00
     0     4      782.00      247.00        0.00
     0     4      788.00      247.00        0.00
     0     4      796.00      249.00        0.00
     0     4      802.00      249.00        0.00
     0     4      808.00      249.00        0.00
     0     4      814.00      251.00        0.00
     0     4      820.00      251.00        0.00
     0     4      828.00      253.00        0.00
     0     4      834.00      253.00        0.00
     0     4      840.00      255.00        0.00
     0     4      846.00      257.00        0.00
     0     4      852.00      257.00        0.00
     0     4      858.00      261.00        0.00
     0     4      860.00      267.00        0.00
     0     4      860.00      273.00        0.00
     0     4      860.00      279.00        0.00
     0     4      862.00      285.00        0.00
     0     4      866.00      291.00        0.00
     0     4      866.00      297.00        0.00
     0     4      864.00      303.00        0.00
     0     4      858.00      307.00        0.00
     0     4      850.00      313.00        0.00
     0     4      846.00      317.00        0.00
     0     4      842.00      321.00        0.00
     0     4      836.00      327.00        0.00
     0     4      830.00      333.00        0.00
     0     4      826.00      337.00        0.00
     0     4      822.00      341.00        0.00
     0     4      820.00      349.00        0.00
     0     4      816.00      355.00        0.00
     0     4      812.00      359.00        0.00
     0     4      810.00      365.00        0.00
     0     4      808.00      371.00        0.00
     0     4      806.00      377.00        0.00
     0     4      804.00      383.00        0.00
     0     4      796.00      381.00        0.00
     0     4      792.00      375.00        0.00
     0     4      788.00      369.00        0.00
     0     4      784.00      365.00        0.00
     0     4      780.00      361.00        0.00
     0     4      774.00      357.00        0.00
     0     4      768.00      353.00        0.00
     0     4      764.00      349.00        0.00
     0     4      760.00      345.00        0.00
     0     4      756.00      341.00        0.00
     0     4      756.00      333.00        0.00
     0     4      756.00      327.00        0.00
     0     4      754.00      321.00        0.00
     0     4      754.00      315.00        0.00
     0     4      752.00      309.00        0.00
     0     4      750.00      303.00        0.00
     0     4      748.00      297.00        0.00
     0     4      744.00      293.00        0.00
     0     4      742.00      287.00        0.00
     0     4      738.00      283.00        0.00
     0     4      732.00      279.00        0.00
     0     4      726.00      275.00        0.00
     0     4      720.00      271.00        0.00
     0     4      716.00      267.00        0.00
     0     4      712.00      263.00        0.00
     0     4      706.00      259.00        0.00
     0     4      700.00      255.00        0.00
     0     4      694.00      253.00        0.00
     0     4      688.00      251.00        0.00
     0     4      684.00      247.00        0.00
     0     4      678.00      247.00        0.00
     0     4      674.00      243.00        0.00
     0     4      668.00      241.00        0.00
     0     4      662.00      239.00        0.00
     0     4      656.00      237.00        0.00
     0     4      650.00      235.00        0.00
     0     4      644.00      233.00        0.00
     0     4      638.00      229.00        0.00
     0     4      632.00      227.00        0.00
     0     4      628.00      223.00        0.00
     0     4      622.00      221.00        0.00
     0     4      618.00      217.00        0.00
     0     4      612.00      215.00        0.00
     0     4      606.00      213.00        0.00
     0     4      600.00      209.00        0.00
     0     4      594.00      209.00        0.00
     0     4      588.00      207.00        0.00
     0     4      582.00      205.00        0.00
     0     4      574.00      203.00        0.00
     0     4      568.00      203.00        0.00
     0     4      562.00      201.00        0.00
     0     4      556.00      199.00        0.00
     0     4      550.00      197.00        0.00
     0     4      544.00      195.00        0.00
     0     4      536.00      195.00        0.00
     0     4      530.00      193.00        0.00
     0     4      524.00      191.00        0.00
     0     4      518.00      189.00        0.00
     0     4      512.00      187.00        0.00
     0     4      506.00      185.00        0.00
     0     4      500.00      185.00        0.00
     0     4      494.00      183.00        0.00
     0     4      488.00      181.00        0.00
     0     4      482.00      181.00        0.00
     0     4      476.00      181.00        0.00
     0     4      468.00      179.00        0.00
     0     4      462.00      179.00        0.00
     0     4      456.00      177.00        0.00
     0     4      450.00      177.00        0.00
     0     4      442.00      175.00        0.00
     0     4      436.00      173.00        0.00
     0     4      428.00      171.00        0.00
     0     4      422.00      169.00        0.00
     0     4      416.00      167.00        0.00
     0     4      410.00      165.00        0.00
     0     4      402.00      163.00        0.00
     0     4      394.00      159.00        0.00
     0     4      388.00      157.00        0.00
     0     4      384.00      153.00        0.00
     0     4      380.00      149.00        0.00
     0     4      374.00      147.00        0.00
     0     4      370.00      143.00        0.00
     0     4      364.00      141.00        0.00
     0     4      356.00      137.00        0.00
     0     4      364.00      141.00        0.00
     0     4      368.00      145.00        0.00
     0     4      374.00      149.00        0.00
     0     4      380.00      151.00        0.00
     0     4      386.00      153.00        0.00
     0     4      392.00      157.00        0.00
     0     4      400.00      157.00        0.00
     0     4      406.00      159.00        0.00
     0     4      414.00      161.00        0.00
     0     4      420.00      163.00        0.00
     0     4      426.00      165.00        0.00
     0     4      434.00      167.00        0.00
     0     4      442.00      169.00        0.00
     0     4      450.00      169.00        0.00
     0     4      456.00      171.00        0.00
     0     4      464.00      173.00        0.00
     0     4      472.00      173.00        0.00
     0     4      478.00      173.00        0.00
     0     4      486.00      175.00        0.00
     0     4      494.00      177.00        0.00
     0     4      502.00      177.00        0.00
     0     4      510.00      177.00        0.00
     0     4      518.00      177.00        0.00
     0     4      524.00      179.00        0.00
     0     4      532.00      179.00        0.00
     0     4      538.00      179.00        0.00
     0     4      544.00      181.00        0.00
     0     4      550.00      181.00        0.00
     0     4      556.00      183.00        0.00
     0     4      564.00      185.00        0.00
     0     4      572.00      185.00        0.00
     0     4      578.00      187.00        0.00
     0     4      584.00      189.00        0.00
     0     4      590.00      189.00        0.00
     0     4      598.00      191.00        0.00
     0     4      604.00      191.00        0.00
     0     4      610.00      193.00        0.00
     0     4      614.00      197.00        0.00
     0     4      622.00      199.00        0.00
     0     4      626.00      203.00        0.00
     0     4      634.00      205.00        0.00
     0     4      640.00      205.00        0.00
     0     4      646.00      207.00        0.00
     0     4      652.00      207.00        0.00
     0     4      658.00      207.00        0.00
     0     4      666.00      207.00        0.00
     0     4      674.00      207.00        0.00
     0     4      680.00      207.00        0.00
     0     4      686.00      207.00        0.00
     0     4      692.00      207.00        0.00
     0     4      700.00      207.00        0.00
     0     4      706.00      207.00        0.00
     0     4      712.00      207.00        0.00
     0     4      718.00      207.00        0.00
     0     4      724.00      209.00        0.00
     0     4      730.00      211.00        0.00
     0     4      734.00      215.00        0.00
     0     5      302.00      145.00        0.00
     0     5      312.00      157.00        0.00
     0     5      314.00      163.00        0.00
     0     5      318.00      167.00        0.00
     0     5      322.00      171.00        0.00
     0     5      324.00      177.00        0.00
     0     5      328.00      183.00        0.00
     0     5      332.00      191.00        0.00
     0     5      336.00      197.00        0.00
     0     5      340.00      205.00        0.00
     0     5      342.00      211.00        0.00
     0     5      346.00      217.00        0.00
     0     5      350.00      221.00        0.00
     0     5      354.00      225.00        0.00
     0     5      360.00      227.00        0.00
     0     5      368.00      229.00        0.00
     0     5      372.00      235.00        0.00
     0     5      376.00      239.00        0.00
     0     5      378.00      245.00        0.00
     0     5      378.00      255.00        0.00
     0     5      378.00      261.00        0.00
     0     5      378.00      267.00        0.00
     0     5      376.00      273.00        0.00
     0     5      370.00      277.00        0.00
     0     5      366.00      281.00        0.00
     0     5      360.00      283.00        0.00
     0     5      354.00      283.00        0.00
     0     5      346.00      283.00        0.00
     0     5      340.00      283.00        0.00
     0     5      334.00      283.00        0.00
     0     5      328.00      283.00        0.00
     0     5      322.00      285.00        0.00
     0     5      318.00      289.00        0.00
     0     5      314.00      293.00        0.00
     0     5      310.00      297.00        0.00
     0     5      306.00      301.00        0.00
     0     5      300.00      305.00        0.00
     0     5      292.00      305.00        0.00
     0     5      286.00      307.00        0.00
     0     5      280.00      307.00        0.00
     0     5      274.00      309.00        0.00
     0     5      266.00      309.00        0.00
     0     5      260.00      307.00        0.00
     0     5      254.00      307.00        0.00
     0     5      248.00      305.00        0.00
     0     5      242.00      305.00        0.00
     0     5      236.00      303.00        0.00
     0     5      230.00      301.00        0.00
     0     5      222.00      301.00        0.00
     0     5      216.00      301.00        0.00
     0     5      210.00      301.00        0.00
     0     5      204.00      301.00        0.00
     0     5      198.00      301.00        0.00
     0     5      192.00      303.00        0.00
     0     5      184.00      305.00        0.00
     0     5      178.00      307.00        0.00
     0     5      172.00      309.00        0.00
     0     5      164.00      311.00        0.00
     0     5      158.00      311.00        0.00
     0     5      152.00      311.00        0.00
     0     5      146.00      311.00        0.00
     0     5      152.00      311.00        0.00
     0     5      162.00      309.00        0.00
     0     5      170.00      305.00        0.00
     0     5      178.00      303.00        0.00
     0     5      184.00      301.00        0.00
     0     5      192.00      301.00        0.00
     0     5      200.00      299.00        0.00
     0     5      206.00      297.00        0.00
     0     5      214.00      295.00        0.00
     0     5      220.00      293.00        0.00
     0     5      226.00      289.00        0.00
     0     5      230.00      285.00        0.00
     0     5      234.00      279.00        0.00
     0     5      236.00      273.00        0.00
     0     5      240.00      269.00        0.00
     0     5      244.00      265.00        0.00
     0     5      246.00      259.00        0.00
     0     5      248.00      253.00        0.00
     0     5      252.00      247.00        0.00
     0     5      252.00      241.00        0.00
     0     5      254.00      235.00        0.00
     0     5      256.00      227.00        0.00
     0     5      258.00      219.00        0.00
     0     5      258.00      213.00        0.00
     0     5      258.00      207.00        0.00
     0     5      258.00      201.00        0.00
     0     5      258.00      195.00        0.00
     0     5      256.00      189.00        0.00
     0     5      256.00      183.00        0.00
     0     5      256.00      177.00        0.00
     0     5      256.00      171.00        0.00
     0     5      260.00      167.00        0.00
     0     5      264.00      163.00        0.00
     0     5      268.00      159.00        0.00
     0     5      272.00      153.00        0.00
     0     5      276.00      149.00        0.00
     0     5      280.00      145.00        0.00
     0     6      284.00      605.00        0.00
     0     6      286.00      613.00        0.00
     0     6      288.00      619.00        0.00
     0     6      288.00      625.00        0.00
     0     6      282.00      629.00        0.00
     0     6      276.00      631.00        0.00
     0     6      270.00      631.00        0.00
     0     6      262.00      631.00        0.00
     0     6      256.00      631.00        0.00
     0     6      250.00      631.00        0.00
     0     6      242.00      627.00        0.00
     0     6      236.00      623.00        0.00
     0     6      236.00      617.00        0.00
     0     6      234.00      609.00        0.00
     0     6      234.00      601.00        0.00
     0     6      236.00      595.00        0.00
     0     6      240.00      587.00        0.00
     0     6      242.00      581.00        0.00
     0     6      244.00      575.00        0.00
     0     6      246.00      569.00        0.00
     0     6      250.00      561.00        0.00
     0     6      252.00      553.00        0.00
     0     6      254.00      547.00        0.00
     0     6      256.00      541.00        0.00
     0     6      258.00      533.00        0.00
     0     6      260.00      527.00        0.00
     0     6      262.00      521.00        0.00
     0     6      264.00      515.00        0.00
     0     6      268.00      507.00        0.00
     0     6      272.00      501.00        0.00
     0     6      274.00      495.00        0.00
     0     6      276.00      489.00        0.00
     0     6      278.00      483.00        0.00
     0     6      280.00      477.00        0.00
     0     6      282.00      471.00        0.00
     0     6      284.00      465.00        0.00
     0     6      286.00      457.00        0.00
     0     6      286.00      451.00        0.00
     0     6      290.00      445.00        0.00
     0     6      290.00      439.00        0.00
     0     6      290.00      433.00        0.00
     0     6      292.00      427.00        0.00
     0     6      296.00      423.00        0.00
     0     6      298.00      417.00        0.00
     0     6      300.00      411.00        0.00
     0     6      304.00      405.00        0.00
     0     6      308.00      401.00        0.00
     0     6      312.00      397.00        0.00
     0     6      316.00      391.00        0.00
     0     6      322.00      389.00        0.00
     0     6      328.00      387.00        0.00
     0     6      334.00      385.00        0.00
     0     6      340.00      383.00        0.00
     0     6      346.00      381.00        0.00
     0     6      350.00      377.00        0.00
     0     6      356.00      373.00        0.00
     0     6      362.00      371.00        0.00
     0     6      368.00      367.00        0.00
     0     6      372.00      363.00        0.00
     0     6      376.00      359.00        0.00
     0     6      382.00      355.00        0.00
     0     6      386.00      351.00        0.00
     0     6      390.00      347.00        0.00
     0     6      394.00      343.00        0.00
     0     6      398.00      337.00        0.00
     0     6      400.00      331.00        0.00
     0     6      404.00      325.00        0.00
     0     6      408.00      319.00        0.00
     0     6      412.00      315.00        0.00
     0     6      416.00      311.00        0.00
     0     6      422.00      305.00        0.00
     0     6      428.00      305.00        0.00
     0     6      434.00      301.00        0.00
     0     6      442.00      297.00        0.00
     0     6      448.00      295.00        0.00
     0     6      452.00      291.00        0.00
     0     6      456.00      287.00        0.00
     0     6      460.00      283.00        0.00
     0     6      466.00      283.00        0.00
     0     6      472.00      281.00        0.00
     0     6      478.00      283.00        0.00
     0     6      484.00      283.00        0.00
     0     6      490.00      287.00        0.00
     0     6      494.00      291.00        0.00
     0     6      498.00      295.00        0.00
     0     6      498.00      301.00        0.00
     0     6      498.00      307.00        0.00
     0     6      496.00      313.00        0.00
     0     6      494.00      319.00        0.00
     0     6      492.00      325.00        0.00
     0     6      490.00      331.00        0.00
     0     6      488.00      337.00        0.00
     0     6      484.00      341.00        0.00
     0     6      478.00      345.00        0.00
     0     6      472.00      345.00        0.00
     0     6      466.00      345.00        0.00
     0     6      458.00      345.00        0.00
     0     6      452.00      347.00        0.00
     0     6      446.00      347.00        0.00
     0     6      438.00      349.00        0.00
     0     6      432.00      351.00        0.00
     0     6      426.00      353.00        0.00
     0     6      420.00      355.00        0.00
     0     6      412.00      359.00        0.00
     0     6      406.00      361.00        0.00
     0     6      402.00      365.00        0.00
     0     6      398.00      369.00        0.00
     0     6      392.00      373.00        0.00
     0     6      388.00      379.00        0.00
     0     6      382.00      383.00        0.00
     0     6      378.00      387.00        0.00
     0     6      372.00      393.00        0.00
     0     6      368.00      397.00        0.00
     0     6      362.00      403.00        0.00
     0     6      356.00      407.00        0.00
     0     6      352.00      411.00        0.00
     0     6      348.00      417.00        0.00
     0     6      344.00      421.00        0.00
     0     6      340.00      427.00        0.00
     0     6      334.00      431.00        0.00
     0     6      330.00      435.00        0.00
     0     6      324.00      439.00        0.00
     0     6      320.00      445.00        0.00
     0     6      316.00      449.00        0.00
     0     6      312.00      455.00        0.00
     0     6      308.00      463.00        0.00
     0     6      306.00      469.00        0.00
     0     6      302.00      475.00        0.00
     0     6      302.00      481.00        0.00
     0     6      300.00      487.00        0.00
     0     6      298.00      493.00        0.00
     0     6      296.00      501.00        0.00
     0     6      296.00      507.00        0.00
     0     6      294.00      513.00        0.00
     0     6      294.00      519.00        0.00
     0     6      292.00      527.00        0.00
     0     7     1146.00      249.00        0.00
     0     7     1140.00      257.00        0.00
     0     7     1134.00      261.00        0.00
     0     7     1130.00      265.00        0.00
     0     7     1126.00      269.00        0.00
     0     7     1122.00      273.00        0.00
     0     7     1118.00      277.00        0.00
     0     7     1110.00      281.00        0.00
     0     7     1104.00      283.00        0.00
     0     7     1098.00      287.00        0.00
     0     7     1092.00      289.00        0.00
     0     7     1086.00      291.00        0.00
     0     7     1080.00      291.00        0.00
     0     7     1074.00      291.00        0.00
     0     7     1068.00      291.00        0.00
     0     7     1060.00      289.00        0.00
     0     7     1054.00      287.00        0.00
     0     7     1048.00      281.00        0.00
     0     7     1044.00      277.00        0.00
     0     7     1042.00      271.00        0.00
     0     7     1042.00      265.00        0.00
     0     7     1042.00      255.00        0.00
     0     7     1042.00      249.00        0.00
     0     7     1044.00      243.00        0.00
     0     7     1044.00      235.00        0.00
     0     7     1046.00      229.00        0.00
     0     7     1048.00      223.00        0.00
     0     7     1052.00      217.00        0.00
     0     7     1054.00      211.00        0.00
     0     7     1056.00      205.00        0.00
     0     7     1058.00      199.00        0.00
     0     7     1058.00      193.00        0.00
     0     7     1058.00      187.00        0.00
     0     7     1060.00      181.00        0.00
     0     7     1062.00      175.00        0.00
     0     7     1062.00      169.00        0.00
     0     7     1064.00      163.00        0.00
     0     7     1066.00      157.00        0.00
     0     7     1070.00      153.00        0.00
     0     7     1074.00      147.00        0.00
     0     7     1076.00      141.00        0.00
     0     7     1080.00      133.00        0.00
     0     7     1080.00      127.00        0.00
     0     7     1082.00      119.00        0.00
     0     7     1086.00      111.00        0.00
     0     7     1090.00      107.00        0.00
     0     7     1094.00      101.00        0.00
     0     7     1098.00       97.00        0.00
     0     7     1102.00       91.00        0.00
     0     7     1106.00       87.00        0.00
     0     7     1108.00       81.00        0.00
     0     7     1112.00       75.00        0.00
     0     7     1116.00       69.00        0.00
     0     7     1122.00       67.00        0.00
     0     7     1128.00       67.00        0.00
     0     7     1134.00       67.00        0.00
     0     7     1140.00       69.00        0.00
     0     7     1148.00       73.00        0.00
     0     7     1152.00       77.00        0.00
     0     7     1160.00       79.00        0.00
     0     7     1166.00       83.00        0.00
     0     7     1172.00       87.00        0.00
     0     7     1178.00       89.00        0.00
     0     7     1184.00       93.00        0.00
     0     7     1190.00       95.00        0.00
     0     7     1196.00       95.00        0.00
     0     7     1202.00       99.00        0.00
     0     7     1208.00      101.00        0.00
     0     7     1210.00      107.00        0.00
     0     7     1212.00      113.00        0.00
     0     7     1214.00      119.00        0.00
     0     7     1214.00      125.00        0.00
     0     7     1214.00      131.00        0.00
     0     7     1214.00      137.00        0.00
     0     7     1214.00      143.00        0.00
     0     7     1212.00      151.00        0.00
     0     7     1206.00      153.00        0.00
     0     7     1202.00      157.00        0.00
     0     7     1200.00      163.00        0.00
     0     7     1200.00      169.00        0.00
     0     7     1198.00      175.00        0.00
     0     7     1198.00      181.00        0.00
     0     7     1194.00      187.00        0.00
     0     7     1192.00      193.00        0.00
     0     7     1190.00      199.00        0.00
     0     8     1540.00      309.00        0.00
     0     8     1526.00      313.00        0.00
     0     8     1520.00      315.00        0.00
     0     8     1514.00      315.00        0.00
     0     8     1508.00      315.00        0.00
     0     8     1502.00      315.00        0.00
     0     8     1496.00      313.00        0.00
     0     8     1490.00      309.00        0.00
     0     8     1486.00      303.00        0.00
     0     8     1482.00      295.00        0.00
     0     8     1480.00      289.00        0.00
     0     8     1478.00      283.00        0.00
     0     8     1478.00      277.00        0.00
     0     8     1478.00      269.00        0.00
     0     8     1480.00      263.00        0.00
     0     8     1484.00      257.00        0.00
     0     8     1486.00      251.00        0.00
     0     8     1490.00      245.00        0.00
     0     8     1494.00      239.00        0.00
     0     8     1498.00      235.00        0.00
     0     8     1502.00      231.00        0.00
     0     8     1506.00      227.00        0.00
     0     8     1510.00      223.00        0.00
     0     8     1516.00      221.00        0.00
     0     8     1522.00      219.00        0.00
     0     8     1528.00      217.00        0.00
     0     8     1534.00      215.00        0.00
     0     8     1540.00      215.00        0.00
     0     8     1546.00      215.00        0.00
     0     8     1552.00      215.00        0.00
     0     8     1558.00      215.00        0.00
     0     8     1564.00      213.00        0.00
     0     8     1568.00      209.00        0.00
     0     8     1574.00      207.00        0.00
     0     8     1574.00      201.00        0.00
     0     8     1574.00      195.00        0.00
     0     8     1570.00      185.00        0.00
     0     8     1568.00      179.00        0.00
     0     8     1564.00      171.00        0.00
     0     8     1558.00      161.00        0.00
     0     8     1554.00      155.00        0.00
     0     8     1550.00      149.00        0.00
     0     8     1546.00      143.00        0.00
     0     8     1552.00      145.00        0.00
     0     8     1558.00      149.00        0.00
     0     8     1564.00      153.00        0.00
     0     8     1570.00      159.00        0.00
     0     8     1574.00      163.00        0.00
     0     8     1578.00      169.00        0.00
     0     8     1584.00      175.00        0.00
     0     8     1588.00      179.00        0.00
     0     8     1592.00      183.00        0.00
     0     8     1598.00      187.00        0.00
     0     8     1604.00      193.00        0.00
     0     8     1610.00      199.00        0.00
     0     8     1614.00      203.00        0.00
     0     8     1620.00      209.00        0.00
     0     8     1626.00      213.00        0.00
     0     8     1632.00      217.00        0.00
     0     8     1638.00      225.00        0.00
     0     8     1642.00      229.00        0.00
     0     8     1648.00      237.00        0.00
     0     8     1652.00      243.00        0.00
     0     8     1654.00      249.00        0.00
     0     8     1658.00      253.00        0.00
     0     8     1660.00      261.00        0.00
     0     8     1666.00      267.00        0.00
     0     8     1668.00      273.00        0.00
     0     8     1670.00      279.00        0.00
     0     8     1674.00      283.00        0.00
     0     8     1678.00      289.00        0.00
     0     8     1684.00      293.00        0.00
     0     8     1690.00      301.00        0.00
     0     8     1694.00      305.00        0.00
     0     8     1700.00      311.00        0.00
     0     8     1706.00      315.00        0.00
     0     8     1710.00      319.00        0.00
     0     8     1718.00      325.00        0.00
     0     8     1722.00      329.00        0.00
     0     8     1728.00      335.00        0.00
     0     8     1734.00      341.00        0.00
     0     8     1740.00      345.00        0.00
     0     8     1746.00      351.00        0.00
     0     8     1750.00      357.00        0.00
     0     8     1752.00      363.00        0.00
     0     8     1754.00      369.00        0.00
     0     8     1756.00      375.00        0.00
     0     8     1758.00      381.00        0.00
     0     8     1760.00      389.00        0.00
     0     8     1762.00      397.00        0.00
     0     8     1762.00      403.00        0.00
     0     8     1760.00      409.00        0.00
     0     8     1758.00      415.00        0.00
     0     8     1758.00      421.00        0.00
     0     8     1754.00      425.00        0.00
     0     8     1750.00      429.00        0.00
     0     8     1746.00      433.00        0.00
     0     8     1738.00      437.00        0.00
     0     8     1734.00      441.00        0.00
     0     8     1730.00      445.00        0.00
     0     8     1726.00      449.00        0.00
     0     8     1720.00      455.00        0.00
     0     8     1718.00      461.00        0.00
     0     8     1714.00      465.00        0.00
     0     8     1714.00      471.00        0.00
     0     8     1712.00      477.00        0.00
     0     8     1710.00      483.00        0.00
     0     8     1708.00      489.00        0.00
     0     8     1706.00      495.00        0.00
     0     8     1704.00      501.00        0.00
     0     8     1704.00      507.00        0.00
     0     8     1702.00      513.00        0.00
     0     8     1702.00      519.00        0.00
     0     8     1700.00      525.00        0.00
     0     8     1698.00      531.00        0.00
     0     8     1698.00      537.00        0.00
     0     8     1696.00      543.00        0.00
     0     8     1694.00      549.00        0.00
     0     8     1694.00      555.00        0.00
     0     8     1690.00      559.00        0.00
     0     8     1686.00      565.00        0.00
     0     8     1684.00      571.00        0.00
     0     8     1678.00      575.00        0.00
     0     8     1672.00      579.00        0.00
     0     8     1666.00      579.00        0.00
     0     8     1660.00      577.00        0.00
     0     8     1658.00      571.00        0.00
     0     8     1656.00      565.00        0.00
     0     8     1654.00      559.00        0.00
     0     8     1654.00      553.00        0.00
     0     8     1654.00      547.00        0.00
     0     8     1652.00      541.00        0.00
     0     8     1652.00      533.00        0.00
     0     8     1652.00      527.00        0.00
     0     8     1652.00      521.00        0.00
     0     8     1652.00      513.00        0.00
     0     8     1652.00      507.00        0.00
     0     8     1652.00      501.00        0.00
     0     8     1652.00      493.00        0.00
     0     8     1652.00      485.00        0.00
     0     8     1652.00      479.00        0.00
     0     8     1652.00      471.00        0.00
     0     8     1652.00      465.00        0.00
     0     8     1650.00      459.00        0.00
     0     8     1650.00      453.00        0.00
     0     8     1650.00      447.00        0.00
     0     8     1648.00      441.00        0.00
     0     8     1646.00      435.00        0.00
     0     8     1642.00      429.00        0.00
     0     8     1638.00      423.00        0.00
     0     8     1636.00      417.00        0.00
     0     8     1632.00      411.00        0.00
     0     8     1628.00      405.00        0.00
     0     8     1624.00      399.00        0.00
     0     8     1622.00      393.00        0.00
     0     8     1618.00      389.00        0.00
     0     8     1614.00      383.00        0.00
     0     8     1610.00      375.00        0.00
     0     8     1608.00      369.00        0.00
     0     8     1604.00      361.00        0.00
     0     8     1600.00      353.00        0.00
     0     8     1598.00      347.00        0.00
     0     8     1596.00      341.00        0.00
     0     8     1594.00      335.00        0.00
     0     8     1590.00      329.00        0.00
     0     8     1586.00      323.00        0.00
     0     8     1582.00      319.00        0.00
     0     8     1578.00      315.00        0.00
     0     8     1572.00      311.00        0.00
