     0     0      812.00     1019.00        0.00
     0     0      814.00     1027.00        0.00
     0     0      818.00     1033.00        0.00
     0     0      822.00     1037.00        0.00
     0     0      826.00     1041.00        0.00
     0     0      830.00     1045.00        0.00
     0     0      834.00     1049.00        0.00
     0     0      838.00     1055.00        0.00
     0     0      842.00     1061.00        0.00
     0     0      846.00     1067.00        0.00
     0     0      852.00     1073.00        0.00
     0     0      856.00     1079.00        0.00
     0     0      860.00     1085.00        0.00
     0     0      864.00     1089.00        0.00
     0     0      870.00     1095.00        0.00
     0     0      876.00     1099.00        0.00
     0     0      882.00     1105.00        0.00
     0     0      888.00     1109.00        0.00
     0     0      894.00     1113.00        0.00
     0     0      898.00     1117.00        0.00
     0     0      904.00     1121.00        0.00
     0     0      910.00     1123.00        0.00
     0     0      916.00     1129.00        0.00
     0     0      922.00     1133.00        0.00
     0     0      930.00     1137.00        0.00
     0     0      938.00     1143.00        0.00
     0     0      944.00     1145.00        0.00
     0     0      950.00     1149.00        0.00
     0     0      956.00     1151.00        0.00
     0     0      962.00     1153.00        0.00
     0     0      972.00     1157.00        0.00
     0     0      980.00     1159.00        0.00
     0     0      986.00     1161.00        0.00
     0     0      994.00     1163.00        0.00
     0     0     1006.00     1165.00        0.00
     0     0     1012.00     1167.00        0.00
     0     0     1020.00     1169.00        0.00
     0     0     1030.00     1171.00        0.00
     0     0     1036.00     1173.00        0.00
     0     0     1044.00     1175.00        0.00
     0     0     1054.00     1177.00        0.00
     0     0     1064.00     1179.00        0.00
     0     0     1070.00     1179.00        0.00
     0     0     1080.00     1181.00        0.00
     0     0     1088.00     1183.00        0.00
     0     0     1096.00     1183.00        0.00
     0     0     1102.00     1183.00        0.00
     0     0     1112.00     1185.00        0.00
     0     0     1118.00     1185.00        0.00
     0     0     1126.00     1185.00        0.00
     0     0     1132.00     1185.00        0.00
     0     0     1138.00     1185.00        0.00
     0     0     1144.00     1185.00        0.00
     0     0     1150.00     1185.00        0.00
     0     0     1158.00     1185.00        0.00
     0     0     1164.00     1185.00        0.00
     0     0     1170.00     1185.00        0.00
     0     0     1176.00     1187.00        0.00
     0     0     1184.00     1189.00        0.00
     0     0     1190.00     1191.00        0.00
     0     0     1196.00     1191.00        0.00
     0     0     1200.00     1195.00        0.00
     0     0     1204.00     1199.00        0.00
     0     0     1208.00     1203.00        0.00
     0     0     1212.00     1209.00        0.00
     0     0     1216.00     1217.00        0.00
     0     0     1218.00     1223.00        0.00
     0     0     1220.00     1229.00        0.00
     0     0     1222.00     1237.00        0.00
     0     0     1222.00     1243.00        0.00
     0     0     1222.00     1249.00        0.00
     0     0     1222.00     1255.00        0.00
     0     0     1218.00     1261.00        0.00
     0     0     1214.00     1265.00        0.00
     0     0     1208.00     1269.00        0.00
     0     0     1202.00     1271.00        0.00
     0     0     1194.00     1275.00        0.00
     0     0     1186.00     1279.00        0.00
     0     0     1178.00     1281.00        0.00
     0     0     1168.00     1283.00        0.00
     0     0     1162.00     1285.00        0.00
     0     0     1154.00     1289.00        0.00
     0     0     1146.00     1289.00        0.00
     0     0     1138.00     1291.00        0.00
     0     0     1132.00     1293.00        0.00
     0     0     1122.00     1295.00        0.00
     0     0     1114.00     1297.00        0.00
     0     0     1102.00     1299.00        0.00
     0     0     1096.00     1301.00        0.00
     0     0     1088.00     1301.00        0.00
     0     0     1082.00     1301.00        0.00
     0     0     1074.00     1301.00        0.00
     0     0     1066.00     1301.00        0.00
     0     0     1058.00     1301.00        0.00
     0     0     1052.00     1299.00        0.00
     0     0     1046.00     1297.00        0.00
     0     0     1038.00     1293.00        0.00
     0     0     1030.00     1289.00        0.00
     0     0     1020.00     1285.00        0.00
     0     0     1010.00     1283.00        0.00
     0     0     1002.00     1281.00        0.00
     0     0      994.00     1277.00        0.00
     0     0      986.00     1273.00        0.00
     0     0      978.00     1269.00        0.00
     0     0      970.00     1263.00        0.00
     0     0      962.00     1259.00        0.00
     0     0      956.00     1257.00        0.00
     0     0      950.00     1251.00        0.00
     0     0      944.00     1243.00        0.00
     0     0      938.00     1235.00        0.00
     0     0      932.00     1225.00        0.00
     0     0      930.00     1217.00        0.00
     0     0      924.00     1209.00        0.00
     0     0      918.00     1201.00        0.00
     0     0      914.00     1193.00        0.00
     0     0      910.00     1187.00        0.00
     0     0      906.00     1181.00        0.00
     0     0      902.00     1177.00        0.00
     0     0      898.00     1173.00        0.00
     0     0      892.00     1167.00        0.00
     0     0      888.00     1161.00        0.00
     0     0      882.00     1155.00        0.00
     0     0      874.00     1149.00        0.00
     0     0      868.00     1145.00        0.00
     0     0      862.00     1139.00        0.00
     0     0      852.00     1133.00        0.00
     0     0      842.00     1127.00        0.00
     0     0      832.00     1123.00        0.00
     0     0      822.00     1119.00        0.00
     0     0      814.00     1117.00        0.00
     0     0      806.00     1113.00        0.00
     0     0      800.00     1111.00        0.00
     0     0      792.00     1107.00        0.00
     0     0      784.00     1105.00        0.00
     0     0      776.00     1103.00        0.00
     0     0      770.00     1101.00        0.00
     0     0      764.00     1099.00        0.00
     0     0      756.00     1095.00        0.00
     0     0      750.00     1091.00        0.00
     0     0      742.00     1085.00        0.00
     0     0      738.00     1079.00        0.00
     0     0      734.00     1071.00        0.00
     0     0      730.00     1061.00        0.00
     0     0      728.00     1055.00        0.00
     0     0      726.00     1047.00        0.00
     0     0      726.00     1041.00        0.00
     0     0      724.00     1035.00        0.00
     0     0      724.00     1029.00        0.00
     0     0      722.00     1023.00        0.00
     0     0      722.00     1017.00        0.00
     0     0      728.00     1009.00        0.00
     0     0      732.00     1005.00        0.00
     0     0      780.00     1007.00        0.00
     0     1      408.00      803.00        0.00
     0     1      390.00      797.00        0.00
     0     1      384.00      795.00        0.00
     0     1      378.00      791.00        0.00
     0     1      374.00      787.00        0.00
     0     1      370.00      783.00        0.00
     0     1      364.00      779.00        0.00
     0     1      362.00      773.00        0.00
     0     1      360.00      767.00        0.00
     0     1      358.00      761.00        0.00
     0     1      358.00      753.00        0.00
     0     1      358.00      747.00        0.00
     0     1      358.00      741.00        0.00
     0     1      360.00      735.00        0.00
     0     1      364.00      727.00        0.00
     0     1      368.00      721.00        0.00
     0     1      372.00      715.00        0.00
     0     1      376.00      711.00        0.00
     0     1      382.00      705.00        0.00
     0     1      386.00      701.00        0.00
     0     1      390.00      697.00        0.00
     0     1      394.00      691.00        0.00
     0     1      400.00      687.00        0.00
     0     1      406.00      685.00        0.00
     0     1      414.00      683.00        0.00
     0     1      422.00      681.00        0.00
     0     1      428.00      679.00        0.00
     0     1      434.00      679.00        0.00
     0     1      440.00      679.00        0.00
     0     1      446.00      679.00        0.00
     0     1      452.00      679.00        0.00
     0     1      462.00      679.00        0.00
     0     1      468.00      679.00        0.00
     0     1      476.00      679.00        0.00
     0     1      482.00      679.00        0.00
     0     1      490.00      681.00        0.00
     0     1      498.00      683.00        0.00
     0     1      508.00      685.00        0.00
     0     1      516.00      685.00        0.00
     0     1      524.00      687.00        0.00
     0     1      530.00      687.00        0.00
     0     1      540.00      687.00        0.00
     0     1      548.00      689.00        0.00
     0     1      556.00      689.00        0.00
     0     1      564.00      689.00        0.00
     0     1      572.00      689.00        0.00
     0     1      578.00      689.00        0.00
     0     1      584.00      689.00        0.00
     0     1      594.00      685.00        0.00
     0     1      602.00      681.00        0.00
     0     1      608.00      679.00        0.00
     0     1      614.00      677.00        0.00
     0     1      624.00      673.00        0.00
     0     1      630.00      671.00        0.00
     0     1      638.00      669.00        0.00
     0     1      644.00      667.00        0.00
     0     1      652.00      661.00        0.00
     0     1      662.00      657.00        0.00
     0     1      668.00      655.00        0.00
     0     1      678.00      651.00        0.00
     0     1      688.00      647.00        0.00
     0     1      698.00      643.00        0.00
     0     1      704.00      639.00        0.00
     0     1      716.00      635.00        0.00
     0     1      724.00      629.00        0.00
     0     1      730.00      625.00        0.00
     0     1      738.00      621.00        0.00
     0     1      744.00      615.00        0.00
     0     1      752.00      609.00        0.00
     0     1      762.00      601.00        0.00
     0     1      770.00      595.00        0.00
     0     1      780.00      589.00        0.00
     0     1      790.00      583.00        0.00
     0     1      798.00      579.00        0.00
     0     1      804.00      573.00        0.00
     0     1      810.00      569.00        0.00
     0     1      816.00      565.00        0.00
     0     1      820.00      561.00        0.00
     0     1      824.00      557.00        0.00
     0     1      830.00      553.00        0.00
     0     1      834.00      547.00        0.00
     0     1      838.00      541.00        0.00
     0     1      842.00      537.00        0.00
     0     1      848.00      529.00        0.00
     0     1      856.00      521.00        0.00
     0     1      860.00      517.00        0.00
     0     1      866.00      515.00        0.00
     0     1      868.00      521.00        0.00
     0     1      868.00      527.00        0.00
     0     1      864.00      533.00        0.00
     0     1      862.00      543.00        0.00
     0     1      860.00      549.00        0.00
     0     1      858.00      555.00        0.00
     0     1      856.00      561.00        0.00
     0     1      852.00      569.00        0.00
     0     1      848.00      575.00        0.00
     0     1      844.00      581.00        0.00
     0     1      838.00      587.00        0.00
     0     1      834.00      593.00        0.00
     0     1      826.00      599.00        0.00
     0     1      822.00      603.00        0.00
     0     1      816.00      607.00        0.00
     0     1      810.00      611.00        0.00
     0     1      806.00      615.00        0.00
     0     1      798.00      619.00        0.00
     0     1      790.00      623.00        0.00
     0     1      782.00      625.00        0.00
     0     1      774.00      631.00        0.00
     0     1      766.00      633.00        0.00
     0     1      762.00      639.00        0.00
     0     1      756.00      643.00        0.00
     0     1      750.00      649.00        0.00
     0     1      742.00      655.00        0.00
     0     1      738.00      659.00        0.00
     0     1      732.00      663.00        0.00
     0     1      726.00      669.00        0.00
     0     1      724.00      675.00        0.00
     0     1      720.00      681.00        0.00
     0     1      716.00      685.00        0.00
     0     1      710.00      691.00        0.00
     0     1      706.00      699.00        0.00
     0     1      702.00      705.00        0.00
     0     1      698.00      711.00        0.00
     0     1      694.00      717.00        0.00
     0     1      688.00      723.00        0.00
     0     1      682.00      729.00        0.00
     0     1      678.00      735.00        0.00
     0     1      674.00      739.00        0.00
     0     1      670.00      745.00        0.00
     0     1      668.00      751.00        0.00
     0     1      664.00      755.00        0.00
     0     1      660.00      761.00        0.00
     0     1      656.00      765.00        0.00
     0     1      652.00      771.00        0.00
     0     1      650.00      777.00        0.00
     0     1      648.00      783.00        0.00
     0     1      644.00      787.00        0.00
     0     1      640.00      795.00        0.00
     0     1      636.00      799.00        0.00
     0     1      632.00      805.00        0.00
     0     1      628.00      809.00        0.00
     0     1      624.00      815.00        0.00
     0     1      620.00      819.00        0.00
     0     1      614.00      827.00        0.00
     0     1      612.00      833.00        0.00
     0     1      608.00      839.00        0.00
     0     1      604.00      847.00        0.00
     0     1      600.00      851.00        0.00
     0     1      598.00      857.00        0.00
     0     1      594.00      863.00        0.00
     0     1      590.00      869.00        0.00
     0     1      588.00      875.00        0.00
     0     1      586.00      881.00        0.00
     0     1      584.00      887.00        0.00
     0     1      582.00      895.00        0.00
     0     1      580.00      901.00        0.00
     0     1      578.00      909.00        0.00
     0     1      576.00      915.00        0.00
     0     1      574.00      921.00        0.00
     0     1      572.00      927.00        0.00
     0     1      570.00      933.00        0.00
     0     1      568.00      927.00        0.00
     0     1      568.00      917.00        0.00
     0     1      566.00      911.00        0.00
     0     1      566.00      903.00        0.00
     0     1      566.00      895.00        0.00
     0     1      566.00      889.00        0.00
     0     1      566.00      881.00        0.00
     0     1      566.00      871.00        0.00
     0     1      564.00      865.00        0.00
     0     1      562.00      859.00        0.00
     0     1      560.00      851.00        0.00
     0     1      558.00      845.00        0.00
     0     1      556.00      839.00        0.00
     0     1      554.00      833.00        0.00
     0     1      550.00      829.00        0.00
     0     1      546.00      825.00        0.00
     0     1      542.00      819.00        0.00
     0     1      538.00      815.00        0.00
     0     1      532.00      813.00        0.00
     0     1      526.00      811.00        0.00
     0     1      520.00      811.00        0.00
     0     1      514.00      811.00        0.00
     0     1      506.00      811.00        0.00
     0     1      500.00      811.00        0.00
     0     1      494.00      813.00        0.00
     0     1      488.00      815.00        0.00
     0     1      480.00      819.00        0.00
     0     1      474.00      821.00        0.00
     0     1      468.00      821.00        0.00
     0     1      460.00      821.00        0.00
     0     2      338.00      659.00        0.00
     0     2      316.00      657.00        0.00
     0     2      310.00      655.00        0.00
     0     2      300.00      653.00        0.00
     0     2      292.00      651.00        0.00
     0     2      286.00      649.00        0.00
     0     2      280.00      647.00        0.00
     0     2      274.00      645.00        0.00
     0     2      268.00      641.00        0.00
     0     2      262.00      637.00        0.00
     0     2      260.00      631.00        0.00
     0     2      260.00      625.00        0.00
     0     2      260.00      619.00        0.00
     0     2      266.00      615.00        0.00
     0     2      272.00      611.00        0.00
     0     2      278.00      609.00        0.00
     0     2      286.00      607.00        0.00
     0     2      292.00      605.00        0.00
     0     2      298.00      603.00        0.00
     0     2      304.00      601.00        0.00
     0     2      310.00      601.00        0.00
     0     2      316.00      601.00        0.00
     0     2      322.00      599.00        0.00
     0     2      328.00      599.00        0.00
     0     2      334.00      597.00        0.00
     0     2      340.00      597.00        0.00
     0     2      346.00      597.00        0.00
     0     2      352.00      599.00        0.00
     0     2      358.00      599.00        0.00
     0     2      364.00      601.00        0.00
     0     2      370.00      603.00        0.00
     0     2      376.00      605.00        0.00
     0     2      382.00      605.00        0.00
     0     2      388.00      605.00        0.00
     0     2      394.00      605.00        0.00
     0     2      400.00      603.00        0.00
     0     2      406.00      601.00        0.00
     0     2      412.00      601.00        0.00
     0     2      418.00      599.00        0.00
     0     2      424.00      599.00        0.00
     0     2      430.00      597.00        0.00
     0     2      436.00      595.00        0.00
     0     2      442.00      595.00        0.00
     0     2      448.00      593.00        0.00
     0     2      454.00      593.00        0.00
     0     2      460.00      591.00        0.00
     0     2      466.00      589.00        0.00
     0     2      474.00      589.00        0.00
     0     2      482.00      591.00        0.00
     0     2      490.00      593.00        0.00
     0     2      496.00      595.00        0.00
     0     2      502.00      597.00        0.00
     0     2      510.00      599.00        0.00
     0     2      516.00      601.00        0.00
     0     2      522.00      603.00        0.00
     0     2      528.00      603.00        0.00
     0     2      534.00      605.00        0.00
     0     2      542.00      607.00        0.00
     0     2      550.00      607.00        0.00
     0     2      556.00      607.00        0.00
     0     2      562.00      607.00        0.00
     0     2      570.00      607.00        0.00
     0     2      578.00      609.00        0.00
     0     2      586.00      609.00        0.00
     0     2      592.00      609.00        0.00
     0     2      598.00      609.00        0.00
     0     2      604.00      607.00        0.00
     0     2      610.00      607.00        0.00
     0     2      616.00      607.00        0.00
     0     2      622.00      605.00        0.00
     0     2      630.00      603.00        0.00
     0     2      636.00      601.00        0.00
     0     2      644.00      601.00        0.00
     0     2      650.00      599.00        0.00
     0     2      656.00      599.00        0.00
     0     2      652.00      603.00        0.00
     0     2      646.00      605.00        0.00
     0     2      638.00      609.00        0.00
     0     2      630.00      613.00        0.00
     0     2      624.00      617.00        0.00
     0     2      616.00      621.00        0.00
     0     2      610.00      625.00        0.00
     0     2      604.00      627.00        0.00
     0     2      598.00      631.00        0.00
     0     2      592.00      633.00        0.00
     0     2      588.00      639.00        0.00
     0     2      584.00      645.00        0.00
     0     2      580.00      651.00        0.00
     0     2      580.00      657.00        0.00
     0     2      578.00      663.00        0.00
     0     2      576.00      669.00        0.00
     0     2      574.00      675.00        0.00
     0     2      574.00      681.00        0.00
     0     2      572.00      687.00        0.00
     0     2      572.00      695.00        0.00
     0     2      572.00      701.00        0.00
     0     2      572.00      707.00        0.00
     0     2      572.00      717.00        0.00
     0     2      572.00      725.00        0.00
     0     2      574.00      733.00        0.00
     0     2      576.00      741.00        0.00
     0     2      576.00      747.00        0.00
     0     2      578.00      753.00        0.00
     0     2      578.00      759.00        0.00
     0     2      580.00      765.00        0.00
     0     2      582.00      771.00        0.00
     0     2      584.00      779.00        0.00
     0     2      584.00      787.00        0.00
     0     2      584.00      793.00        0.00
     0     2      584.00      799.00        0.00
     0     2      584.00      805.00        0.00
     0     2      584.00      813.00        0.00
     0     2      584.00      819.00        0.00
     0     2      584.00      827.00        0.00
     0     2      582.00      833.00        0.00
     0     2      582.00      841.00        0.00
     0     2      582.00      847.00        0.00
     0     2      582.00      853.00        0.00
     0     2      580.00      859.00        0.00
     0     2      580.00      869.00        0.00
     0     2      580.00      879.00        0.00
     0     2      580.00      885.00        0.00
     0     2      580.00      891.00        0.00
     0     2      578.00      883.00        0.00
     0     2      578.00      875.00        0.00
     0     2      578.00      865.00        0.00
     0     2      578.00      857.00        0.00
     0     2      578.00      845.00        0.00
     0     2      578.00      837.00        0.00
     0     2      576.00      831.00        0.00
     0     2      576.00      821.00        0.00
     0     2      576.00      813.00        0.00
     0     2      576.00      807.00        0.00
     0     2      574.00      801.00        0.00
     0     2      572.00      793.00        0.00
     0     2      572.00      787.00        0.00
     0     2      570.00      781.00        0.00
     0     2      568.00      773.00        0.00
     0     2      566.00      765.00        0.00
     0     2      562.00      757.00        0.00
     0     2      560.00      751.00        0.00
     0     2      558.00      745.00        0.00
     0     2      554.00      739.00        0.00
     0     2      552.00      731.00        0.00
     0     2      550.00      725.00        0.00
     0     2      546.00      719.00        0.00
     0     2      544.00      713.00        0.00
     0     2      542.00      705.00        0.00
     0     2      538.00      699.00        0.00
     0     2      536.00      691.00        0.00
     0     2      534.00      685.00        0.00
     0     2      532.00      679.00        0.00
     0     2      530.00      673.00        0.00
     0     2      526.00      669.00        0.00
     0     2      522.00      665.00        0.00
     0     2      518.00      661.00        0.00
     0     2      512.00      659.00        0.00
     0     2      506.00      659.00        0.00
     0     2      500.00      659.00        0.00
     0     2      492.00      659.00        0.00
     0     2      486.00      659.00        0.00
     0     2      478.00      659.00        0.00
     0     2      470.00      659.00        0.00
     0     2      462.00      659.00        0.00
     0     2      456.00      659.00        0.00
     0     2      448.00      659.00        0.00
     0     2      442.00      657.00        0.00
     0     2      436.00      655.00        0.00
     0     2      430.00      655.00        0.00
     0     2      424.00      655.00        0.00
     0     3      590.00      475.00        0.00
     0     3      578.00      485.00        0.00
     0     3      574.00      491.00        0.00
     0     3      568.00      495.00        0.00
     0     3      562.00      497.00        0.00
     0     3      554.00      501.00        0.00
     0     3      546.00      505.00        0.00
     0     3      540.00      507.00        0.00
     0     3      534.00      509.00        0.00
     0     3      526.00      511.00        0.00
     0     3      520.00      513.00        0.00
     0     3      510.00      517.00        0.00
     0     3      504.00      519.00        0.00
     0     3      498.00      521.00        0.00
     0     3      490.00      525.00        0.00
     0     3      484.00      527.00        0.00
     0     3      478.00      531.00        0.00
     0     3      472.00      535.00        0.00
     0     3      468.00      539.00        0.00
     0     3      462.00      543.00        0.00
     0     3      456.00      545.00        0.00
     0     3      450.00      547.00        0.00
     0     3      442.00      549.00        0.00
     0     3      436.00      551.00        0.00
     0     3      430.00      551.00        0.00
     0     3      422.00      551.00        0.00
     0     3      416.00      551.00        0.00
     0     3      410.00      551.00        0.00
     0     3      410.00      545.00        0.00
     0     3      414.00      539.00        0.00
     0     3      418.00      535.00        0.00
     0     3      424.00      533.00        0.00
     0     3      430.00      529.00        0.00
     0     3      434.00      525.00        0.00
     0     3      438.00      519.00        0.00
     0     3      442.00      515.00        0.00
     0     3      446.00      511.00        0.00
     0     3      450.00      507.00        0.00
     0     3      454.00      501.00        0.00
     0     3      458.00      497.00        0.00
     0     3      462.00      493.00        0.00
     0     3      466.00      489.00        0.00
     0     3      470.00      485.00        0.00
     0     3      474.00      481.00        0.00
     0     3      480.00      479.00        0.00
     0     3      486.00      475.00        0.00
     0     3      490.00      471.00        0.00
     0     3      494.00      467.00        0.00
     0     3      498.00      463.00        0.00
     0     3      502.00      459.00        0.00
     0     3      506.00      453.00        0.00
     0     3      510.00      449.00        0.00
     0     3      516.00      445.00        0.00
     0     3      522.00      441.00        0.00
     0     3      528.00      439.00        0.00
     0     3      534.00      435.00        0.00
     0     3      540.00      435.00        0.00
     0     3      546.00      433.00        0.00
     0     3      552.00      431.00        0.00
     0     3      558.00      429.00        0.00
     0     3      564.00      427.00        0.00
     0     3      570.00      425.00        0.00
     0     3      576.00      425.00        0.00
     0     3      582.00      423.00        0.00
     0     3      588.00      421.00        0.00
     0     3      594.00      421.00        0.00
     0     3      600.00      421.00        0.00
     0     3      606.00      421.00        0.00
     0     3      612.00      421.00        0.00
     0     3      654.00      361.00        0.00
     0     3      698.00      305.00        0.00
     0     3      744.00      239.00        0.00
     0     3      772.00      123.00        0.00
     0     3      794.00       59.00        0.00
     0     3      780.00      121.00        0.00
     0     3      760.00      207.00        0.00
     0     3      748.00      241.00        0.00
     0     3      674.00      363.00        0.00
     0     3      626.00      421.00        0.00
     0     4      376.00      485.00        0.00
     0     4      370.00      483.00        0.00
     0     4      364.00      479.00        0.00
     0     4      358.00      475.00        0.00
     0     4      352.00      471.00        0.00
     0     4      348.00      467.00        0.00
     0     4      344.00      463.00        0.00
     0     4      336.00      459.00        0.00
     0     4      332.00      455.00        0.00
     0     4      326.00      451.00        0.00
     0     4      320.00      447.00        0.00
     0     4      314.00      445.00        0.00
     0     4      310.00      441.00        0.00
     0     4      302.00      437.00        0.00
     0     4      298.00      433.00        0.00
     0     4      294.00      429.00        0.00
     0     4      288.00      425.00        0.00
     0     4      282.00      421.00        0.00
     0     4      278.00      417.00        0.00
     0     4      272.00      413.00        0.00
     0     4      268.00      409.00        0.00
     0     4      262.00      405.00        0.00
     0     4      252.00      401.00        0.00
     0     4      248.00      397.00        0.00
     0     4      242.00      393.00        0.00
     0     4      234.00      389.00        0.00
     0     4      230.00      385.00        0.00
     0     4      224.00      383.00        0.00
     0     4      218.00      379.00        0.00
     0     4      212.00      375.00        0.00
     0     4      206.00      373.00        0.00
     0     4      200.00      371.00        0.00
     0     4      194.00      367.00        0.00
     0     4      188.00      365.00        0.00
     0     4      182.00      361.00        0.00
     0     4      176.00      357.00        0.00
     0     4      168.00      355.00        0.00
     0     4      160.00      351.00        0.00
     0     4      154.00      349.00        0.00
     0     4      150.00      345.00        0.00
     0     4      142.00      341.00        0.00
     0     4      136.00      337.00        0.00
     0     4      128.00      333.00        0.00
     0     4      120.00      331.00        0.00
     0     4      114.00      327.00        0.00
     0     4      108.00      327.00        0.00
     0     4      102.00      325.00        0.00
     0     4       96.00      323.00        0.00
     0     4       90.00      321.00        0.00
     0     4       84.00      319.00        0.00
     0     4       76.00      317.00        0.00
     0     4       68.00      315.00        0.00
     0     4       62.00      315.00        0.00
     0     4       56.00      313.00        0.00
     0     4       48.00      311.00        0.00
     0     4       42.00      311.00        0.00
     0     4       34.00      311.00        0.00
     0     4       26.00      309.00        0.00
     0     4       20.00      309.00        0.00
     0     4       12.00      309.00        0.00
     0     4        6.00      307.00        0.00
     0     4        0.00      305.00        0.00
     0     4        2.00      299.00        0.00
     0     4        6.00      289.00        0.00
     0     4       10.00      283.00        0.00
     0     4       12.00      277.00        0.00
     0     4       16.00      271.00        0.00
     0     4       20.00      265.00        0.00
     0     4       24.00      257.00        0.00
     0     4       26.00      251.00        0.00
     0     4       28.00      243.00        0.00
     0     4       32.00      237.00        0.00
     0     4       36.00      229.00        0.00
     0     4       38.00      223.00        0.00
     0     4       40.00      217.00        0.00
     0     4       42.00      211.00        0.00
     0     4       44.00      203.00        0.00
     0     4       46.00      197.00        0.00
     0     4       50.00      189.00        0.00
     0     4       54.00      183.00        0.00
     0     4       58.00      177.00        0.00
     0     4       62.00      173.00        0.00
     0     4       66.00      167.00        0.00
     0     4       70.00      163.00        0.00
     0     4       72.00      157.00        0.00
     0     4       74.00      151.00        0.00
     0     4       78.00      145.00        0.00
     0     4       82.00      139.00        0.00
     0     4       86.00      135.00        0.00
     0     4       90.00      131.00        0.00
     0     4       92.00      125.00        0.00
     0     4       96.00      121.00        0.00
     0     4      102.00      119.00        0.00
     0     4      108.00      119.00        0.00
     0     4      114.00      119.00        0.00
     0     4      118.00      123.00        0.00
     0     4      124.00      125.00        0.00
     0     4      130.00      127.00        0.00
     0     4      136.00      131.00        0.00
     0     4      142.00      133.00        0.00
     0     4      148.00      135.00        0.00
     0     4      154.00      139.00        0.00
     0     4      158.00      143.00        0.00
     0     4      162.00      147.00        0.00
     0     4      166.00      153.00        0.00
     0     4      166.00      159.00        0.00
     0     4      164.00      169.00        0.00
     0     4      160.00      177.00        0.00
     0     4      156.00      185.00        0.00
     0     4      150.00      193.00        0.00
     0     4      146.00      201.00        0.00
     0     4      144.00      209.00        0.00
     0     4      144.00      217.00        0.00
     0     4      144.00      223.00        0.00
     0     4      142.00      231.00        0.00
     0     4      142.00      239.00        0.00
     0     4      142.00      245.00        0.00
     0     4      140.00      253.00        0.00
     0     4      138.00      259.00        0.00
     0     4      138.00      265.00        0.00
     0     4      138.00      271.00        0.00
     0     4      140.00      277.00        0.00
     0     4      142.00      283.00        0.00
     0     4      144.00      289.00        0.00
     0     4      146.00      295.00        0.00
     0     4      148.00      301.00        0.00
     0     4      150.00      307.00        0.00
     0     4      150.00      313.00        0.00
     0     4      150.00      319.00        0.00
     0     4      152.00      325.00        0.00
     0     4      156.00      331.00        0.00
     0     4      156.00      337.00        0.00
     0     4      160.00      341.00        0.00
     0     4      162.00      347.00        0.00
     0     5     1472.00      693.00        0.00
     0     5     1466.00      701.00        0.00
     0     5     1458.00      707.00        0.00
     0     5     1452.00      709.00        0.00
     0     5     1444.00      711.00        0.00
     0     5     1438.00      711.00        0.00
     0     5     1432.00      711.00        0.00
     0     5     1424.00      705.00        0.00
     0     5     1418.00      701.00        0.00
     0     5     1414.00      697.00        0.00
     0     5     1410.00      693.00        0.00
     0     5     1406.00      689.00        0.00
     0     5     1402.00      681.00        0.00
     0     5     1400.00      673.00        0.00
     0     5     1400.00      667.00        0.00
     0     5     1398.00      661.00        0.00
     0     5     1398.00      653.00        0.00
     0     5     1398.00      647.00        0.00
     0     5     1398.00      639.00        0.00
     0     5     1396.00      633.00        0.00
     0     5     1396.00      625.00        0.00
     0     5     1396.00      617.00        0.00
     0     5     1396.00      611.00        0.00
     0     5     1394.00      605.00        0.00
     0     5     1390.00      597.00        0.00
     0     5     1386.00      587.00        0.00
     0     5     1382.00      581.00        0.00
     0     5     1378.00      573.00        0.00
     0     5     1374.00      569.00        0.00
     0     5     1370.00      563.00        0.00
     0     5     1366.00      559.00        0.00
     0     5     1360.00      555.00        0.00
     0     5     1354.00      551.00        0.00
     0     5     1348.00      551.00        0.00
     0     5     1340.00      557.00        0.00
     0     5     1334.00      561.00        0.00
     0     5     1326.00      569.00        0.00
     0     5     1322.00      573.00        0.00
     0     5     1318.00      577.00        0.00
     0     5     1314.00      583.00        0.00
     0     5     1312.00      591.00        0.00
     0     5     1312.00      597.00        0.00
     0     5     1312.00      605.00        0.00
     0     5     1312.00      613.00        0.00
     0     5     1310.00      619.00        0.00
     0     5     1308.00      627.00        0.00
     0     5     1306.00      633.00        0.00
     0     5     1300.00      639.00        0.00
     0     5     1296.00      645.00        0.00
     0     5     1294.00      651.00        0.00
     0     5     1288.00      655.00        0.00
     0     5     1282.00      657.00        0.00
     0     5     1274.00      659.00        0.00
     0     5     1266.00      659.00        0.00
     0     5     1260.00      659.00        0.00
     0     5     1254.00      657.00        0.00
     0     5     1250.00      653.00        0.00
     0     5     1248.00      645.00        0.00
     0     5     1244.00      637.00        0.00
     0     5     1244.00      625.00        0.00
     0     5     1242.00      619.00        0.00
     0     5     1242.00      613.00        0.00
     0     5     1246.00      605.00        0.00
     0     5     1250.00      597.00        0.00
     0     5     1254.00      587.00        0.00
     0     5     1260.00      581.00        0.00
     0     5     1264.00      573.00        0.00
     0     5     1270.00      569.00        0.00
     0     5     1274.00      561.00        0.00
     0     5     1278.00      555.00        0.00
     0     5     1284.00      545.00        0.00
     0     5     1288.00      539.00        0.00
     0     5     1290.00      533.00        0.00
     0     5     1294.00      523.00        0.00
     0     5     1296.00      515.00        0.00
     0     5     1298.00      505.00        0.00
     0     5     1300.00      493.00        0.00
     0     5     1304.00      483.00        0.00
     0     5     1304.00      475.00        0.00
     0     5     1306.00      461.00        0.00
     0     5     1308.00      453.00        0.00
     0     5     1310.00      445.00        0.00
     0     5     1310.00      437.00        0.00
     0     5     1312.00      431.00        0.00
     0     5     1314.00      425.00        0.00
     0     5     1314.00      417.00        0.00
     0     5     1316.00      409.00        0.00
     0     5     1316.00      401.00        0.00
     0     5     1316.00      395.00        0.00
     0     5     1316.00      389.00        0.00
     0     5     1316.00      381.00        0.00
     0     5     1312.00      369.00        0.00
     0     5     1308.00      361.00        0.00
     0     5     1304.00      349.00        0.00
     0     5     1300.00      339.00        0.00
     0     5     1296.00      327.00        0.00
     0     5     1292.00      319.00        0.00
     0     5     1286.00      311.00        0.00
     0     5     1278.00      301.00        0.00
     0     5     1274.00      295.00        0.00
     0     5     1266.00      285.00        0.00
     0     5     1260.00      277.00        0.00
     0     5     1252.00      271.00        0.00
     0     5     1244.00      263.00        0.00
     0     5     1236.00      257.00        0.00
     0     5     1226.00      251.00        0.00
     0     5     1216.00      245.00        0.00
     0     5     1206.00      237.00        0.00
     0     5     1198.00      233.00        0.00
     0     5     1188.00      227.00        0.00
     0     5     1178.00      221.00        0.00
     0     5     1168.00      213.00        0.00
     0     5     1158.00      207.00        0.00
     0     5     1148.00      201.00        0.00
     0     5     1142.00      197.00        0.00
     0     5     1138.00      193.00        0.00
     0     5     1128.00      187.00        0.00
     0     5     1122.00      181.00        0.00
     0     5     1116.00      175.00        0.00
     0     5     1110.00      167.00        0.00
     0     5     1104.00      163.00        0.00
     0     5     1100.00      157.00        0.00
     0     5     1096.00      151.00        0.00
     0     5     1094.00      145.00        0.00
     0     5     1092.00      137.00        0.00
     0     5     1092.00      131.00        0.00
     0     5     1092.00      123.00        0.00
     0     5     1094.00      115.00        0.00
     0     5     1098.00      107.00        0.00
     0     5     1102.00      103.00        0.00
     0     5     1104.00       97.00        0.00
     0     5     1108.00       93.00        0.00
     0     5     1110.00       87.00        0.00
     0     5     1114.00       81.00        0.00
     0     5     1118.00       77.00        0.00
     0     5     1126.00       73.00        0.00
     0     5     1132.00       69.00        0.00
     0     5     1138.00       67.00        0.00
     0     5     1142.00       63.00        0.00
     0     5     1148.00       61.00        0.00
     0     5     1154.00       59.00        0.00
     0     5     1162.00       59.00        0.00
     0     5     1170.00       59.00        0.00
     0     5     1182.00       57.00        0.00
     0     5     1192.00       57.00        0.00
     0     5     1202.00       59.00        0.00
     0     5     1212.00       63.00        0.00
     0     5     1226.00       65.00        0.00
     0     5     1234.00       67.00        0.00
     0     5     1240.00       69.00        0.00
     0     5     1248.00       75.00        0.00
     0     5     1254.00       79.00        0.00
     0     5     1262.00       87.00        0.00
     0     5     1270.00       91.00        0.00
     0     5     1278.00       95.00        0.00
     0     5     1286.00      101.00        0.00
     0     5     1292.00      105.00        0.00
     0     5     1296.00      109.00        0.00
     0     5     1302.00      113.00        0.00
     0     5     1306.00      119.00        0.00
     0     5     1308.00      125.00        0.00
     0     5     1310.00      131.00        0.00
     0     5     1312.00      139.00        0.00
     0     5     1314.00      147.00        0.00
     0     5     1314.00      155.00        0.00
     0     5     1314.00      163.00        0.00
     0     5     1314.00      171.00        0.00
     0     5     1314.00      179.00        0.00
     0     5     1316.00      189.00        0.00
     0     5     1318.00      201.00        0.00
     0     5     1318.00      207.00        0.00
     0     5     1320.00      217.00        0.00
     0     5     1322.00      227.00        0.00
     0     5     1326.00      237.00        0.00
     0     5     1330.00      243.00        0.00
     0     5     1334.00      249.00        0.00
     0     5     1340.00      257.00        0.00
     0     5     1346.00      263.00        0.00
     0     5     1352.00      271.00        0.00
     0     5     1358.00      277.00        0.00
     0     5     1362.00      283.00        0.00
     0     5     1370.00      289.00        0.00
     0     5     1376.00      297.00        0.00
     0     5     1380.00      303.00        0.00
     0     5     1384.00      309.00        0.00
     0     5     1390.00      317.00        0.00
     0     5     1394.00      323.00        0.00
     0     5     1398.00      327.00        0.00
     0     5     1402.00      335.00        0.00
     0     5     1408.00      343.00        0.00
     0     5     1412.00      351.00        0.00
     0     5     1414.00      357.00        0.00
     0     5     1418.00      365.00        0.00
     0     5     1420.00      373.00        0.00
     0     5     1422.00      379.00        0.00
     0     5     1424.00      385.00        0.00
     0     5     1426.00      395.00        0.00
     0     5     1426.00      403.00        0.00
     0     5     1430.00      413.00        0.00
     0     5     1432.00      427.00        0.00
     0     5     1436.00      435.00        0.00
     0     5     1438.00      445.00        0.00
     0     5     1440.00      455.00        0.00
     0     5     1442.00      465.00        0.00
     0     5     1444.00      473.00        0.00
     0     5     1448.00      487.00        0.00
     0     5     1450.00      497.00        0.00
     0     5     1450.00      511.00        0.00
     0     5     1452.00      525.00        0.00
     0     5     1454.00      533.00        0.00
     0     5     1458.00      545.00        0.00
     0     5     1460.00      555.00        0.00
     0     5     1462.00      561.00        0.00
     0     5     1464.00      569.00        0.00
     0     5     1466.00      577.00        0.00
     0     5     1470.00      581.00        0.00
     0     5     1472.00      587.00        0.00
     0     5     1476.00      593.00        0.00
     0     5     1480.00      599.00        0.00
     0     5     1484.00      607.00        0.00
     0     5     1486.00      613.00        0.00
     0     5     1490.00      619.00        0.00
     0     5     1492.00      625.00        0.00
     0     5     1494.00      633.00        0.00
     0     5     1498.00      637.00        0.00
     0     5     1500.00      643.00        0.00
     0     6     1582.00      563.00        0.00
     0     6     1570.00      581.00        0.00
     0     6     1566.00      587.00        0.00
     0     6     1562.00      595.00        0.00
     0     6     1558.00      603.00        0.00
     0     6     1556.00      609.00        0.00
     0     6     1554.00      615.00        0.00
     0     6     1552.00      623.00        0.00
     0     6     1550.00      631.00        0.00
     0     6     1550.00      641.00        0.00
     0     6     1548.00      649.00        0.00
     0     6     1548.00      657.00        0.00
     0     6     1548.00      663.00        0.00
     0     6     1548.00      671.00        0.00
     0     6     1548.00      681.00        0.00
     0     6     1548.00      689.00        0.00
     0     6     1550.00      697.00        0.00
     0     6     1550.00      703.00        0.00
     0     6     1550.00      711.00        0.00
     0     6     1552.00      717.00        0.00
     0     6     1554.00      723.00        0.00
     0     6     1556.00      729.00        0.00
     0     6     1562.00      733.00        0.00
     0     6     1568.00      735.00        0.00
     0     6     1574.00      735.00        0.00
     0     6     1580.00      737.00        0.00
     0     6     1586.00      741.00        0.00
     0     6     1594.00      745.00        0.00
     0     6     1598.00      749.00        0.00
     0     6     1606.00      753.00        0.00
     0     6     1612.00      757.00        0.00
     0     6     1618.00      765.00        0.00
     0     6     1622.00      769.00        0.00
     0     6     1626.00      773.00        0.00
     0     6     1630.00      779.00        0.00
     0     6     1630.00      785.00        0.00
     0     6     1622.00      789.00        0.00
     0     6     1616.00      791.00        0.00
     0     6     1608.00      795.00        0.00
     0     6     1602.00      797.00        0.00
     0     6     1596.00      801.00        0.00
     0     6     1588.00      803.00        0.00
     0     6     1582.00      803.00        0.00
     0     6     1574.00      807.00        0.00
     0     6     1566.00      811.00        0.00
     0     6     1558.00      817.00        0.00
     0     6     1550.00      825.00        0.00
     0     6     1542.00      829.00        0.00
     0     6     1536.00      837.00        0.00
     0     6     1530.00      843.00        0.00
     0     6     1526.00      847.00        0.00
     0     6     1522.00      851.00        0.00
     0     6     1518.00      857.00        0.00
     0     6     1514.00      865.00        0.00
     0     6     1508.00      873.00        0.00
     0     6     1502.00      879.00        0.00
     0     6     1496.00      891.00        0.00
     0     6     1490.00      897.00        0.00
     0     6     1486.00      907.00        0.00
     0     6     1482.00      913.00        0.00
     0     6     1476.00      923.00        0.00
     0     6     1470.00      929.00        0.00
     0     6     1466.00      935.00        0.00
     0     6     1458.00      941.00        0.00
     0     6     1452.00      943.00        0.00
     0     6     1446.00      947.00        0.00
     0     6     1440.00      949.00        0.00
     0     6     1434.00      953.00        0.00
     0     6     1428.00      955.00        0.00
     0     6     1420.00      957.00        0.00
     0     6     1414.00      957.00        0.00
     0     6     1408.00      953.00        0.00
     0     6     1406.00      947.00        0.00
     0     6     1402.00      935.00        0.00
     0     6     1400.00      917.00        0.00
     0     6     1400.00      903.00        0.00
     0     6     1400.00      889.00        0.00
     0     6     1400.00      875.00        0.00
     0     6     1402.00      863.00        0.00
     0     6     1402.00      853.00        0.00
     0     6     1400.00      843.00        0.00
     0     6     1398.00      835.00        0.00
     0     6     1394.00      825.00        0.00
     0     6     1390.00      821.00        0.00
     0     6     1384.00      817.00        0.00
     0     6     1378.00      813.00        0.00
     0     6     1372.00      809.00        0.00
     0     6     1366.00      803.00        0.00
     0     6     1358.00      797.00        0.00
     0     6     1352.00      793.00        0.00
     0     6     1346.00      789.00        0.00
     0     6     1338.00      783.00        0.00
     0     6     1332.00      779.00        0.00
     0     6     1326.00      773.00        0.00
     0     6     1322.00      769.00        0.00
     0     6     1318.00      763.00        0.00
     0     6     1326.00      759.00        0.00
     0     6     1334.00      759.00        0.00
     0     6     1344.00      757.00        0.00
     0     6     1356.00      757.00        0.00
     0     6     1362.00      757.00        0.00
     0     6     1370.00      755.00        0.00
     0     6     1378.00      755.00        0.00
     0     6     1384.00      755.00        0.00
     0     6     1394.00      755.00        0.00
     0     6     1402.00      755.00        0.00
     0     6     1408.00      753.00        0.00
     0     6     1416.00      753.00        0.00
     0     6     1422.00      753.00        0.00
     0     6     1430.00      751.00        0.00
     0     6     1436.00      751.00        0.00
     0     6     1442.00      749.00        0.00
     0     6     1448.00      747.00        0.00
     0     6     1458.00      745.00        0.00
     0     6     1464.00      745.00        0.00
     0     6     1470.00      743.00        0.00
     0     6     1476.00      743.00        0.00
     0     6     1482.00      741.00        0.00
     0     6     1488.00      741.00        0.00
     0     6     1494.00      739.00        0.00
     0     6     1500.00      739.00        0.00
     0     6     1506.00      737.00        0.00
     0     6     1512.00      737.00        0.00
     0     6     1518.00      735.00        0.00
     0     6     1524.00      733.00        0.00
     0     6     1530.00      729.00        0.00
     0     6     1536.00      727.00        0.00
     0     6     1540.00      723.00        0.00
     0     6     1544.00      719.00        0.00
     0     6     1550.00      679.00        0.00
     0     6     1552.00      635.00        0.00
     0     6     1560.00      601.00        0.00
     0     7     1580.00      141.00        0.00
     0     7     1592.00      147.00        0.00
     0     7     1596.00      153.00        0.00
     0     7     1600.00      157.00        0.00
     0     7     1606.00      163.00        0.00
     0     7     1610.00      169.00        0.00
     0     7     1614.00      177.00        0.00
     0     7     1618.00      183.00        0.00
     0     7     1620.00      189.00        0.00
     0     7     1624.00      195.00        0.00
     0     7     1626.00      203.00        0.00
     0     7     1628.00      209.00        0.00
     0     7     1630.00      215.00        0.00
     0     7     1634.00      221.00        0.00
     0     7     1638.00      225.00        0.00
     0     7     1640.00      231.00        0.00
     0     7     1644.00      235.00        0.00
     0     7     1648.00      239.00        0.00
     0     7     1652.00      243.00        0.00
     0     7     1656.00      247.00        0.00
     0     7     1658.00      253.00        0.00
     0     7     1662.00      257.00        0.00
     0     7     1664.00      263.00        0.00
     0     7     1668.00      267.00        0.00
     0     7     1668.00      273.00        0.00
     0     7     1670.00      279.00        0.00
     0     7     1672.00      285.00        0.00
     0     7     1674.00      291.00        0.00
     0     7     1676.00      297.00        0.00
     0     7     1680.00      303.00        0.00
     0     7     1684.00      307.00        0.00
     0     7     1692.00      311.00        0.00
     0     7     1700.00      313.00        0.00
     0     7     1708.00      313.00        0.00
     0     7     1716.00      315.00        0.00
     0     7     1722.00      315.00        0.00
     0     7     1730.00      315.00        0.00
     0     7     1740.00      313.00        0.00
     0     7     1746.00      313.00        0.00
     0     7     1752.00      313.00        0.00
     0     7     1758.00      311.00        0.00
     0     7     1766.00      309.00        0.00
     0     7     1772.00      307.00        0.00
     0     7     1780.00      305.00        0.00
     0     7     1786.00      303.00        0.00
     0     7     1794.00      301.00        0.00
     0     7     1800.00      299.00        0.00
     0     7     1806.00      297.00        0.00
     0     7     1814.00      295.00        0.00
     0     7     1820.00      295.00        0.00
     0     7     1826.00      295.00        0.00
     0     7     1832.00      297.00        0.00
     0     7     1838.00      301.00        0.00
     0     7     1838.00      307.00        0.00
     0     7     1838.00      313.00        0.00
     0     7     1834.00      321.00        0.00
     0     7     1830.00      329.00        0.00
     0     7     1824.00      335.00        0.00
     0     7     1820.00      341.00        0.00
     0     7     1812.00      349.00        0.00
     0     7     1808.00      357.00        0.00
     0     7     1800.00      363.00        0.00
     0     7     1794.00      369.00        0.00
     0     7     1786.00      377.00        0.00
     0     7     1778.00      385.00        0.00
     0     7     1776.00      391.00        0.00
     0     7     1772.00      397.00        0.00
     0     7     1768.00      405.00        0.00
     0     7     1766.00      413.00        0.00
     0     7     1762.00      421.00        0.00
     0     7     1756.00      431.00        0.00
     0     7     1752.00      437.00        0.00
     0     7     1744.00      447.00        0.00
     0     7     1738.00      453.00        0.00
     0     7     1734.00      457.00        0.00
     0     7     1728.00      465.00        0.00
     0     7     1722.00      471.00        0.00
     0     7     1718.00      477.00        0.00
     0     7     1714.00      485.00        0.00
     0     7     1708.00      493.00        0.00
     0     7     1704.00      503.00        0.00
     0     7     1698.00      513.00        0.00
     0     7     1690.00      525.00        0.00
     0     7     1688.00      531.00        0.00
     0     7     1684.00      535.00        0.00
     0     7     1676.00      545.00        0.00
     0     7     1670.00      553.00        0.00
     0     7     1668.00      559.00        0.00
     0     7     1664.00      565.00        0.00
     0     7     1658.00      571.00        0.00
     0     7     1656.00      563.00        0.00
     0     7     1656.00      557.00        0.00
     0     7     1656.00      547.00        0.00
     0     7     1656.00      539.00        0.00
     0     7     1658.00      525.00        0.00
     0     7     1658.00      513.00        0.00
     0     7     1660.00      505.00        0.00
     0     7     1660.00      495.00        0.00
     0     7     1662.00      483.00        0.00
     0     7     1662.00      475.00        0.00
     0     7     1662.00      467.00        0.00
     0     7     1662.00      459.00        0.00
     0     7     1660.00      453.00        0.00
     0     7     1658.00      445.00        0.00
     0     7     1654.00      441.00        0.00
     0     7     1652.00      435.00        0.00
     0     7     1650.00      429.00        0.00
     0     7     1646.00      425.00        0.00
     0     7     1644.00      419.00        0.00
     0     7     1640.00      415.00        0.00
     0     7     1636.00      411.00        0.00
     0     7     1632.00      405.00        0.00
     0     7     1626.00      401.00        0.00
     0     7     1622.00      395.00        0.00
     0     7     1618.00      389.00        0.00
     0     7     1616.00      383.00        0.00
     0     7     1612.00      379.00        0.00
     0     7     1608.00      373.00        0.00
     0     7     1604.00      365.00        0.00
     0     7     1600.00      361.00        0.00
     0     7     1596.00      355.00        0.00
     0     7     1594.00      349.00        0.00
     0     7     1592.00      343.00        0.00
     0     7     1588.00      337.00        0.00
     0     7     1582.00      331.00        0.00
     0     7     1576.00      327.00        0.00
     0     7     1572.00      323.00        0.00
     0     7     1566.00      317.00        0.00
     0     7     1558.00      313.00        0.00
     0     7     1554.00      309.00        0.00
     0     7     1550.00      305.00        0.00
     0     7     1544.00      299.00        0.00
     0     7     1540.00      295.00        0.00
     0     7     1534.00      291.00        0.00
     0     7     1528.00      285.00        0.00
     0     7     1520.00      279.00        0.00
     0     7     1516.00      275.00        0.00
     0     7     1510.00      271.00        0.00
     0     7     1506.00      265.00        0.00
     0     7     1502.00      257.00        0.00
     0     7     1500.00      251.00        0.00
     0     7     1498.00      245.00        0.00
     0     7     1496.00      239.00        0.00
     0     7     1496.00      233.00        0.00
     0     7     1498.00      227.00        0.00
     0     7     1502.00      223.00        0.00
     0     7     1508.00      219.00        0.00
     0     7     1512.00      215.00        0.00
     0     7     1518.00      211.00        0.00
     0     7     1524.00      207.00        0.00
     0     7     1530.00      205.00        0.00
     0     7     1536.00      205.00        0.00
     0     7     1542.00      203.00        0.00
     0     7     1548.00      199.00        0.00
     0     7     1552.00      193.00        0.00
     0     7     1556.00      185.00        0.00
     0     7     1558.00      179.00        0.00
     0     7     1560.00      173.00        0.00
     0     7     1562.00      167.00        0.00
     0     7     1564.00      161.00        0.00
     0     7     1568.00      157.00        0.00
     0     8     1454.00       95.00        0.00
     0     8     1462.00      105.00        0.00
     0     8     1466.00      111.00        0.00
     0     8     1472.00      117.00        0.00
     0     8     1474.00      123.00        0.00
     0     8     1478.00      127.00        0.00
     0     8     1482.00      131.00        0.00
     0     8     1484.00      137.00        0.00
     0     8     1486.00      143.00        0.00
     0     8     1488.00      151.00        0.00
     0     8     1488.00      157.00        0.00
     0     8     1488.00      165.00        0.00
     0     8     1484.00      175.00        0.00
     0     8     1480.00      185.00        0.00
     0     8     1476.00      191.00        0.00
     0     8     1472.00      199.00        0.00
     0     8     1470.00      209.00        0.00
     0     8     1466.00      217.00        0.00
     0     8     1462.00      223.00        0.00
     0     8     1456.00      229.00        0.00
     0     8     1450.00      237.00        0.00
     0     8     1446.00      243.00        0.00
     0     8     1444.00      251.00        0.00
     0     8     1440.00      257.00        0.00
     0     8     1436.00      265.00        0.00
     0     8     1434.00      271.00        0.00
     0     8     1430.00      277.00        0.00
     0     8     1428.00      283.00        0.00
     0     8     1426.00      289.00        0.00
     0     8     1422.00      297.00        0.00
     0     8     1420.00      303.00        0.00
     0     8     1418.00      309.00        0.00
     0     8     1414.00      315.00        0.00
     0     8     1410.00      321.00        0.00
     0     8     1404.00      321.00        0.00
     0     8     1398.00      317.00        0.00
     0     8     1390.00      309.00        0.00
     0     8     1386.00      303.00        0.00
     0     8     1380.00      299.00        0.00
     0     8     1374.00      295.00        0.00
     0     8     1368.00      291.00        0.00
     0     8     1358.00      285.00        0.00
     0     8     1354.00      281.00        0.00
     0     8     1346.00      277.00        0.00
     0     8     1340.00      273.00        0.00
     0     8     1336.00      267.00        0.00
     0     8     1330.00      263.00        0.00
     0     8     1324.00      255.00        0.00
     0     8     1318.00      245.00        0.00
     0     8     1316.00      239.00        0.00
     0     8     1312.00      229.00        0.00
     0     8     1310.00      221.00        0.00
     0     8     1310.00      211.00        0.00
     0     8     1310.00      201.00        0.00
     0     8     1310.00      189.00        0.00
     0     8     1310.00      181.00        0.00
     0     8     1310.00      173.00        0.00
     0     8     1312.00      163.00        0.00
     0     8     1312.00      157.00        0.00
     0     8     1312.00      149.00        0.00
     0     8     1312.00      143.00        0.00
     0     8     1314.00      137.00        0.00
     0     8     1314.00      129.00        0.00
     0     8     1314.00      123.00        0.00
     0     8     1316.00      117.00        0.00
     0     8     1316.00      111.00        0.00
     0     8     1320.00      107.00        0.00
     0     8     1324.00      101.00        0.00
     0     8     1330.00       97.00        0.00
     0     8     1334.00       93.00        0.00
     0     8     1340.00       89.00        0.00
     0     8     1344.00       85.00        0.00
     0     8     1352.00       83.00        0.00
     0     8     1358.00       81.00        0.00
     0     8     1362.00       77.00        0.00
     0     8     1368.00       75.00        0.00
     0     8     1374.00       73.00        0.00
     0     8     1380.00       71.00        0.00
     0     8     1388.00       67.00        0.00
     0     8     1394.00       67.00        0.00
     0     8     1400.00       65.00        0.00
     0     8     1406.00       65.00        0.00
     0     8     1412.00       63.00        0.00
     0     8     1418.00       63.00        0.00
     0     8     1424.00       61.00        0.00
     0     8     1430.00       59.00        0.00
